nearby_sites	ratio_lcluster	ratio_rcluster	longest_clip_len	ratio_low_MAPQ	clip_pos_std	TE_ins	lclip	rclip	cr_SVA	cns_SVA	ldisc_SVA	rdisc_SVA	dr_SVA	cns_std_l_polyA	cns_std_r_polyA
1	0.0	0.0	42	0.0	13.94	0	0.03759398496240601	0.0	0.0	0.5	0.0	0.0	0.0	0.018796992481203006	0.0
2	0.0	0.0	0	0.0	17.19	0	0.0	0.07363770250368189	0.0	0.0	0.0	0.0	0.0	0.0	0.0
3	0.0	0.0	37	0.0	15.24	0	0.024715768660405337	0.0	0.0	0.0	0.0	0.0	0.0	0.0	0.013164823591363877
6	0.0	0.0	27	0.0	12.48	0	0.033311125916055964	0.031826861871419476	0.0	0.25	0.0	0.0	0.0	0.0	0.0
1	0.0	0.0	0	0.0	17.06	0	0.0	0.3205128205128205	0.0	2.0	0.0	0.0	0.0	0.0	0.0
1	1.0	1.0	35	0.2469879518072289	9.9	0	0.043440486533449174	0.0	0.0	0.0	0.0	0.0	0.0	0.021720243266724587	0.0
3	0.0	0.0	38	0.0746268656716417	14.37	0	0.0	0.05906674542232723	0.0	0.0	0.0	0.0	0.0	0.0	0.11813349084465447
0	0.0	0.0	19	0.0	0.0	0	0.0	0.42016806722689076	0.0	0.0	0.0	0.0	0.0	0.0	0.42016806722689076
4	0.0	0.0	16	0.0	10.87	0	0.0	0.2	0.0	0.0	0.0	0.0	0.0	0.0	0.0
0	0.0	0.0	17	0.0	0.0	0	1.5625	0.0	0.0	0.0	0.0	0.0	0.0	0.0	0.0
0	0.0	0.0	23	0.2972972972972973	15.61	0	0.028368794326241134	0.0	0.0	3.0	0.0	0.0	0.0	0.0	0.05767012687427912
1	0.0	0.0	0	0.0	17.49	0	0.0	0.6944444444444444	0.0	0.0	0.0	0.0	0.0	0.0	0.0
1	0.0	0.0	42	0.0	13.76	0	0.03429355281207133	0.0	0.0	0.5	0.0	0.0	0.0	0.0	0.01957713390759593
0	0.0	0.0	10	0.0	8.09	0	0.33783783783783783	0.0	0.0	1.0	0.0	0.0	0.0	0.0	0.0
6	0.0	1.0	0	0.0	40.98	0	0.0	0.15479876160990713	0.0	0.0	0.0	0.0	0.0	0.0	0.0
4	0.0	0.0	54	0.0	13.97	0	0.026260504201680673	0.0	0.0	0.0	0.0	0.0	0.0	0.0	0.0
1	0.0	0.0	20	0.0	8.18	0	0.21645021645021645	0.0	0.0	0.0	0.0	0.0	0.0	0.0	0.0
1	0.0	0.0	0	0.25	10.5	0	0.0	0.5208333333333334	0.0	1.0	0.0	0.0	0.0	0.0	0.0
0	1.0	0.0	42	0.0	31.79	1	0.9648127128263336	0.0	0.0	0.5294117647058824	0.0	0.0	0.0	0.39727582292849034	0.0
1	0.0	0.0	38	0.0	14.21	0	0.05296610169491526	0.0	0.0	0.0	0.0	0.0	0.0	0.05296610169491526	0.0
1	0.0	0.0	19	0.0	15.06	0	0.10351966873706003	0.0	0.0	0.0	0.0	0.0	0.0	0.0	0.0
1	0.0	0.0	29	0.0	14.65	0	0.0	0.016260162601626018	0.0	0.0	0.0	0.0	0.0	0.0	0.016260162601626018
6	0.0	0.0	32	0.0	15.31	0	0.03602305475504323	0.0	0.0	0.0	0.0	0.0	0.0	0.03602305475504323	0.0
1	0.0	0.0	0	0.0	14.5	0	0.15479876160990713	0.0	0.0	0.0	0.0	0.0	0.0	0.0	0.0
1	0.0	0.0	0	0.0	17.01	0	0.0	0.3731343283582089	0.0	0.0	0.0	0.0	0.0	0.0	0.0
1	0.0	0.0	0	0.0769230769230769	17.81	0	0.0	1.1278195488721805	0.0	0.16666666666666666	0.0	0.0	0.0	0.0	0.0
1	0.0	0.0	76	0.0	6.08	0	0.09940357852882703	0.0	0.0	0.0	0.0	0.0	0.0	0.0	0.0
8	0.0	0.0	49	0.0	15.63	0	0.0	0.07982969664715274	0.0	0.16666666666666666	0.0	0.0	0.0	0.0	0.0
2	0.0	0.0	0	0.0402684563758389	16.18	0	0.0	0.0686106346483705	0.0	0.0	0.0	0.0	0.0	0.0	0.0
5	0.0	0.0	63	0.0	14.25	0	0.0	0.026212319790301444	0.0	0.0	0.0	0.0	0.0	0.0	0.0
2	0.0	0.0	0	0.0	16.42	0	0.0	0.036390101892285295	0.0	0.0	0.0	0.0	0.0	0.0	0.0
0	0.0	0.0	0	0.025	16.54	0	0.06134969325153374	0.0	0.0	2.0	0.0	0.0	0.0	0.0	0.0
1	0.0	0.0	0	0.0	9.5	0	0.0	0.5263157894736842	0.0	0.5	0.0	0.0	0.0	0.0	0.0
1	0.0	0.0	23	0.0	5.8	0	0.4854368932038835	0.0	0.0	0.0	0.0	0.0	0.0	0.0	0.0
6	0.0	0.0	61	0.0	15.2	0	0.014568764568764568	0.0	0.0	0.5	0.0	0.0	0.0	0.007284382284382284	0.0
3	0.0	0.0	31	0.0	15.92	0	0.01938360147315371	0.0	0.0	0.0	0.0	0.0	0.0	0.0	0.0
0	0.0	0.0	2	0.0408163265306122	17.04	0	0.0	0.36496350364963503	0.0	0.0	0.0	0.0	0.0	0.0	0.0
2	0.0	0.0	41	0.0065359477124183	15.79	0	0.0	0.028105677346824058	0.0	0.0	0.0	0.0	0.0	0.0	0.014052838673412029
4	0.0	0.0	0	0.0	16.23	0	0.06788866259334692	0.0	0.0	0.0	0.0	0.0	0.0	0.0	0.0
4	0.0	0.0	2	0.0	16.21	0	0.1594896331738437	0.0	0.0	0.0	0.0	0.0	0.0	0.0	0.0
3	0.0	0.0	2	0.0	16.57	0	0.0	0.4048582995951417	0.0	0.0	0.0	0.0	0.0	0.0	0.0
0	0.0	0.0	16	0.0689655172413793	0.0	0	0.0	0.5494505494505494	0.0	0.0	0.0	0.0	0.0	0.0	0.0
4	0.0	0.0	18	0.0	12.99	0	0.09041591320072333	0.0	0.0	0.0	0.0	0.0	0.0	0.0	0.0
3	0.0	0.0	47	0.0	14.47	0	0.0	0.032552083333333336	0.0	0.0	0.0	0.0	0.0	0.0	0.0
2	0.0	0.0	4	0.0	16.46	0	0.0	0.12690355329949238	0.0	0.0	0.0	0.0	0.0	0.0	0.0
0	0.0	0.0	40	0.0	13.11	0	0.031525851197982346	0.0	0.0	0.0	0.0	0.0	0.0	0.0	0.0
2	1.0	0.5	62	0.0	9.61	1	0.9962640099626402	0.0	0.0	0.625	0.0	0.0	0.0	0.0	0.019661816751867872
0	0.0	0.0	49	0.0	6.64	0	0.0	0.10787486515641856	0.0	0.5	0.0	0.0	0.0	0.0	0.0
0	0.0	0.0	18	0.0	0.0	0	0.0	0.14347202295552366	0.0	0.0	0.0	0.0	0.0	0.0	0.0
3	0.0	0.0	3	0.0	15.88	0	0.267379679144385	0.0	0.0	0.0	0.0	0.0	0.0	0.0	0.0
1	0.0	0.0	5	0.2424242424242424	16.48	0	0.10256410256410256	0.0	0.0	2.0	0.0	0.0	0.0	0.0	0.0
2	0.0	1.0	31	0.0	15.11	0	0.8264462809917356	0.0	0.0	0.0	0.0	0.0	0.0	0.4132231404958678	0.0
3	0.0	0.0	0	0.0774193548387096	16.73	0	0.018698578908002993	0.0	0.0	0.0	0.0	0.0	0.0	0.0	0.0
6	0.0	0.0	33	0.0	15.46	0	0.02229157378510923	0.0	0.0	0.5	0.0	0.0	0.0	0.0	0.008608815426997245
0	0.0	0.0	34	0.0	0.0	0	0.1288659793814433	0.0	0.0	0.5	0.0	0.0	0.0	0.06443298969072166	0.0
1	0.0	0.0	12	0.1	15.01	0	0.24630541871921185	0.0	0.0	1.0	0.0	0.0	0.0	0.0	0.0
1	0.0	0.0	9	0.0	14.75	0	0.3546099290780142	0.0	0.0	1.0	0.0	0.0	0.0	0.0	0.0
1	0.0	0.0	24	0.0	6.61	0	0.3787878787878788	0.0	0.0	0.5	0.0	0.0	0.0	0.0	0.0
1	0.0	0.0	38	0.0	5.86	0	0.0	0.24630541871921185	0.0	0.0	0.0	0.0	0.0	0.0	0.0
0	0.0	0.0	33	0.0606060606060606	0.0	1	1.4234875444839858	0.1152073732718894	0.0	0.2	0.0	0.0	0.0	0.0	0.0576036866359447
0	0.0	0.0	19	0.1333333333333333	0.0	0	0.0	0.7246376811594204	0.0	0.0	0.0	0.0	0.0	0.0	0.7246376811594204
3	0.0	0.0	28	0.037037037037037	7.53	0	0.0	0.11037527593818984	0.0	0.0	0.0	0.0	0.0	0.0	0.0
0	0.0	0.0	48	0.0	14.39	0	0.0	0.0434593654932638	0.0	0.0	0.0	0.0	0.0	0.0	0.0217296827466319
2	0.0	0.0	41	0.0	14.94	0	0.0	0.020542317173377157	0.0	1.0	0.0	0.0	0.0	0.0	0.0
1	0.0	0.0	15	0.0	10.0	0	1.0638297872340425	0.0	0.0	0.0	0.0	0.0	0.0	0.0	0.0
1	0.0	0.0	18	0.0	14.05	0	0.08561643835616438	0.0	0.0	0.0	0.0	0.0	0.0	0.0	0.0
0	0.0	0.0	38	0.0	0.0	0	0.19011406844106465	0.0	0.0	0.0	0.0	0.0	0.0	0.0	0.0
0	0.0	1.0	27	0.0666666666666666	0.0	0	0.0	0.19920318725099603	0.0	0.0	0.0	0.0	0.0	0.0	0.0
3	1.0	1.0	34	0.0	15.44	0	0.0702247191011236	0.0	0.0	0.5	0.0	0.0	0.0	0.0	0.09803921568627452
3	0.0	0.0	1	0.0	16.21	0	0.0	0.17793594306049823	0.0	0.5	0.0	0.0	0.0	0.0	0.0
1	0.0	0.0	42	0.0227272727272727	9.37	0	0.2544529262086514	0.0	0.0	0.25	0.0	0.0	0.0	0.0	0.0
1	0.0	0.0	52	0.0	15.17	0	0.02059308072487644	0.0	0.0	0.0	0.0	0.0	0.0	0.0	0.0
5	0.0	0.0	44	0.0	15.11	0	0.0	0.0231107002542177	0.0	0.0	0.0	0.0	0.0	0.022326412145568207	0.0231107002542177
8	0.0	0.0	38	0.0	15.3	0	0.023310023310023312	0.0	0.0	0.5	0.0	0.0	0.0	0.0	0.0
0	0.0	0.0	20	0.0	0.0	0	0.0	0.14084507042253522	0.0	0.0	0.0	0.0	0.0	0.0	0.14084507042253522
1	0.0	0.0	47	0.0	5.73	0	0.20746887966804978	0.0	0.0	0.0	0.0	0.0	0.0	0.0	0.0
0	0.5	0.6666666666666666	17	0.0	2.06	1	0.32514450867052025	0.43126684636118595	0.0	0.5882352941176471	0.0	0.0	0.0	0.21676300578034682	0.0
0	0.0	0.0	21	0.0	0.0	0	0.0	0.4464285714285714	0.0	0.0	0.0	0.0	0.0	0.0	0.0
3	0.0	0.0	20	0.0	8.8	0	0.16	0.0	0.0	0.0	0.0	0.0	0.0	0.0	0.0
2	0.0	0.0	20	0.0	16.31	0	0.0	0.010998680158380994	0.0	0.0	0.0	0.0	0.0	0.0	0.0
1	0.0	0.0	41	0.0	15.86	0	0.0	0.02685284640171858	0.0	0.0	0.0	0.0	0.0	0.0	0.02685284640171858
3	0.0	0.0	37	0.0	15.12	0	0.0	0.021547080370609786	0.0	0.0	0.0	0.0	0.0	0.0	0.010773540185304893
0	0.0	0.0	28	0.1111111111111111	0.0	0	0.0	0.21691973969631234	0.0	0.0	0.0	0.0	0.0	0.0	0.10845986984815617
1	0.0	0.0	67	0.0	14.22	0	0.05111167901865576	0.0	0.0	0.0	0.0	0.0	0.0	0.0	0.0
1	0.0	0.0	60	0.0	9.4	0	7.142857142857142	0.0	0.0	0.0	0.0	0.0	0.0	0.0	0.0
3	0.0	0.0	2	0.0	16.37	0	0.0	0.028985507246376812	0.0	0.0	0.0	0.0	0.0	0.0	0.0
2	0.0	0.0	32	0.0	14.54	0	0.04312203536006899	0.0	0.0	0.0	0.0	0.0	0.0	0.0	0.0
2	0.0	0.0	0	0.0	16.2	0	0.0	0.023212627669452184	0.0	0.0	0.0	0.0	0.0	0.0	0.0
4	0.0	0.0	7	0.015625	17.17	0	0.0	0.08223684210526316	0.0	2.0	0.0	0.0	0.0	0.0	0.0
1	0.0	0.0	26	0.1282051282051282	7.7	0	0.0	0.1706484641638225	0.0	0.0	0.0	0.0	0.0	0.0	0.0
3	0.0	0.0	0	0.3125	16.4	0	0.0	0.038372985418265546	0.0	0.0	0.0	0.0	0.0	0.0	0.0
4	0.0	0.0	1	0.0	16.18	0	0.07692307692307693	0.0	0.0	0.0	0.0	0.0	0.0	0.0	0.0
11	0.0	0.0	47	0.0	15.47	0	0.015992323684631375	0.0	0.0	0.0	0.0	0.0	0.0	0.0	0.013683634373289545
1	0.0	0.0	47	0.075268817204301	14.36	0	0.0	0.03202049311559398	0.0	0.0	0.0	0.0	0.0	0.02507522567703109	0.0
2	0.0	0.0	45	0.0	10.58	0	0.044208664898320066	0.0	0.0	0.0	0.0	0.0	0.0	0.0	0.04194630872483222
5	0.0	0.0	3	0.0097560975609756	17.02	0	0.0	0.04242681374628765	0.0	0.0	0.0	0.0	0.0	0.0	0.0
0	0.0	0.0	1	0.0890052356020942	17.07	0	0.0	0.16835016835016833	0.0	1.0	0.0	0.0	0.0	0.0	0.0
1	0.0	0.0	0	0.0	9.5	0	0.0	0.10570824524312895	0.0	0.0	0.0	0.0	0.0	0.0	0.0
2	0.0	0.0	49	0.184	12.9	0	0.0	0.030102347983142687	0.0	1.0	0.0	0.0	0.0	0.0	0.0
6	0.0	0.0	0	0.0	10.75	0	0.0	0.035385704175513094	0.0	0.0	0.0	0.0	0.0	0.0	0.0
2	0.0	0.0	25	0.0714285714285714	10.18	0	0.45454545454545453	0.0	0.0	1.0	0.0	0.0	0.0	0.0	0.0
5	0.0	0.0	63	0.0	9.47	0	0.05485463521667581	0.0	0.0	0.5	0.0	0.0	0.0	0.0	0.020635575732562937
1	0.0	0.0	6	0.1	19.8	0	0.30349013657056145	0.0	0.0	0.5	0.0	0.0	0.0	0.0	0.0
1	0.0	0.0	23	0.0	9.5	0	0.07267441860465117	0.0	0.0	0.0	0.0	0.0	0.0	0.0	0.0
1	0.0	0.0	19	0.0	13.94	0	0.10256410256410256	0.0	0.0	0.0	0.0	0.0	0.0	0.0	0.0
1	0.0	0.0	36	0.0043763676148796	15.67	0	0.014639145073927683	0.0	0.0	0.0	0.0	0.0	0.0	0.0	0.0
2	0.0	0.0	18	0.0	6.52	0	0.0	0.45454545454545453	0.0	0.5	0.0	0.0	0.0	0.0	0.0
1	0.0	0.0	27	0.0	15.5	0	0.4273504273504274	0.0	0.0	0.0	0.0	0.0	0.0	0.0	0.0
0	1.0	0.0	19	0.0	0.0	0	0.0	0.07331378299120234	0.0	0.0	0.0	0.0	0.0	0.0	0.07331378299120234
1	0.0	0.0	33	0.0070422535211267	15.78	0	0.019120458891013385	0.0	0.0	0.0	0.0	0.0	0.0	0.009560229445506692	0.04280821917808219
3	0.0	0.0	14	0.0	15.61	0	0.041736227045075125	0.0	0.0	0.0	0.0	0.0	0.0	0.0	0.0
1	0.0	0.0	24	0.018018018018018004	15.84	0	0.06920415224913495	0.0	0.0	0.0	0.0	0.0	0.0	0.06920415224913495	0.0
3	0.0	0.0	0	0.08	17.28	0	0.0	0.25380710659898476	0.0	0.0	0.0	0.0	0.0	0.0	0.0
0	0.0	0.0	15	0.0	0.0	0	0.0	0.28901734104046245	0.0	0.0	0.0	0.0	0.0	0.0	0.0
1	0.0	0.0	44	0.0	9.61	0	0.0744047619047619	0.0	0.0	0.0	0.0	0.0	0.0	0.0	0.0
3	1.0	0.0	29	0.0	13.16	0	0.04399472063352398	0.0	0.0	0.0	0.0	0.0	0.0	0.0	0.0
0	0.0	0.0	28	0.2666666666666666	0.0	0	0.4098360655737705	0.0	0.0	1.0	0.0	0.0	0.0	0.4098360655737705	0.0
2	0.0	0.0	70	0.0	9.46	0	0.8474576271186441	0.0	0.0	0.0	0.0	0.0	0.0	0.0	0.0
3	0.0	0.0	29	0.0	15.24	0	0.0	0.015479876160990714	0.0	0.0	0.0	0.0	0.0	0.0	0.04643962848297214
8	0.0	0.0	2	0.0	71.86	0	0.0	0.14558689717925385	0.0	0.0625	0.0	0.0	0.0	0.0	0.0
4	0.0	0.0	16	0.0	15.97	0	0.02051702913418137	0.0	0.0	0.0	0.0	0.0	0.0	0.0	0.0
3	0.0	0.0	50	0.0068728522336769	14.94	0	0.0	0.01675041876046901	0.0	0.0	0.0	0.0	0.0	0.0	0.0
1	0.0	0.0	0	0.0	17.34	0	0.0	0.6493506493506493	0.0	0.0	0.0	0.0	0.0	0.0	0.0
1	0.0	1.0	35	0.0	3.0	0	0.036192544335866814	0.0	0.0	1.0	0.0	0.0	0.0	0.0	0.0
1	0.0	0.0	0	0.0	9.5	0	0.0	0.4716981132075471	0.0	0.0	0.0	0.0	0.0	0.0	0.0
1	0.0	0.0	57	0.0	10.0	0	0.3115264797507788	0.0	0.0	0.0	0.0	0.0	0.0	0.0	0.0
1	0.0	0.0	21	0.0	14.78	0	0.0	0.04093327875562833	0.0	0.0	0.0	0.0	0.0	0.0	0.0
1	0.0	0.0	39	0.0175438596491228	13.32	0	0.041666666666666664	0.0	0.0	0.0	0.0	0.0	0.0	0.041666666666666664	0.0
2	0.0	0.0	37	0.0	4.8	0	0.0	2.247191011235955	0.0	0.0	0.0	0.0	0.0	0.0	0.5617977528089888
1	0.0	0.0	27	0.0	9.5	0	0.16666666666666666	0.0	0.0	0.5	0.0	0.0	0.0	0.0	0.0
1	1.0	0.0	79	0.0	10.53	0	0.6493506493506493	0.0	0.0	2.0	0.0	0.0	0.0	0.0	0.0
0	0.0	0.0	8	0.0	0.0	1	1.8518518518518516	0.0	0.0	1.0	0.0	0.0	0.0	0.0	0.0
4	0.0	0.0	1	0.0	16.28	0	0.04901960784313726	0.0	0.0	0.0	0.0	0.0	0.0	0.0	0.0
1	0.0	0.0	1	0.0	16.92	0	0.14749262536873156	0.0	0.0	0.5	0.0	0.0	0.0	0.0	0.0
5	0.0	0.0	27	0.0	15.5	0	0.027901785714285712	0.0	0.0	0.0	0.0	0.0	0.0	0.0	0.0
1	0.0	0.0	8	0.2444444444444444	16.25	0	0.0	0.08620689655172414	0.0	1.0	0.0	0.0	0.0	0.0	0.0
1	1.0	0.0	0	0.0	9.5	0	0.0	2.1978021978021975	0.0	0.75	0.0	0.0	0.0	0.0	0.0
2	0.0	0.0	18	0.0	10.5	0	0.0	0.15220700152207	0.0	0.0	0.0	0.0	0.0	0.1362397820163488	0.0
4	0.0	0.0	69	0.2034632034632034	12.99	0	0.0	0.02212878955521133	0.0	0.0	0.0	0.0	0.0	0.0	0.0
0	0.0	1.0	20	0.0	0.0	0	0.14245014245014245	0.0	0.0	0.0	0.0	0.0	0.0	0.0	0.0
1	0.0	0.0	0	0.0	9.5	0	0.0	0.0	0.0	0.5	0.0	0.0	0.0	0.0	0.0
1	0.0	0.0	31	0.0	6.5	0	0.07473841554559042	0.0	0.0	0.5	0.0	0.0	0.0	0.03736920777279521	0.0
1	0.0	0.0	26	0.0	5.63	0	0.3731343283582089	0.0	0.0	0.0	0.0	0.0	0.0	0.0	0.0
2	0.0	0.0	0	0.0	16.4	0	0.0	0.03455425017277125	0.0	0.0	0.0	0.0	0.0	0.0	0.0
4	0.0	0.0	0	0.0	16.17	0	0.05359056806002144	0.0	0.0	0.0	0.0	0.0	0.0	0.0	0.0
0	0.0	1.0	27	0.0631578947368421	12.88	1	0.6734006734006734	0.07127583749109052	0.15384615384615385	0.6153846153846154	0.0	0.0	0.0	0.0	0.07127583749109052
6	0.0	0.0	41	0.0271493212669683	14.83	0	0.01256913021618904	0.0	0.0	0.0	0.0	0.0	0.0	0.0	0.014662756598240468
1	0.0	0.0	0	0.0	9.5	0	0.0	0.05263157894736842	0.0	0.0	0.0	0.0	0.0	0.0	0.0
1	0.0	1.0	20	0.1176470588235294	16.97	0	0.4424778761061947	0.0	0.0	0.0	0.0	0.0	0.0	0.0	0.0
10	0.0	0.0	0	0.0	16.37	0	0.0	0.1107419712070875	0.0	0.0	0.0	0.0	0.0	0.0	0.0
3	0.0	0.0	60	0.0	5.16	0	0.27322404371584696	0.0	0.0	0.5	0.0	0.0	0.0	0.0	0.0
1	1.0	0.0	44	0.0	15.5	0	0.0	0.05370569280343716	0.0	0.0	0.0	0.0	0.0	0.0	0.02685284640171858
0	0.0	0.0	16	0.2727272727272727	0.0	0	0.0	0.10395010395010396	0.0	0.5	0.0	0.0	0.0	0.0	0.0
1	0.5	0.0	13	0.025	26.49	0	0.12795905310300704	0.0	0.0	1.0	0.0	0.0	0.0	0.0	0.0
0	0.0	0.0	35	0.0	0.0	0	0.0	0.23584905660377356	0.0	0.5	0.0	0.0	0.0	0.0	0.0
3	0.0	0.0	44	0.1619047619047619	10.73	0	0.05927682276229994	0.0	0.0	0.0	0.0	0.0	0.0	0.0	0.0
1	0.0	0.0	43	0.0	9.9	0	0.0	0.07616146230007616	0.0	0.0	0.0	0.0	0.0	0.0	0.03808073115003808
6	0.0	0.0	34	0.0	15.31	0	0.02420135527589545	0.0	0.0	0.5	0.0	0.0	0.0	0.0	0.0
1	0.0	0.0	0	0.0	11.5	0	0.0	0.3717472118959108	0.0	0.0	0.0	0.0	0.0	0.0	0.0
0	1.0	0.0	22	0.0	0.0	0	0.0	0.487012987012987	0.0	0.0	0.0	0.0	0.0	0.0	0.16233766233766234
4	0.0	0.0	2	0.0	16.63	0	0.0	0.12919896640826872	0.0	0.0	0.0	0.0	0.0	0.0	0.0
6	0.0	0.0	22	0.0	9.02	0	0.0	0.7109004739336493	0.0	0.16666666666666666	0.0	0.0	0.0	0.0	0.0
1	0.0	0.0	29	0.0	9.5	0	0.16556291390728478	0.0	0.0	0.0	0.0	0.0	0.0	0.0	0.0
2	0.0	0.0	33	0.1052631578947368	17.75	0	1.1764705882352942	0.0	0.0	0.5	0.0	0.0	0.0	0.0	0.0
0	0.0	0.0	17	0.0	0.0	0	0.33112582781456956	0.0	0.0	0.0	0.0	0.0	0.0	0.0	0.0
2	0.0	0.0	34	0.0	15.05	0	0.041237113402061855	0.0	0.0	0.5	0.0	0.0	0.0	0.020618556701030927	0.0
0	0.0	0.0	18	0.0	0.0	0	0.0	0.08849557522123894	0.0	0.0	0.0	0.0	0.0	0.0	0.08849557522123894
0	1.0	0.0	18	0.0	0.0	0	0.0	0.06188118811881188	0.0	0.0	0.0	0.0	0.0	0.0	0.03094059405940594
2	0.0	0.0	14	0.0	15.6	0	0.04222972972972973	0.0	0.0	0.5	0.0	0.0	0.0	0.0	0.0
1	0.0	0.0	33	0.0	25.6	0	0.0	0.02554278416347382	0.0	0.0	0.0	0.0	0.0	0.008634087376964255	0.0
0	1.0	0.0	39	0.0	0.0	1	0.0	1.0869565217391306	0.3333333333333333	1.0	0.3623188405797102	0.0	1.0	0.0	0.0
1	0.0	0.0	64	0.0	10.38	0	0.0	0.1075268817204301	0.0	0.5	0.0	0.0	0.0	0.0	0.05376344086021505
0	0.5	1.0	50	0.0	40.2	1	2.117263843648208	0.0	0.0	0.4358974358974359	0.0	0.0	0.0	0.0	0.0
2	0.0	0.0	1	0.0	21.89	0	0.03139717425431711	0.0	0.0	0.0	0.0	0.0	0.0	0.0	0.0
3	0.0	0.0	39	0.0	5.82	0	0.0	0.2222222222222222	0.0	0.5	0.0	0.0	0.0	0.0	0.1111111111111111
2	0.0	0.0	23	0.0	14.64	0	0.0	0.03881987577639751	0.0	0.0	0.0	0.0	0.0	0.0	0.0
1	0.0	0.0	24	0.0	15.87	0	0.024378352023403216	0.0	0.0	0.0	0.0	0.0	0.0	0.012189176011701608	0.0
5	0.0	0.0	0	0.0	10.14	0	0.0	0.5263157894736842	0.0	0.0	0.0	0.0	0.0	0.0	0.0
2	0.0	0.0	2	0.12	10.14	0	0.2159827213822894	0.0	0.0	0.5	0.0	0.0	0.0	0.0	0.0
3	0.0	0.0	47	0.0	14.07	0	0.0	0.023430178069353328	0.0	0.0	0.0	0.0	0.0	0.0	0.023430178069353328
0	0.0	0.0	17	0.1666666666666666	0.0	1	2.6785714285714284	0.0	0.0	1.0	0.0	0.0	0.0	0.0	0.0
2	1.0	0.0	15	0.0	15.37	0	0.0	0.0390015600624025	0.0	0.0	0.0	0.0	0.0	0.0	0.0390015600624025
1	0.0	0.0	44	0.0	14.12	0	0.0	0.014459224985540775	0.0	0.0	0.0	0.0	0.0	0.0	0.014459224985540775
5	0.0	0.0	40	0.0	15.57	0	0.018135654697134566	0.0	0.0	0.0	0.0	0.0	0.0	0.009067827348567283	0.00868357068426537
0	0.0	0.0	1	0.0	16.37	0	0.10940919037199125	0.0	0.0	0.5	0.0	0.0	0.0	0.0	0.0
0	0.0	0.0	18	0.1428571428571428	0.0	0	1.2048192771084338	0.0	0.0	0.0	0.0	0.0	0.0	1.2048192771084338	0.0
4	0.0	0.0	42	0.0	5.88	0	0.0	0.19685039370078738	0.0	0.0	0.0	0.0	0.0	0.0	0.0
0	0.0	0.0	0	0.0	17.57	0	0.0	0.10615711252653928	0.0	6.0	0.0	0.0	0.0	0.0	0.0
0	0.0	0.0	28	0.0	16.17	0	0.0	0.01392951664577239	0.0	0.0	0.0	0.0	0.0	0.0	0.006964758322886195
3	0.0	0.0	2	0.0	15.51	0	0.12853470437017994	0.0	0.0	0.0	0.0	0.0	0.0	0.0	0.0
2	0.0	1.0	32	0.1510791366906475	18.2	0	0.0	0.02836074872376631	0.0	0.0	0.0	0.0	0.0	0.0	0.0
1	0.0	0.0	17	0.0	16.5	0	0.14326647564469913	0.0	0.0	0.0	0.0	0.0	0.0	0.0	0.0
3	0.0	0.0	0	0.0	16.58	0	0.0	0.04604051565377532	0.0	0.0	0.0	0.0	0.0	0.0	0.0
1	0.0	0.0	37	0.0	9.5	0	0.39682539682539686	0.0	0.0	0.16666666666666666	0.0	0.0	0.0	0.0	0.0
0	0.0	0.0	28	0.0571428571428571	0.0	0	0.08	0.0	0.0	0.0	0.0	0.0	0.0	0.0	0.0
1	0.0	0.0	26	0.0	14.45	0	0.041425020712510356	0.0	0.0	0.0	0.0	0.0	0.0	0.0	0.0
1	0.0	0.0	0	0.0	9.5	0	0.0	0.1485884101040119	0.0	0.5	0.0	0.0	0.0	0.0	0.0
2	0.0	0.0	29	0.0099009900990099	15.23	0	0.0	0.011574074074074073	0.0	1.0	0.0	0.0	0.0	0.0	0.0
0	0.0	0.0	6	0.0625	14.35	0	0.22727272727272727	0.0	0.0	0.0	0.0	0.0	0.0	0.0	0.0
0	0.0	0.0	29	0.0	0.0	0	0.0	0.6024096385542169	0.0	0.0	0.0	0.0	0.0	0.0	0.30120481927710846
0	0.0	0.0	47	0.0	0.0	0	0.0	0.05518763796909492	0.0	0.0	0.0	0.0	0.0	0.0	0.0
3	1.0	1.0	17	0.0	31.61	0	0.10080645161290323	0.0	0.0	0.0	0.0	0.0	0.0	0.0	0.0
0	0.0	0.0	28	0.0	0.0	0	0.15873015873015872	0.0	0.0	0.0	0.0	0.0	0.0	0.0	0.0
0	0.0	1.0	44	0.0	0.0	0	0.4694835680751174	0.0	0.0	0.0	0.0	0.0	0.0	0.0	0.0
0	0.0	0.0	17	0.0	0.0	0	0.5494505494505494	0.0	0.0	0.0	0.0	0.0	0.0	0.5494505494505494	0.0
7	0.0	0.0	48	0.0	13.3	0	0.0	0.037509377344336084	0.0	0.0	0.0	0.0	0.0	0.0	0.018754688672168042
2	0.0	0.0	19	0.057471264367815994	8.34	0	0.04395604395604396	0.0	0.0	1.0	0.0	0.0	0.0	0.0	0.0
0	0.0	0.0	18	0.0	15.78	0	0.03563791874554526	0.0	0.0	0.0	0.0	0.0	0.0	0.0	0.0
5	0.0	0.0	35	0.0	18.33	0	0.1203852327447833	0.0	0.0	0.0	0.0	0.0	0.0	0.0	0.0
1	0.0	0.0	0	0.0	9.5	0	0.0	0.10141987829614606	0.0	0.0	0.0	0.0	0.0	0.0	0.0
1	0.0	0.0	15	0.0	8.7	0	0.19685039370078738	0.0	0.0	0.0	0.0	0.0	0.0	0.0	0.0
0	0.0	0.0	33	0.0	15.32	0	0.04222972972972973	0.0	0.0	0.0	0.0	0.0	0.0	0.0	0.0
1	0.0	0.0	0	0.0	17.21	0	0.0	0.4347826086956522	0.0	0.0	0.0	0.0	0.0	0.0	0.0
1	0.0	0.0	45	0.0	9.5	0	0.39370078740157477	0.0	0.0	0.25	0.0	0.0	0.0	0.0	0.0
3	0.0	0.0	28	0.0054054054054054	15.69	0	0.009493070058857035	0.0	0.0	0.0	0.0	0.0	0.0	0.0	0.0
1	0.0	0.0	11	0.0	16.24	0	0.03819709702062643	0.0	0.0	2.0	0.0	0.0	0.0	0.0	0.0
1	0.0	0.0	1	0.0	16.69	0	0.0992063492063492	0.0	0.0	0.0	0.0	0.0	0.0	0.0	0.0
1	0.0	0.0	44	0.0080645161290322	15.43	0	0.0	0.021891418563922942	0.0	0.0	0.0	0.0	0.0	0.0	0.010945709281961471
2	0.0	0.0	25	0.0	15.51	0	0.0	0.06325110689437065	0.0	0.0	0.0	0.0	0.0	0.0	0.0
1	0.0	0.0	0	0.2727272727272727	9.5	0	0.0	0.625	0.0	1.0	0.0	0.0	0.0	0.0	0.0
1	0.0	0.0	0	0.0	16.5	0	0.0	0.17543859649122806	0.0	0.0	0.0	0.0	0.0	0.0	0.0
0	0.0	0.0	40	0.0	15.82	0	0.0	0.02676659528907923	0.0	2.0	0.0	0.0	0.0	0.007427213309566251	0.02676659528907923
5	0.0	0.0	24	0.1149425287356321	16.05	0	0.0	0.027262813522355506	0.0	0.5	0.0	0.0	0.0	0.0	0.0
3	0.0	0.0	39	0.0	6.44	0	0.11655011655011654	0.0	0.0	1.0	0.0	0.0	0.0	0.0	0.0
6	0.0	0.0	48	0.0	15.04	0	0.0	0.013888888888888888	0.0	1.0	0.0	0.0	0.0	0.009139097057210747	0.0
4	0.0	0.0	49	0.0	14.37	0	0.0	0.04240882103477524	0.0	0.0	0.0	0.0	0.0	0.0	0.04240882103477524
3	0.0	0.0	4	0.0	16.29	0	0.059665871121718374	0.0	0.0	0.0	0.0	0.0	0.0	0.0	0.0
2	0.0	0.0	0	0.0	16.47	0	0.0	0.027624309392265192	0.0	0.0	0.0	0.0	0.0	0.0	0.0
1	0.0	0.0	46	0.0098522167487684	14.86	0	0.0	0.15388919977616117	0.0	0.0	0.0	0.0	0.0	0.0	0.0
0	0.0	0.0	24	0.0	0.0	1	0.0	2.941176470588235	0.0	1.0	0.0	0.0	0.0	0.0	0.0
1	0.0	0.0	60	0.0	9.46	0	1.4354066985645935	0.0	0.0	0.0	0.0	0.0	0.0	0.11961722488038279	0.0
5	0.0	0.0	63	0.0	13.53	0	0.02444987775061125	0.0	0.0	0.0	0.0	0.0	0.0	0.012224938875305624	0.0
2	0.0	0.0	3	0.0	11.78	0	0.47846889952153115	0.0	0.0	0.0	0.0	0.0	0.0	0.0	0.0
2	0.0	0.0	45	0.0135135135135135	13.65	0	0.09090909090909091	0.0	0.0	1.0	0.0	0.0	0.0	0.09090909090909091	0.0
3	0.0	0.0	23	0.0	15.54	0	0.03131850923896023	0.0	0.0	0.0	0.0	0.0	0.0	0.0	0.0
5	0.0	0.0	5	0.0439560439560439	16.54	0	0.028137310073157007	0.0	0.0	0.0	0.0	0.0	0.0	0.0	0.0
1	1.0	1.0	2	0.0081632653061224	17.44	0	0.02860411899313501	0.021570319240724764	0.0	0.0	0.0	0.0	0.0	0.0	0.0
1	0.0	0.0	2	0.0	16.64	0	0.0	0.025445292620865142	0.0	0.0	0.0	0.0	0.0	0.0	0.0
1	0.0	0.0	18	0.0	9.23	0	0.2252252252252252	0.0	0.0	0.0	0.0	0.0	0.0	0.0	0.0
13	0.0	0.0	20	0.0	16.08	0	0.02421307506053269	0.0	0.0	0.0	0.0	0.0	0.0	0.0	0.0
2	0.0	0.0	0	0.0	16.61	0	0.0	0.027901785714285712	0.0	0.0	0.0	0.0	0.0	0.0	0.0
4	0.0	0.0	0	0.1377551020408163	16.59	0	0.0	0.04019292604501608	0.0	0.0	0.0	0.0	0.0	0.0	0.0
2	0.0	0.0	16	0.0	11.11	0	1.3333333333333333	0.0	0.0	0.5	0.0	0.0	0.0	0.0	0.0
4	0.0	0.0	5	0.0	16.26	0	0.02446183953033268	0.0	0.0	0.0	0.0	0.0	0.0	0.0	0.0
3	0.0	0.0	1	0.0	16.63	0	0.02600780234070221	0.0	0.0	0.0	0.0	0.0	0.0	0.0	0.0
1	0.0	0.0	43	0.0	13.77	0	0.061766522544780725	0.0	0.0	0.0	0.0	0.0	0.0	0.09264978381717108	0.0
1	0.0	0.0	0	0.0	16.73	0	0.0	0.8333333333333334	0.0	1.0	0.0	0.0	0.0	0.0	0.0
3	0.0	0.5	38	0.0198019801980198	19.74	0	0.11806375442739078	0.0	0.0	0.25	0.0	0.0	0.0	0.0	0.0
0	0.0	0.0	25	0.0	0.0	0	0.1923076923076923	0.0	0.0	0.0	0.0	0.0	0.0	0.0	0.0
0	0.0	0.0	1	0.1333333333333333	17.1	0	0.0	0.07225433526011561	0.0	1.0	0.0	0.0	0.0	0.0	0.0
0	0.0	1.0	35	0.0	0.0	1	50.0	0.0	0.0	1.0	0.0	0.0	0.0	0.0	0.0
0	0.0	1.0	10	0.4945054945054945	0.0	0	0.0	0.18281535648994515	0.0	0.5	0.0	0.0	0.0	0.0	0.0
1	0.0	0.0	0	0.0	16.32	0	0.0	0.2173913043478261	0.0	0.0	0.0	0.0	0.0	0.0	0.0
2	0.0	0.0	0	0.0	16.32	0	0.0	0.06313131313131314	0.0	0.0	0.0	0.0	0.0	0.0	0.0
5	0.0	0.0	1	0.0	16.5	0	0.0	0.07776049766718507	0.0	0.0	0.0	0.0	0.0	0.0	0.0
0	0.0	0.0	7	0.0	11.85	0	0.4310344827586207	0.0	0.0	0.0	0.0	0.0	0.0	0.0	0.0
6	0.0	0.0	49	0.0	13.1	0	0.0	0.019700551615445233	0.0	0.0	0.0	0.0	0.0	0.0333000333000333	0.0
1	0.0	0.0	0	0.0	16.61	0	0.0	0.13966480446927373	0.0	0.5	0.0	0.0	0.0	0.0	0.0
3	1.0	0.5	36	0.0	12.5	0	0.021079258010118045	0.0	0.0	0.0	0.0	0.0	0.0	0.031618887015177066	0.0
0	0.0	0.0	13	0.1278538812785388	16.11	0	0.029940119760479042	0.0	0.0	2.0	0.0	0.0	0.0	0.0	0.0
1	0.0	0.0	1	0.1926605504587156	16.0	0	0.05359056806002144	0.0	0.0	0.0	0.0	0.0	0.0	0.0	0.0
2	0.0	0.0	2	0.0	16.9	0	0.0	0.01734304543877905	0.0	1.0	0.0	0.0	0.0	0.0	0.0
0	0.0	0.0	14	0.0	6.25	0	0.0	0.4424778761061947	0.0	1.0	0.0	0.0	0.0	0.0	0.0
4	0.0	0.0	53	0.0204081632653061	13.49	0	0.03534817956875221	0.0	0.0	0.0	0.0	0.0	0.0	0.0	0.012866700977869275
0	0.0	0.0	20	0.0762711864406779	15.58	0	0.029850746268656716	0.0	0.0	0.0	0.0	0.0	0.0	0.0	0.0
3	0.0	0.0	0	0.0	16.83	0	0.0	0.20242914979757085	0.0	0.0	0.0	0.0	0.0	0.0	0.0
3	0.0	0.0	39	0.0	6.33	0	0.0	0.1858736059479554	0.0	0.5	0.0	0.0	0.0	0.0	0.0
0	0.0	0.0	37	0.0	0.0	0	0.0	1.923076923076923	0.0	0.0	0.0	0.0	0.0	0.0	0.9615384615384615
1	0.0	0.0	36	0.0	23.0	0	0.25125628140703515	0.0	0.0	0.0	0.0	0.0	0.0	0.25125628140703515	0.0
0	0.0	0.0	16	0.0909090909090909	0.0	0	0.0	0.14705882352941177	0.0	0.0	0.0	0.0	0.0	0.0	0.0
0	0.0	0.0	17	0.0	0.0	0	0.08944543828264759	0.0	0.0	0.0	0.0	0.0	0.0	0.0	0.0
5	0.0	0.0	0	0.0606060606060606	16.98	0	0.0	0.19607843137254904	0.0	0.5	0.0	0.0	0.0	0.0	0.0
1	0.0	0.0	0	0.0	16.38	0	0.0	0.19157088122605365	0.0	0.0	0.0	0.0	0.0	0.0	0.0
0	0.0	0.0	13	0.0	0.0	0	0.0	0.11918951132300357	0.0	1.0	0.0	0.0	0.0	0.0	0.0
2	0.0	0.0	1	0.0384615384615384	17.05	0	0.0	0.2192982456140351	0.0	0.5	0.0	0.0	0.0	0.0	0.0
0	0.0	0.0	10	0.23809523809523803	0.0	0	0.18518518518518517	0.0	0.0	1.0	0.0	0.0	0.0	0.18518518518518517	0.0
2	0.0	0.0	33	0.0	9.37	0	0.04317789291882556	0.0	0.0	0.0	0.0	0.0	0.0	0.0	0.0
0	0.0	0.0	41	0.0	0.0	1	0.40567951318458423	0.24732069249793898	0.0	0.5714285714285714	0.0	0.0	0.0	0.20283975659229211	0.0
1	0.0	0.0	0	0.0	14.29	0	0.0	0.7042253521126761	0.0	0.5	0.0	0.0	0.0	0.0	0.0
5	1.0	0.0	40	0.0	15.5	0	0.0	0.02881844380403458	0.0	0.0	0.0	0.0	0.0	0.0	0.01440922190201729
4	0.0	0.0	2	0.0	16.45	0	0.08216926869350863	0.0	0.0	0.0	0.0	0.0	0.0	0.0	0.0
0	0.0	0.0	19	0.0	0.0	1	2.459016393442623	0.0	0.0	1.0	0.0	0.0	0.0	0.0	0.0
4	0.0	0.0	0	0.0	16.76	0	0.0	0.04708097928436912	0.0	0.0	0.0	0.0	0.0	0.0	0.0
3	0.0	0.0	0	0.0	14.38	0	0.0	0.7692307692307692	0.0	0.5	0.0	0.0	0.0	0.0	0.0
0	0.0	0.0	48	0.0	0.0	0	0.38759689922480617	0.0	0.0	0.0	0.0	0.0	0.0	0.0	0.0
0	0.0	0.0	17	0.0	0.0	0	0.0	0.12437810945273634	0.0	0.0	0.0	0.0	0.0	0.0	0.0
1	0.0	0.0	75	0.2592592592592592	7.33	0	0.06353240152477764	0.0	0.0	0.5	0.0	0.0	0.0	0.03176620076238882	0.0
5	0.0	0.0	44	0.0	12.77	0	0.03746721618583739	0.0	0.0	0.0	0.0	0.0	0.0	0.018733608092918696	0.02491280518186348
1	0.0	0.0	32	0.0	8.5	0	0.0	0.05040322580645162	0.0	0.0	0.0	0.0	0.0	0.0	0.02520161290322581
0	0.0	0.0	34	0.0	17.95	1	1.0423053341508277	0.2348888192922017	0.0	0.4897959183673469	0.0	0.0	0.0	0.0	0.18791105543376135
1	0.0	0.0	0	0.10909090909090899	16.94	0	0.0	0.17482517482517484	0.0	0.0	0.0	0.0	0.0	0.0	0.0
3	0.0	0.0	44	0.0	12.65	0	0.1347708894878706	0.0	0.0	2.0	0.0	0.0	0.0	0.40431266846361186	0.0
1	1.0	1.0	35	0.0	11.92	1	0.2298850574712644	0.3639973527465255	0.06666666666666667	0.6666666666666666	0.03309066843150232	0.0	0.0	0.1724137931034483	0.0
1	0.0	0.0	0	0.0526315789473684	10.0	0	0.0	0.10416666666666667	0.0	0.0	0.0	0.0	0.0	0.0	0.0
0	0.0	0.0	0	0.0	16.73	0	0.0	0.05162622612287041	0.0	0.0	0.0	0.0	0.0	0.0	0.0
3	0.6666666666666666	1.0	16	0.1171875	11.18	0	0.02145002145002145	0.018910741301059	0.0	0.25	0.0	0.0	0.0	0.0	0.0
1	0.6666666666666666	1.0	31	0.0	15.5	0	0.026602819898909284	0.0	0.0	0.0	0.0	0.0	0.0	0.0	0.0
5	0.0	0.0	35	0.0	13.7	0	0.10050251256281408	0.0	0.0	0.0	0.0	0.0	0.0	0.0	0.0
2	0.0	0.0	39	0.0	4.92	0	1.6129032258064517	0.0	0.0	0.0	0.0	0.0	0.0	0.0	0.0
1	0.0	0.0	23	0.1111111111111111	10.0	0	1.3043478260869565	0.0	0.0	0.0	0.0	0.0	0.0	0.0	0.0
3	0.0	0.0	33	0.0	15.53	0	0.0	0.025660764690787787	0.0	0.5	0.0	0.0	0.0	0.0	0.025660764690787787
2	0.0	0.0	0	0.0	21.06	0	0.0	0.05170630816959669	0.0	0.0	0.0	0.0	0.0	0.0	0.0
1	0.0	0.0	40	0.0735294117647058	13.24	0	0.04842615012106538	0.0	0.0	0.0	0.0	0.0	0.0	0.0	0.0
2	0.0	0.0	0	0.0	16.36	0	0.0	0.04387889425186486	0.0	1.0	0.0	0.0	0.0	0.0	0.0
3	0.0	0.0	20	0.0	15.78	0	0.0	0.0248015873015873	0.0	0.5	0.0	0.0	0.0	0.0	0.0
1	0.0	0.0	14	0.0	9.5	0	0.2192982456140351	0.0	0.0	0.0	0.0	0.0	0.0	0.0	0.0
2	0.0	0.0	57	0.0	5.39	0	0.0	0.6521739130434783	0.0	0.0	0.0	0.0	0.0	0.0	0.0
0	0.0	0.0	30	0.3098591549295774	0.0	0	0.12594458438287154	0.0	0.0	0.5	0.0	0.0	0.0	0.0	0.0
0	0.5	1.0	17	0.0	0.0	0	0.06574621959237344	0.0	0.0	0.0	0.0	0.0	0.0	0.03287310979618672	0.0
10	0.0	0.0	33	0.0101522842639593	15.21	0	0.02958579881656805	0.0	0.0	0.0	0.0	0.0	0.0	0.014792899408284025	0.0
4	0.0	0.0	41	0.0	12.75	0	0.05959475566150178	0.0	0.0	0.0	0.0	0.0	0.0	0.05959475566150178	0.0
2	0.0	0.0	2	0.0	26.04	0	0.0	0.0847816871555744	0.0	0.25	0.0	0.0	0.0	0.0	0.0
1	0.0	0.0	37	0.0	3.0	0	0.0	0.12738853503184713	0.0	0.0	0.0	0.0	0.0	0.0	0.0
2	0.0	0.0	0	0.0	16.61	0	0.0	0.07127583749109052	0.0	2.0	0.0	0.0	0.0	0.0	0.0
1	0.0	0.0	19	0.0	9.8	0	0.0	18.75	0.0	0.0	0.0	0.0	0.0	0.0	0.0
2	0.0	0.0	1	0.0465116279069767	17.14	0	0.17921146953405018	0.0	0.0	2.0	0.0	0.0	0.0	0.0	0.0
6	0.0	0.0	32	0.0	19.04	0	0.07530120481927711	0.0	0.0	0.0	0.0	0.0	0.0	0.0	0.0
0	0.0	0.0	31	0.3846153846153846	0.0	0	0.78125	0.0	0.0	0.0	0.0	0.0	0.0	0.0	0.0
3	0.0	0.0	0	0.0545454545454545	16.0	0	0.0	0.03645643456069996	0.0	0.0	0.0	0.0	0.0	0.0	0.0
1	0.0	0.0	17	0.0	10.11	1	0.38167938931297707	0.0	0.0	1.5	0.0	0.0	0.0	0.0	0.0
0	0.0	0.0	48	0.0818713450292397	13.99	0	0.018281535648994516	0.0	0.0	0.0	0.0	0.0	0.0	0.0	0.012054001928640309
2	0.0	0.0	31	0.0	8.04	0	0.25380710659898476	0.0	0.0	0.5	0.0	0.0	0.0	0.12690355329949238	0.0
4	0.0	0.0	74	0.0569620253164556	14.78	0	0.012971851083149565	0.0	0.0	0.0	0.0	0.0	0.0	0.0064859255415747824	0.0
3	0.0	0.0	44	0.0	5.17	0	0.0	0.6944444444444444	0.0	0.5	0.0	0.0	0.0	0.0	0.6944444444444444
5	0.0	0.0	0	0.0	17.35	0	0.0	0.08424599831508003	0.0	2.0	0.0	0.0	0.0	0.0	0.0
1	0.0	0.0	20	0.25	8.89	0	0.1295336787564767	0.0	0.0	0.0	0.0	0.0	0.0	0.0	0.0
2	0.0	0.0	2	0.0	17.38	0	0.0	0.5154639175257733	0.0	3.5	0.0	0.0	0.0	0.0	0.0
0	0.0	0.0	15	0.0	0.0	0	0.0	2.941176470588235	0.0	0.0	0.0	0.0	0.0	0.0	0.0
3	0.0	0.0	37	0.0	15.04	0	0.012112403100775193	0.0	0.0	0.0	0.0	0.0	0.0	0.012112403100775193	0.0
1	0.0	1.0	28	0.2252252252252252	5.66	0	0.0	0.05070993914807303	0.0	0.0	0.0	0.0	0.0	0.0	0.0
1	0.0	0.0	15	0.0	9.5	0	0.390625	0.0	0.0	0.0	0.0	0.0	0.0	0.0	0.0
3	0.0	0.0	0	0.0	16.3	0	0.0	0.02853881278538813	0.0	1.0	0.0	0.0	0.0	0.0	0.0
1	0.0	0.0	0	0.0	16.66	0	0.0	0.6896551724137931	0.0	0.0	0.0	0.0	0.0	0.0	0.0
2	0.0	0.0	28	0.0	14.16	0	0.11363636363636363	0.0	0.0	0.0	0.0	0.0	0.0	0.0	0.0
5	0.0	0.0	38	0.0109890109890109	14.98	0	0.125	0.0	0.0	0.0	0.0	0.0	0.0	0.0	0.0
0	0.0	0.0	18	0.0	0.0	0	0.0	0.054884742041712405	0.0	0.5	0.0	0.0	0.0	0.0	0.0
0	0.0	0.0	38	0.0	13.02	1	0.093603744149766	0.9225092250922509	0.0	0.5	0.0	0.0	0.0	0.062402496099843996	0.030750307503075027
2	0.0	0.0	44	0.0	6.9	0	0.14970059880239522	0.0	0.0	0.0	0.0	0.0	0.0	0.14970059880239522	0.04496402877697842
1	0.0	0.0	18	0.0	15.98	0	0.06339144215530904	0.0	0.0	0.0	0.0	0.0	0.0	0.0	0.0
2	0.0	0.0	33	0.0	6.94	0	0.0	0.12468827930174564	0.0	0.0	0.0	0.0	0.0	0.0	0.0
2	0.0	0.0	42	0.0	14.88	0	0.0	0.04591368227731864	0.0	0.5	0.0	0.0	0.0	0.0	0.0
2	0.0	0.0	61	0.0588235294117647	5.07	0	0.2192982456140351	0.0	0.0	0.0	0.0	0.0	0.0	0.0	0.0
0	0.0	0.0	56	0.0	9.95	0	0.0	0.05393743257820928	0.0	0.0	0.0	0.0	0.0	0.0	0.05393743257820928
2	0.0	0.0	31	0.0	9.2	0	0.0	0.28735632183908044	0.0	0.0	0.0	0.0	0.0	0.0	0.14367816091954022
1	0.0	0.0	43	0.0	14.34	0	0.0	0.026595744680851064	0.0	0.0	0.0	0.0	0.0	0.0	0.0
1	0.0	0.0	33	0.0108695652173913	13.25	0	0.0	0.019638648860958365	0.0	0.0	0.0	0.0	0.0	0.0	0.0
0	0.0	0.0	0	0.0	16.87	0	0.0	0.25125628140703515	0.0	0.5	0.0	0.0	0.0	0.0	0.0
2	0.0	0.0	22	0.0	14.65	0	0.07867820613690008	0.0	0.0	1.0	0.0	0.0	0.0	0.0	0.0
2	0.0	0.0	53	0.0828402366863905	15.32	0	0.017094017094017096	0.0	0.0	1.0	0.0	0.0	0.0	0.0	0.0
4	0.0	0.0	35	0.0	15.33	0	0.0	0.022914757103574702	0.0	0.0	0.0	0.0	0.0	0.0	0.011457378551787351
2	0.0	0.0	0	0.0	16.36	0	0.0	0.013351134846461948	0.0	0.0	0.0	0.0	0.0	0.0	0.0
3	0.0	0.0	21	0.0	15.57	0	0.0	0.01881821603312006	0.0	0.0	0.0	0.0	0.0	0.0	0.0
5	0.0	0.0	44	0.0454545454545454	5.98	0	0.790513833992095	0.0	0.0	0.0	0.0	0.0	0.0	0.0	0.0
0	0.0	0.0	21	0.0	0.0	0	0.0	0.21645021645021645	0.0	0.0	0.0	0.0	0.0	0.0	0.21645021645021645
8	0.0	0.0	33	0.145374449339207	15.0	0	0.0	0.023342670401493928	0.0	0.0	0.0	0.0	0.0	0.0	0.0
0	0.0	0.0	29	0.0	0.0	0	0.0	0.22123893805309736	0.0	0.5	0.0	0.0	0.0	0.0	0.0
0	0.0	1.0	20	0.0	0.0	0	0.11135857461024498	0.0	0.0	0.0	0.0	0.0	0.0	0.11135857461024498	0.0
1	0.0	0.0	20	0.0	6.97	0	0.29239766081871343	0.0	0.0	0.0	0.0	0.0	0.0	0.0	0.0
2	0.0	0.0	80	0.0	6.94	0	0.044365572315882874	0.0	0.0	0.0	0.0	0.0	0.0	0.0	0.0
3	0.0	0.0	2	0.0	11.4	0	0.2059025394646534	0.0	0.0	0.0	0.0	0.0	0.0	0.0	0.0
2	0.0	0.0	69	0.0	11.09	0	0.029052876234747237	0.0	0.0	0.0	0.0	0.0	0.0	0.029052876234747237	0.0
6	1.0	0.0	52	0.0	14.7	0	0.0	0.13661202185792348	0.0	0.125	0.0	0.0	0.0	0.0	0.03415300546448087
6	0.0	0.0	38	0.0	14.95	0	0.0	0.04101722723543889	0.0	0.0	0.0	0.0	0.0	0.0	0.0
4	0.0	0.0	2	0.0251572327044025	16.2	0	0.0	0.028137310073157007	0.0	0.0	0.0	0.0	0.0	0.0	0.0
2	0.0	0.0	0	0.0	13.14	0	0.0	0.09074410163339383	0.0	0.0	0.0	0.0	0.0	0.0	0.0
0	0.0	0.0	18	0.0	0.0	0	0.06920415224913495	0.0	0.0	0.0	0.0	0.0	0.0	0.06920415224913495	0.0
3	0.0	0.0	46	0.0	14.46	0	0.012212994626282366	0.0	0.0	0.0	0.0	0.0	0.0	0.012212994626282366	0.0
2	0.0	0.0	31	0.0	16.07	0	0.0	0.01092896174863388	0.0	0.0	0.0	0.0	0.0	0.0	0.0
0	0.0	0.0	44	0.0	13.97	0	0.0	0.03687315634218289	0.0	0.0	0.0	0.0	0.0	0.0	0.03687315634218289
2	0.0	0.0	66	0.1764705882352941	13.2	0	0.4464285714285714	0.0	0.0	0.0	0.0	0.0	0.0	0.0	0.0
2	0.0	0.0	51	0.0	17.95	0	0.315955766192733	0.0	0.0	0.25	0.0	0.0	0.0	0.0	0.0
4	0.0	0.0	46	0.0	6.82	0	0.09380863039399624	0.0	0.0	0.0	0.0	0.0	0.0	0.0	0.0
6	0.0	0.0	24	0.0	14.77	0	0.08081896551724138	0.0	0.0	0.0	0.0	0.0	0.0	0.0	0.0
1	0.0	1.0	0	0.0	9.5	0	0.0	0.36429872495446264	0.0	0.0	0.0	0.0	0.0	0.0	0.0
4	0.0	0.0	45	0.0	14.06	0	0.027019724398811132	0.0	0.0	0.0	0.0	0.0	0.0	0.013509862199405566	0.0
2	0.0	0.0	0	0.0	17.46	0	0.1362397820163488	0.0	0.0	0.0	0.0	0.0	0.0	0.0	0.0
4	0.0	0.0	54	0.0677966101694915	13.97	0	0.01002004008016032	0.0	0.0	0.0	0.0	0.0	0.0	0.0	0.0
5	0.0	0.0	37	0.04	16.0	0	0.032226877215597804	0.0	0.0	0.0	0.0	0.0	0.0	0.032226877215597804	0.0
0	1.0	0.0	25	0.0	0.0	0	0.0	0.11286681715575622	0.0	1.0	0.0	0.0	0.0	0.0	0.11286681715575622
2	1.0	1.0	5	0.1395348837209302	8.78	0	0.11547344110854503	0.0	0.0	0.0	0.0	0.0	0.0	0.0	0.0
1	0.0	0.0	35	0.0	15.75	0	0.0	0.02940311673037342	0.0	0.0	0.0	0.0	0.0	0.0	0.0
9	0.0	0.0	76	0.0	5.69	0	0.0	0.09615384615384615	0.0	0.0	0.0	0.0	0.0	0.0	0.0
1	0.0	0.0	36	0.0	0.47	0	0.043591979075850044	0.0	0.0	0.25	0.0	0.0	0.0	0.0	0.0
0	0.0	0.0	0	0.3529411764705882	17.62	0	0.06830601092896174	0.0	0.0	2.0	0.0	0.0	0.0	0.0	0.0
3	0.0	0.0	18	0.0	20.87	0	0.24271844660194175	0.0	0.0	1.0	0.0	0.0	0.0	0.0	0.0
5	0.0	0.0	35	0.0	16.11	0	0.0	0.018957345971563982	0.0	0.5	0.0	0.0	0.0	0.01337255950788981	0.0
2	0.0	0.0	42	0.0	15.71	0	0.03154076644062451	0.0	0.0	0.0	0.0	0.0	0.0	0.015770383220312253	0.010233319688907082
1	0.0	0.0	4	0.0	16.2	0	0.0177683013503909	0.0	0.0	0.0	0.0	0.0	0.0	0.0	0.0
2	0.0	0.0	0	0.0	16.45	0	0.0	0.11764705882352941	0.0	0.0	0.0	0.0	0.0	0.0	0.0
0	1.0	0.0	20	0.0869565217391304	0.0	0	0.0	0.0946969696969697	0.0	0.0	0.0	0.0	0.0	0.0	0.0946969696969697
2	0.0	0.0	37	0.0176991150442477	11.64	0	0.0	0.028885037550548817	0.0	1.0	0.0	0.0	0.0	0.0	0.0
1	0.0	0.0	20	0.0	8.96	0	0.0	0.6097560975609756	0.0	0.0	0.0	0.0	0.0	0.0	0.0
0	0.0	0.0	10	0.23809523809523803	0.0	0	0.32679738562091504	0.0	0.0	2.0	0.0	0.0	0.0	0.32679738562091504	0.0
0	0.0	0.0	23	0.25	0.0	0	0.0	0.8064516129032259	0.0	0.0	0.0	0.0	0.0	0.0	0.0
1	0.0	0.0	15	0.0	7.63	0	0.0	0.27624309392265195	0.0	1.0	0.0	0.0	0.0	0.0	0.0
1	0.0	0.0	0	0.0	16.85	0	0.0234796900680911	0.0	0.0	0.0	0.0	0.0	0.0	0.0	0.0
2	0.0	0.0	1	0.0564971751412429	17.16	0	0.0	0.052521008403361345	0.0	1.0	0.0	0.0	0.0	0.0	0.0
3	0.0	0.0	1	0.0	16.2	0	0.05319148936170213	0.0	0.0	0.0	0.0	0.0	0.0	0.0	0.0
1	0.0	1.0	23	0.1481481481481481	10.73	1	0.0	9.09090909090909	0.0	0.8571428571428571	0.0	0.0	0.0	0.0	0.0
0	0.0	0.0	1	0.0	16.07	0	0.03625815808556926	0.0	0.0	0.0	0.0	0.0	0.0	0.0	0.0
3	0.0	0.0	2	0.0	16.77	0	0.0	0.4587155963302752	0.0	0.5	0.0	0.0	0.0	0.0	0.0
0	0.0	0.0	41	0.0	0.0	0	0.15082956259426847	0.0	0.0	0.0	0.0	0.0	0.0	0.0	0.0
0	0.0	1.0	49	0.0132450331125827	6.29	1	0.3383458646616541	0.27842227378190254	0.0	0.5333333333333333	0.0	0.0	0.0	0.0	0.2552204176334107
5	0.0	0.0	34	0.015625	15.46	0	0.0	0.025926886180969666	0.0	0.0	0.0	0.0	0.0	0.0	0.0
1	1.0	1.0	41	0.0	6.0	0	0.0	0.13531799729364005	0.0	0.0	0.0	0.0	0.0	0.0	0.06765899864682003
1	0.0	0.0	33	0.0	15.22	0	0.028336639274582034	0.0	0.0	0.5	0.0	0.0	0.0	0.014168319637291017	0.0
5	0.0	0.0	30	0.0	11.58	0	0.06993006993006992	0.0	0.0	0.5	0.0	0.0	0.0	0.0	0.0
2	0.0	0.0	19	0.0	8.71	0	0.08025682182985554	0.0	0.0	0.0	0.0	0.0	0.0	0.0	0.2178649237472767
1	0.0	0.0	32	0.0434782608695652	14.09	0	0.033852403520649964	0.0	0.0	5.0	0.0	0.0	0.0	0.0	0.0
2	0.0	0.0	39	0.1195652173913043	14.11	0	0.029708853238265005	0.0	0.0	0.0	0.0	0.0	0.0	0.014854426619132503	0.0
2	0.0	0.0	17	0.0	8.75	0	0.2066115702479339	0.0	0.0	0.0	0.0	0.0	0.0	0.0	0.0
2	0.0	0.0	34	0.0	11.82	0	0.16583747927031509	0.0	0.0	0.5	0.0	0.0	0.0	0.08291873963515754	0.0
1	0.0	0.0	29	0.0	14.27	0	0.04336513443191674	0.0	0.0	0.5	0.0	0.0	0.0	0.0	0.0
0	0.0	0.0	21	0.0	0.0	0	0.0	0.4016064257028112	0.0	0.0	0.0	0.0	0.0	0.0	0.2008032128514056
1	0.0	0.0	44	0.0	12.81	0	0.04625346901017576	0.0	0.0	0.0	0.0	0.0	0.0	0.04625346901017576	0.0
0	0.0	0.0	38	0.0	0.0	0	0.42016806722689076	0.0	0.0	0.0	0.0	0.0	0.0	0.0	0.0
1	0.0	0.5	39	0.0	1.89	0	0.0	0.05243838489774515	0.0	0.0	0.0	0.0	0.0	0.0	0.0
2	0.0	0.0	0	0.0	19.74	0	0.0	0.4347826086956522	0.0	0.0	0.0	0.0	0.0	0.0	0.0
1	0.0	0.0	35	0.0057142857142857	16.73	0	0.5641136906053373	0.0	0.0	0.46153846153846156	0.0	0.0	0.0	0.0	0.0
3	0.0	0.0	0	0.0	16.58	0	0.0	0.15015015015015015	0.0	0.5	0.0	0.0	0.0	0.0	0.0
1	0.0	0.0	13	0.2	9.5	0	0.5617977528089888	0.0	0.0	0.0	0.0	0.0	0.0	0.0	0.0
2	0.0	0.0	1	0.1428571428571428	15.51	0	0.0	0.8474576271186441	0.0	1.0	0.0	0.0	0.0	0.0	0.0
4	0.0	0.0	2	0.0	16.14	0	0.03930817610062893	0.0	0.0	0.0	0.0	0.0	0.0	0.0	0.0
3	0.0	0.0	46	0.0	12.4	0	0.03326679973386561	0.06613756613756615	0.0	0.25	0.0	0.0	0.0	0.0	0.0
2	0.0	0.0	32	0.0	6.51	0	0.04423473901503982	0.0	0.0	0.0	0.0	0.0	0.0	0.0	0.026028110359187923
0	0.0	0.0	35	0.0	0.0	0	0.0	0.03770739064856712	0.0	0.0	0.0	0.0	0.0	0.0	0.01885369532428356
2	0.0	0.0	0	0.0	15.51	0	0.0	0.30120481927710846	0.0	0.0	0.0	0.0	0.0	0.0	0.0
2	0.0	0.0	29	0.0	7.14	0	0.14705882352941177	0.0	0.0	1.0	0.0	0.0	0.0	0.0	0.0
2	0.0	0.0	22	0.0	15.28	0	0.020292207792207792	0.0	0.0	0.0	0.0	0.0	0.0	0.0	0.0
0	0.0	0.0	38	0.0434782608695652	5.98	0	0.0	0.2032520325203252	0.0	0.5	0.0	0.0	0.0	0.0	0.0
2	0.0	0.0	1	0.0	16.84	0	0.0	0.10638297872340426	0.0	0.0	0.0	0.0	0.0	0.0	0.0
3	0.0	0.0	19	0.0	8.33	0	0.1278772378516624	0.0	0.0	0.0	0.0	0.0	0.0	0.1278772378516624	0.0
1	0.0	0.0	55	0.0	10.0	0	0.30303030303030304	0.0	0.0	0.0	0.0	0.0	0.0	0.0	0.0
1	0.0	0.0	1	0.4716981132075472	18.2	0	0.0	0.2801120448179272	0.0	4.5	0.0	0.0	0.0	0.0	0.0
1	0.0	0.0	0	0.0	17.35	0	0.0	1.7857142857142858	0.0	0.0	0.0	0.0	0.0	0.0	0.0
2	0.0	0.0	1	0.0	16.23	0	0.0	0.032226877215597804	0.0	0.0	0.0	0.0	0.0	0.0	0.0
4	1.0	0.0	48	0.1273885350318471	10.77	0	0.0	0.16851227732306212	0.0	0.0	0.0	0.0	0.0	0.0	0.0
4	0.0	0.0	19	0.1009615384615384	16.02	0	0.0	0.01363884342607747	0.0	0.0	0.0	0.0	0.0	0.026680896478121666	0.0
0	0.0	0.0	17	0.0	0.0	0	0.2976190476190476	0.0	0.0	0.5	0.0	0.0	0.0	0.0	0.0
2	1.0	0.0	34	0.0869565217391304	34.3	1	0.0	0.6030701754385965	0.09090909090909091	1.1363636363636365	0.0	0.0	0.0	0.0	0.0
0	0.0	0.0	18	0.0303030303030303	0.0	0	0.0	0.06119951040391677	0.0	0.0	0.0	0.0	0.0	0.0	0.0
0	0.0	0.0	1	0.6041666666666666	17.95	0	0.0	0.17482517482517484	0.0	4.0	0.0	0.0	0.0	0.0	0.0
0	0.0	0.0	0	0.0	17.28	0	0.0	0.5263157894736842	0.0	0.5	0.0	0.0	0.0	0.0	0.0
0	0.0	0.0	0	0.0	16.77	0	0.0	0.08431703204047218	0.0	0.0	0.0	0.0	0.0	0.0	0.0
3	0.0	0.0	34	0.0	15.02	0	0.0	0.01481042654028436	0.0	0.0	0.0	0.0	0.0	0.030102347983142687	0.0
0	0.0	0.0	40	0.0	5.38	0	0.2145922746781116	0.0	0.0	1.0	0.0	0.0	0.0	0.0	0.0
4	0.0	1.0	40	0.0657276995305164	16.26	0	0.0	0.05997001499250375	0.0	0.0	0.0	0.0	0.0	0.0	0.029985007496251874
5	0.0	0.0	47	0.0	13.98	0	0.0	0.04621072088724584	0.0	6.0	0.0	0.0	0.0	0.0	0.02310536044362292
2	0.0	0.0	33	0.0	5.87	0	5.813953488372093	0.0	0.0	0.0	0.0	0.0	0.0	0.0	0.0
1	0.0	0.0	14	0.0526315789473684	12.0	0	0.1923076923076923	0.0	0.0	0.0	0.0	0.0	0.0	0.0	0.0
1	0.0	0.0	29	0.0172413793103448	14.51	0	0.46153846153846156	0.0	0.0	0.0	0.0	0.0	0.0	0.0	0.0
0	0.0	0.0	25	0.0769230769230769	0.0	0	0.10893246187363835	0.0	0.0	0.0	0.0	0.0	0.0	0.10893246187363835	0.0
0	0.0	0.0	18	0.0	11.28	0	0.09727626459143969	0.0	0.0	0.0	0.0	0.0	0.0	0.09727626459143969	0.0
1	0.0	0.0	16	0.0	9.5	0	0.06887052341597796	0.0	0.0	0.0	0.0	0.0	0.0	0.0	0.0
0	0.0	0.0	32	0.1639344262295081	10.86	0	0.10615711252653928	0.0	0.0	0.0	0.0	0.0	0.0	0.0	0.0
6	0.0	0.0	27	0.0	15.29	0	0.031220730565095223	0.0	0.0	0.0	0.0	0.0	0.0	0.0	0.0
2	0.0	0.0	52	0.0	12.86	0	0.028993911278631487	0.0	0.0	0.0	0.0	0.0	0.0	0.0	0.024740227610094014
3	0.0	0.0	39	0.0833333333333333	29.45	0	0.0651890482398957	0.0	0.0	0.0	0.0	0.0	0.0	0.03259452411994785	0.0
1	0.0	0.0	0	0.0	16.65	0	0.0	0.37593984962406013	0.0	0.0	0.0	0.0	0.0	0.0	0.0
1	1.0	1.0	46	0.0	16.91	0	0.0	0.2574002574002574	0.0	1.0	0.0	0.0	0.0	0.0	0.2574002574002574
2	0.0	0.0	0	0.0588235294117647	16.56	0	0.0	0.18656716417910446	0.0	0.0	0.0	0.0	0.0	0.0	0.0
2	0.0	0.0	39	0.2452830188679245	11.21	0	0.0	0.028344671201814057	0.0	0.0	0.0	0.0	0.0	0.0	0.08503401360544217
3	1.0	1.0	25	0.0	71.21	0	0.08428150021070376	0.0	0.0	0.0	0.0	0.0	0.0	0.0	0.0
2	0.0	0.0	0	0.0	17.16	0	0.0	0.30303030303030304	0.0	0.0	0.0	0.0	0.0	0.0	0.0
3	0.0	0.0	19	0.0	8.41	0	0.24630541871921185	0.0	0.0	0.0	0.0	0.0	0.0	0.12315270935960593	0.0
0	0.0	0.0	24	0.015267175572519	0.0	0	0.04553734061930783	0.0	0.0	0.0	0.0	0.0	0.0	0.0	0.0
1	0.0	0.0	0	0.0	21.5	0	0.03620564808110065	0.0	0.0	0.0	0.0	0.0	0.0	0.0	0.0
0	0.0	0.0	13	0.0	0.0	0	0.0	1.6666666666666667	0.0	1.0	0.0	0.0	0.0	0.0	0.0
0	0.0	0.0	21	0.0	0.0	0	0.1607717041800643	0.0	0.0	0.0	0.0	0.0	0.0	0.0	0.0
3	0.0	0.0	43	0.0	14.36	0	0.026246719160104987	0.0	0.0	0.0	0.0	0.0	0.0	0.0	0.0
1	0.0	0.0	38	0.0725806451612903	4.5	0	0.0	0.024975024975024976	0.0	0.0	0.0	0.0	0.0	0.0	0.012487512487512488
2	0.0	0.0	32	0.0	16.01	0	0.016863406408094434	0.0	0.0	0.0	0.0	0.0	0.0	0.0	0.0
2	0.0	0.0	21	0.0	6.22	0	0.25125628140703515	0.0	0.0	0.5	0.0	0.0	0.0	0.0	0.0
5	0.0	0.0	45	0.0233463035019455	15.29	0	0.0	0.024770869457517962	0.0	4.0	0.0	0.0	0.0	0.0	0.0
4	0.0	0.0	4	0.0077220077220077	17.0	0	0.0	0.06821282401091405	0.0	0.5	0.0	0.0	0.0	0.0	0.0
3	0.0	0.0	74	0.0454545454545454	5.24	0	1.1764705882352942	0.0	0.0	0.08333333333333333	0.0	0.0	0.0	0.0	0.0
1	0.0	0.0	0	0.0	9.5	0	0.0	0.5319148936170213	0.0	0.0	0.0	0.0	0.0	0.0	0.0
2	0.0	0.0	50	0.1813953488372093	13.78	0	0.0	0.09079903147699758	0.0	0.0	0.0	0.0	0.0	0.0	0.0
1	0.0	0.0	0	0.0	16.41	0	0.0	0.025056376847907794	0.0	0.0	0.0	0.0	0.0	0.0	0.0
1	0.0	0.0	0	0.0	17.0	0	0.0	0.08532423208191126	0.0	2.0	0.0	0.0	0.0	0.0	0.0
2	0.0	0.0	14	0.0	10.41	0	0.20576131687242796	0.0	0.0	0.5	0.0	0.0	0.0	0.0	0.0
4	0.0	0.0	34	0.0	65.42	1	0.0	0.7119386637458927	0.0	1.1538461538461537	0.0	0.0	0.0	0.0	0.492880613362541
3	0.0	0.0	62	0.0	11.31	0	0.14792899408284024	0.0	0.0	0.0	0.0	0.0	0.0	0.0	0.0
2	1.0	0.6666666666666666	40	0.0	20.47	0	0.07171029042667623	0.0	0.0	0.0	0.0	0.0	0.0	0.0	0.0
1	0.0	0.0	0	0.0	10.0	0	0.0	0.1322751322751323	0.0	0.0	0.0	0.0	0.0	0.0	0.0
2	0.0	0.0	37	0.0	15.11	0	0.03158559696778269	0.0	0.0	0.0	0.0	0.0	0.0	0.0	0.0
1	0.0	1.0	19	0.0	24.5	0	0.0	0.06724949562878278	0.0	0.0	0.0	0.0	0.0	0.0	0.0
0	0.0	0.0	0	0.0714285714285714	16.48	0	0.0	0.14619883040935672	0.0	0.5	0.0	0.0	0.0	0.0	0.0
1	0.0	0.0	43	0.0	9.17	0	0.0	0.10183299389002036	0.0	4.0	0.0	0.0	0.0	0.0	0.0
1	1.0	0.0	34	0.0	21.5	0	0.0	0.08802816901408451	0.0	0.5	0.0	0.0	0.0	0.0	0.04401408450704226
1	0.0	0.0	0	0.0	16.36	0	0.0	0.08928571428571429	0.0	0.5	0.0	0.0	0.0	0.0	0.0
1	0.0	0.0	13	0.0	23.0	0	0.08576329331046312	0.0	0.0	0.5	0.0	0.0	0.0	0.0	0.0
1	0.0	0.0	30	0.0	14.25	0	0.043478260869565216	0.0	0.0	0.5	0.0	0.0	0.0	0.021739130434782608	0.0
0	0.0	0.0	17	0.0	0.0	1	0.0	25.0	0.0	1.0	0.0	0.0	0.0	0.0	0.0
1	0.0	0.0	21	0.1061946902654867	15.14	0	0.046707146193367584	0.0	0.0	0.5	0.0	0.0	0.0	0.0	0.0
1	0.0	0.0	36	0.0	9.87	0	0.06165228113440198	0.0	0.0	0.5	0.0	0.0	0.0	0.0	0.0
0	0.0	0.0	14	0.0	0.0	0	1.0	0.0	0.0	0.5	0.0	0.0	0.0	0.0	0.0
0	0.0	0.0	0	0.0	16.68	0	0.0	0.023391812865497075	0.0	0.0	0.0	0.0	0.0	0.0	0.0
6	0.0	0.0	0	0.0070422535211267	16.39	0	0.0	0.03894080996884735	0.0	0.0	0.0	0.0	0.0	0.0	0.0
2	0.0	0.0	15	0.3333333333333333	6.36	0	0.0	0.5102040816326531	0.0	1.0	0.0	0.0	0.0	0.4587155963302752	0.0
2	0.0	0.0	36	0.0104166666666666	15.91	0	0.0	0.043327556325823226	0.0	1.0	0.0	0.0	0.0	0.0	0.0
1	1.0	0.0	0	0.0	10.5	0	0.0	0.13812154696132597	0.0	0.0	0.0	0.0	0.0	0.0	0.0
0	0.0	0.0	36	0.0	15.12	0	0.0	0.041237113402061855	0.0	0.0	0.0	0.0	0.0	0.0	0.020618556701030927
1	0.0	0.0	1	0.0408163265306122	16.27	0	0.0	0.026399155227032733	0.0	0.0	0.0	0.0	0.0	0.0	0.0
2	0.0	0.0	15	0.0	5.5	0	0.8064516129032259	0.0	0.0	0.0	0.0	0.0	0.0	0.0	0.0
1	0.0	0.0	0	0.0	16.57	0	0.0	0.3333333333333333	0.0	0.0	0.0	0.0	0.0	0.0	0.0
1	0.0	0.0	21	0.05	9.5	0	0.15873015873015872	0.0	0.0	2.0	0.0	0.0	0.0	0.0	0.0
1	0.0	0.0	18	0.0	10.0	0	0.14492753623188406	0.0	0.0	0.0	0.0	0.0	0.0	0.0	0.0
1	0.0	0.0	19	0.0	10.0	0	0.26881720430107525	0.0	0.0	0.0	0.0	0.0	0.0	0.0	0.0
2	0.0	0.0	25	0.2222222222222222	11.59	0	0.23696682464454977	0.0	0.0	0.0	0.0	0.0	0.0	0.23696682464454977	0.0
0	0.5	0.5	42	0.0	0.0	0	0.0	0.03128911138923655	0.0	0.0	0.0	0.0	0.0	0.0	0.0
1	0.0	0.0	0	0.0	11.0	0	0.0	0.684931506849315	0.0	1.0	0.0	0.0	0.0	0.0	0.0
1	0.0	0.0	40	0.0	10.48	0	0.21428571428571427	0.0	0.0	0.0	0.0	0.0	0.0	0.0	0.0
1	0.0	1.0	41	0.0	9.5	0	0.07496251874062969	0.0	0.0	0.0	0.0	0.0	0.0	0.037481259370314844	0.0
2	0.0	0.0	14	0.0	16.24	0	0.029299736302373276	0.0	0.0	1.0	0.0	0.0	0.0	0.0	0.0
2	0.0	0.0	6	0.0594059405940594	16.14	0	0.03522367030644593	0.0	0.0	0.0	0.0	0.0	0.0	0.0	0.0
0	0.0	0.0	24	0.0	0.0	0	0.2304147465437788	0.0	0.0	0.0	0.0	0.0	0.0	0.2304147465437788	0.0
1	0.0	0.0	38	0.0	12.93	0	0.0	0.061274509803921566	0.0	0.0	0.0	0.0	0.0	0.0	0.0
1	0.0	0.0	23	0.0	9.61	0	0.1251564455569462	0.0	0.0	0.0	0.0	0.0	0.0	0.0	0.0
1	0.0	0.0	0	0.0	9.5	0	0.0	0.16447368421052633	0.0	0.0	0.0	0.0	0.0	0.0	0.0
1	0.0	0.0	34	0.0	13.29	0	0.0	0.07692307692307693	0.0	0.0	0.0	0.0	0.0	0.0	0.0
1	0.0	0.0	40	0.0	16.05	0	0.0	0.021777003484320556	0.0	0.0	0.0	0.0	0.0	0.012436264146250467	0.0
3	0.0	0.0	19	0.0	15.42	0	0.0	0.04743833017077799	0.0	0.0	0.0	0.0	0.0	0.04488330341113106	0.0
2	0.0	0.0	3	0.0	16.48	0	0.0	0.09107468123861566	0.0	0.0	0.0	0.0	0.0	0.0	0.0
5	0.0	0.0	49	0.0	15.02	0	0.0	0.01671402306535183	0.0	0.0	0.0	0.0	0.0	0.0	0.01671402306535183
2	0.0	0.0	42	0.3562231759656652	14.99	0	0.0	0.04854368932038835	0.0	1.0	0.0	0.0	0.0	0.0	0.0
0	1.0	0.0	45	0.0	0.0	0	0.0	0.11614401858304298	0.0	0.0	0.0	0.0	0.0	0.0	0.05807200929152149
6	0.0	0.0	19	0.0	16.46	0	0.0	0.01589825119236884	0.0	1.0	0.0	0.0	0.0	0.0	0.0
1	0.0	0.0	4	0.25	12.07	0	1.1904761904761905	0.0	0.0	1.5	0.0	0.0	0.0	0.0	0.0
0	0.0	0.0	1	0.0	16.58	0	0.0	0.03466204506065858	0.0	0.0	0.0	0.0	0.0	0.0	0.0
3	0.0	0.0	2	0.0	16.22	0	0.01966568338249754	0.0	0.0	0.0	0.0	0.0	0.0	0.0	0.0
2	0.0	0.0	45	0.0373831775700934	14.99	0	0.07097232079488999	0.0	0.0	0.0	0.0	0.0	0.0	0.0	0.008480325644504749
4	0.0	0.0	1	0.0	16.07	0	0.04038772213247173	0.0	0.0	0.0	0.0	0.0	0.0	0.0	0.0
3	0.0	0.0	37	0.0	15.64	0	0.0	0.01567643831321524	0.0	0.5	0.0	0.0	0.0	0.0	0.01567643831321524
0	0.0	0.0	22	0.0	0.0	0	0.0	0.0	0.0	0.0	0.0	0.0	0.0	0.0	0.0
9	0.0	0.0	19	0.0294117647058823	12.59	0	0.0	0.10683760683760685	0.0	0.0	0.0	0.0	0.0	0.0	0.0
6	0.0	0.0	32	0.0	15.66	0	0.06013229104028864	0.0	0.0	0.0	0.0	0.0	0.0	0.0	0.0
1	0.0	0.0	0	0.0	10.0	0	0.0	0.4048582995951417	0.0	0.0	0.0	0.0	0.0	0.0	0.0
1	0.0	0.0	19	0.0	15.47	0	0.04060089321965083	0.0	0.0	0.0	0.0	0.0	0.0	0.020300446609825416	0.0
1	1.0	0.0	15	0.5470085470085471	7.54	0	0.0	0.18484288354898337	0.0	0.0	0.0	0.0	0.0	0.0	0.0
1	0.0	0.0	29	0.3103448275862069	14.03	0	0.07204610951008646	0.0	0.0	0.0	0.0	0.0	0.0	0.0	0.018335166850018337
2	0.0	0.0	25	0.0	25.66	0	0.0	0.04065040650406504	0.0	0.0	0.0	0.0	0.0	0.0	0.0
1	0.0	0.0	44	0.1442307692307692	10.0	0	0.026469031233456855	0.0	0.0	0.0	0.0	0.0	0.0	0.026469031233456855	0.0
3	0.0	0.0	25	0.0	16.07	0	0.016066838046272493	0.0	0.0	0.0	0.0	0.0	0.0	0.0	0.0
1	0.0	0.0	0	0.0909090909090909	9.5	0	0.0	0.39370078740157477	0.0	0.0	0.0	0.0	0.0	0.0	0.0
2	0.0	0.0	60	0.0	8.22	0	0.06565988181221273	0.0	0.0	0.0	0.0	0.0	0.0	0.0	0.0
2	0.0	0.0	32	0.1666666666666666	17.88	0	0.0	0.4335260115606936	0.0	0.6666666666666666	0.0	0.0	0.0	0.0	0.09633911368015413
3	0.0	0.0	46	0.0	14.65	0	0.02835270768358378	0.0	0.0	0.0	0.0	0.0	0.0	0.0	0.011215791834903545
1	0.0	0.0	26	0.0	6.5	0	0.0	0.031665611146295125	0.0	0.0	0.0	0.0	0.0	0.0	0.0
1	0.0	0.0	45	0.0	9.33	0	0.0	0.054884742041712405	0.0	0.0	0.0	0.0	0.0	0.041841004184100423	0.0
1	0.0	0.0	31	0.0	9.5	0	0.6437768240343348	0.0	0.0	0.0	0.0	0.0	0.0	0.0	0.0
4	1.0	1.0	41	0.015625	41.25	0	0.10025062656641605	0.0	0.0	0.25	0.0	0.0	0.0	0.0	0.0
2	0.0	0.0	34	0.0	15.35	0	0.027292576419213975	0.0	0.0	0.0	0.0	0.0	0.0	0.013646288209606987	0.0
1	0.0	0.0	47	0.0	10.0	0	0.0	0.060060060060060066	0.0	0.0	0.0	0.0	0.0	0.0	0.0
1	0.0	0.0	17	0.0	15.91	0	0.029163021289005542	0.0	0.0	0.0	0.0	0.0	0.0	0.0	0.0
1	0.0	0.0	0	0.0	10.0	0	0.0	0.2958579881656805	0.0	0.5	0.0	0.0	0.0	0.0	0.0
5	0.0	0.0	39	0.0	14.76	0	0.0	0.04	0.0	0.0	0.0	0.0	0.0	0.0	0.02
3	0.0	0.0	0	0.0	16.92	0	0.0	0.22624434389140272	0.0	0.5	0.0	0.0	0.0	0.0	0.0
0	0.0	0.0	15	0.0	0.0	0	0.10504201680672269	0.0	0.0	1.0	0.0	0.0	0.0	0.0	0.0
3	0.0	0.0	23	0.0	7.13	0	0.2173913043478261	0.0	0.0	0.5	0.0	0.0	0.0	0.0	0.0
1	0.0	0.0	2	0.0434782608695652	15.9	0	0.0	0.25510204081632654	0.0	0.0	0.0	0.0	0.0	0.0	0.0
2	1.0	0.6	0	0.0	10.4	0	0.0	0.029895366218236172	0.0	0.0	0.0	0.0	0.0	0.0	0.0
2	0.3333333333333333	0.5	45	0.0	16.07	0	0.0	0.23715415019762845	0.0	0.0	0.0	0.0	0.0	0.0	0.0
2	0.0	0.0	7	0.0	16.33	0	0.0	0.07278020378457059	0.0	1.0	0.0	0.0	0.0	0.0	0.0
1	0.3333333333333333	0.5	54	0.017094017094017	38.39	1	0.0	1.0822510822510822	0.0	0.4	0.0	0.0	0.0	0.04816955684007707	0.7034632034632035
0	1.0	0.0	48	0.0	0.0	0	0.0	0.04906771344455348	0.0	0.0	0.0	0.0	0.0	0.0	0.0
3	0.0	0.0	19	0.0373831775700934	15.9	0	0.18668326073428748	0.0	0.0	1.5	0.0	0.0	0.0	0.031113876789047916	0.0
2	0.0	0.0	55	0.0	11.16	0	0.0	0.11876484560570072	0.0	0.0	0.0	0.0	0.0	0.0	0.0
0	0.0	0.0	29	0.0	0.0	0	0.0966183574879227	0.0	0.0	0.0	0.0	0.0	0.0	0.0966183574879227	0.0
2	0.0	0.0	35	0.3643410852713178	13.95	0	0.01783803068141277	0.0	0.0	1.0	0.0	0.0	0.0	0.0	0.0
2	0.0	0.0	0	0.0	25.04	0	0.0	0.8928571428571428	0.0	0.0	0.0	0.0	0.0	0.0	0.0
7	0.0	0.0	43	0.0	15.32	0	0.0	0.022381378692927483	0.0	0.5	0.0	0.0	0.0	0.0	0.0
2	0.0	0.0	31	0.0	15.51	0	0.03865979381443299	0.0	0.0	0.0	0.0	0.0	0.0	0.0	0.0
1	0.0	0.0	14	0.2023809523809523	15.93	0	0.06561679790026247	0.0	0.0	0.0	0.0	0.0	0.0	0.0	0.0
3	0.0	0.0	47	0.3686635944700461	13.33	0	0.0591715976331361	0.0	0.0	1.0	0.0	0.0	0.0	0.0	0.0
2	0.0	0.0	18	0.0	12.51	0	0.6711409395973155	0.0	0.0	0.0	0.0	0.0	0.0	0.0	0.0
5	0.0	0.0	30	0.0	15.17	0	0.028272547356516825	0.0	0.0	0.0	0.0	0.0	0.0	0.014136273678258413	0.0
0	0.0	0.0	60	0.2962962962962963	5.51	0	0.0	0.20161290322580647	0.0	0.5	0.0	0.0	0.0	0.0	0.0
2	0.0	0.0	16	0.0	8.34	0	0.2304147465437788	0.0	0.0	1.0	0.0	0.0	0.0	0.0	0.0
1	0.0	0.0	20	0.0	5.5	0	0.7042253521126761	0.0	0.0	0.0	0.0	0.0	0.0	0.0	0.0
5	0.0	0.0	45	0.0	15.37	0	0.019011406844106463	0.0	0.0	0.0	0.0	0.0	0.0	0.0	0.02064409578860446
1	0.0	0.0	14	0.0	2.83	0	0.11013215859030837	0.0	0.0	0.0	0.0	0.0	0.0	0.0	0.0
1	0.0	0.0	49	0.0	7.98	0	0.09225092250922509	0.0	0.0	0.5	0.0	0.0	0.0	0.09225092250922509	0.0
11	0.0	0.0	41	0.0105263157894736	15.87	0	0.0	0.01889287738522577	0.0	0.5	0.0	0.0	0.0	0.0	0.0
3	0.0	0.0	32	0.0833333333333333	5.82	0	0.37037037037037035	0.0	0.0	0.0	0.0	0.0	0.0	0.0	0.0
4	0.0	0.0	75	0.0	10.22	0	0.03577817531305903	0.0	0.0	0.0	0.0	0.0	0.0	0.0	0.0
1	0.0	0.0	0	0.0	9.5	0	0.0	1.1904761904761905	0.0	0.0	0.0	0.0	0.0	0.0	0.0
1	0.0	0.0	15	0.0	14.61	0	0.07215007215007216	0.0	0.0	0.0	0.0	0.0	0.0	0.0	0.0
3	0.0	0.0	2	0.0746268656716417	16.14	0	0.0	0.0324254215304799	0.0	0.0	0.0	0.0	0.0	0.0	0.0
0	0.0	0.0	36	0.0365296803652968	15.93	0	0.04604758250191864	0.0	0.0	1.1666666666666667	0.0	0.0	0.0	0.0	0.0
3	0.0	0.0	43	0.0	10.97	0	0.0	0.06281407035175879	0.0	0.0	0.0	0.0	0.0	0.0	0.06281407035175879
4	1.0	1.0	47	0.0	16.28	0	0.0	0.023892008123282765	0.0	0.0	0.0	0.0	0.0	0.0	0.0
2	0.0	0.0	0	0.0	19.45	0	0.0	0.0992063492063492	0.0	0.0	0.0	0.0	0.0	0.0	0.0
1	0.0	0.0	28	0.0368098159509202	15.09	0	0.037327360955580445	0.0	0.0	0.0	0.0	0.0	0.0	0.0	0.0
0	0.0	1.0	34	0.0	0.0	0	0.0	0.19157088122605365	0.0	0.0	0.0	0.0	0.0	0.0	0.0
1	0.0	0.0	36	0.0	5.18	0	0.1607717041800643	0.0	0.0	0.0	0.0	0.0	0.0	0.0	0.0
2	0.0	0.0	39	0.0	15.12	0	0.0	0.013575889220743959	0.0	1.0	0.0	0.0	0.0	0.0	0.027151778441487917
1	1.0	0.0	21	0.2222222222222222	15.68	1	0.0	0.0	0.0	1.0	0.0	0.0	0.0	0.0	0.0
2	0.0	0.0	17	0.0	16.22	0	0.021561017680034496	0.0	0.0	0.0	0.0	0.0	0.0	0.0	0.0
2	0.0	0.0	19	0.0434782608695652	11.34	0	0.1072961373390558	0.0	0.0	0.0	0.0	0.0	0.0	0.0	0.0
1	0.0	0.0	0	0.25	17.84	0	0.0	0.9090909090909091	0.0	0.0	0.0	0.0	0.0	0.0	0.0
0	0.0	0.0	13	0.0	0.0	0	0.26246719160104987	0.0	0.0	1.0	0.0	0.0	0.0	0.26246719160104987	0.0
1	0.0	0.0	0	0.0	17.22	0	0.0	0.40322580645161293	0.0	0.0	0.0	0.0	0.0	0.0	0.0
2	0.0	0.5	57	0.0	30.5	1	2.601568068424804	0.03845414343395501	0.0	0.38961038961038963	0.0	0.0	0.0	0.0	0.019227071716977504
0	0.5	0.4	40	0.0	13.85	1	0.29027576197387517	0.38507109004739337	0.0	0.5789473684210527	0.0	0.0	0.0	0.04837929366231253	0.0
2	0.0	0.0	49	0.0	13.58	0	0.0	0.016722408026755852	0.0	0.0	0.0	0.0	0.0	0.0	0.0
0	0.0	0.0	2	0.0	16.14	0	0.021114864864864864	0.0	0.0	0.0	0.0	0.0	0.0	0.0	0.0
2	0.0	0.0	32	0.0625	14.86	0	0.03165558721114277	0.0	0.0	0.5	0.0	0.0	0.0	0.0	0.0
3	0.0	0.0	43	0.0434782608695652	9.27	0	0.09025270758122744	0.0	0.0	0.0	0.0	0.0	0.0	0.0	0.0
0	0.0	0.0	28	0.0	15.88	0	0.04497751124437781	0.0	0.0	0.0	0.0	0.0	0.0	0.0	0.0
0	0.0	0.0	5	0.1058823529411764	8.96	0	0.0	0.07524454477050414	0.0	0.5	0.0	0.0	0.0	0.0	0.0
0	0.0	0.0	37	0.0	0.0	0	0.0	0.1026694045174538	0.0	0.0	0.0	0.0	0.0	0.0	0.0
1	0.0	0.0	0	0.0	11.0	0	0.0	0.9803921568627451	0.0	0.5	0.0	0.0	0.0	0.0	0.0
0	0.0	0.0	22	0.0	0.0	1	0.0	0.24875621890547267	0.0	0.5	0.0	0.0	0.0	0.0	0.0
3	1.0	1.0	6	0.0934065934065934	14.46	0	0.04061738424045491	0.0	0.0	0.0	0.0	0.0	0.0	0.0	0.0
2	0.0	0.0	0	0.0	16.69	0	0.0	0.1234567901234568	1.0	0.5	0.0	0.0	0.0	0.0	0.0
1	0.0	0.0	0	0.0	16.25	0	0.0	0.015119443604475355	0.0	0.5	0.0	0.0	0.0	0.0	0.0
2	0.0	0.0	1	0.0	16.65	0	0.05977286312014345	0.0	0.0	1.5	0.0	0.0	0.0	0.0	0.0
2	0.0	0.0	5	0.0	7.35	0	0.2192982456140351	0.0	0.0	0.25	0.0	0.0	0.0	0.0	0.0
0	1.0	0.0	41	0.0	0.0	0	0.11848341232227488	0.0	0.0	0.0	0.0	0.0	0.0	0.05924170616113744	0.0
3	0.0	0.0	51	0.0	13.67	0	0.7042253521126761	0.0	0.0	0.0	0.0	0.0	0.0	0.0	0.0
1	0.0	0.0	10	0.3271028037383177	0.47	0	0.05929439667951379	0.0	0.0	0.5	0.0	0.0	0.0	0.0	0.0
3	0.0	0.0	31	0.0	15.39	0	0.024618414574101428	0.0	0.0	0.0	0.0	0.0	0.0	0.0	0.0
1	0.0	0.0	64	0.0	9.5	0	0.3164556962025316	0.0	0.0	0.5	0.0	0.0	0.0	0.0	0.0
1	0.0	0.0	18	0.1271186440677966	11.5	0	0.024937655860349125	0.0	0.0	0.0	0.0	0.0	0.0	0.0	0.0
4	0.0	0.0	30	0.0	15.52	0	0.026441036488630353	0.0	0.0	0.0	0.0	0.0	0.0	0.013220518244315176	0.0
0	0.0	0.0	12	0.0754716981132075	16.63	0	0.0	0.025233409033560434	0.0	6.0	0.0	0.0	0.0	0.0	0.0
1	1.0	0.0	3	0.4666666666666667	0.47	0	0.0	0.7299270072992701	0.0	0.5	0.0	0.0	0.0	0.0	0.0
1	0.0	0.0	1	0.324074074074074	17.26	0	0.0	0.06578947368421052	0.0	0.5	0.0	0.0	0.0	0.0	0.0
1	1.0	1.0	8	0.1658031088082901	0.47	0	0.0	0.03749531308586426	0.0	1.0	0.0	0.0	0.0	0.0	0.03749531308586426
7	0.0	0.0	67	0.0	13.74	0	0.018545994065281898	0.0	0.0	0.0	0.0	0.0	0.0	0.0	0.0
0	0.0	0.0	48	0.0	14.94	0	0.0	0.0254841997961264	0.0	0.0	0.0	0.0	0.0	0.0	0.0
0	0.0	0.0	45	0.0	15.5	0	0.016129032258064516	0.0	0.0	0.0	0.0	0.0	0.0	0.0	0.0
2	0.5	1.0	22	0.0	13.75	0	0.0	0.047214353163361665	0.0	0.5	0.0	0.0	0.0	0.0	0.023607176581680833
0	1.0	0.0	41	0.0	0.0	0	0.0	5.0	0.0	0.0	0.0	0.0	0.0	0.0	0.0
1	0.0	0.0	16	0.0	10.5	0	0.684931506849315	0.0	0.0	0.0	0.0	0.0	0.0	0.0	0.0
0	1.0	1.0	41	0.0	0.0	0	0.23640661938534277	0.0	0.0	0.0	0.0	0.0	0.0	0.0	0.0
4	0.0	0.0	23	0.0	15.73	0	0.0	0.03026634382566586	0.0	0.5	0.0	0.0	0.0	0.0	0.03026634382566586
2	0.0	0.0	39	0.0	15.36	0	0.0	0.016186468112657816	0.0	0.0	0.0	0.0	0.0	0.02281021897810219	0.0
1	0.0	0.0	15	0.0	13.75	0	0.08361204013377926	0.0	0.0	0.0	0.0	0.0	0.0	0.0	0.0
0	0.0	0.0	20	0.125	0.0	0	0.0	0.18181818181818182	0.0	0.0	0.0	0.0	0.0	0.0	0.0
4	0.0	0.0	2	0.0276816608996539	16.83	0	0.0	0.027122321670735017	0.0	0.0	0.0	0.0	0.0	0.0	0.0
1	0.0	0.0	0	0.0	10.0	0	0.0	0.10288065843621398	0.0	0.0	0.0	0.0	0.0	0.0	0.0
2	0.0	0.0	38	0.0	10.03	0	0.10869565217391305	0.0	0.0	0.0	0.0	0.0	0.0	0.05434782608695653	0.0
3	0.0	0.0	20	0.0	11.01	0	0.025113008538422903	0.0	0.0	0.0	0.0	0.0	0.0	0.0	0.0
0	0.0	0.0	18	0.0	0.0	0	0.0	0.15600624024961	0.0	0.0	0.0	0.0	0.0	0.0	0.0
2	0.0	1.0	17	0.1798561151079136	13.55	0	0.06234413965087282	0.0	0.0	0.0	0.0	0.0	0.0	0.0	0.0
3	0.0	0.0	34	0.1490683229813664	14.87	0	0.0	0.024521824423737126	0.0	0.0	0.0	0.0	0.0	0.0	0.0
1	0.0	0.0	14	0.0	13.21	0	0.0	0.13966480446927373	0.0	1.0	0.0	0.0	0.0	0.0	0.0
2	0.0	0.0	7	0.0	7.25	0	0.0	0.7142857142857143	0.0	0.0	0.0	0.0	0.0	0.0	0.0
2	0.0	0.0	76	0.0	6.58	0	0.08944543828264759	0.0	0.0	0.5	0.0	0.0	0.0	0.0	0.0
0	0.0	0.0	45	0.0	14.71	0	0.03006614552014432	0.0	0.0	0.0	0.0	0.0	0.0	0.0	0.0
1	0.0	0.0	0	0.0	9.5	0	0.0	0.4310344827586207	0.0	0.0	0.0	0.0	0.0	0.0	0.0
1	0.0	0.0	14	0.0368098159509202	15.61	0	0.0	0.022016732716864815	0.0	0.0	0.0	0.0	0.0	0.0	0.0
4	0.0	1.0	41	0.0	14.26	0	0.13067624959163673	0.0	0.0	0.0	0.0	0.0	0.0	0.0	0.0
1	0.0	0.0	0	0.0	17.61	0	0.0	0.7936507936507936	0.0	0.5	0.0	0.0	0.0	0.0	0.0
2	0.0	0.0	45	0.0	15.54	0	0.0	0.005550621669626998	0.0	0.0	0.0	0.0	0.0	0.01767096660187312	0.0
2	0.0	0.0	45	0.125	5.45	0	0.8928571428571428	0.0	0.0	0.0	0.0	0.0	0.0	0.0	0.0
4	0.0	0.0	17	0.0	15.4	0	0.058343057176196034	0.0	0.0	0.0	0.0	0.0	0.0	0.0	0.0
0	1.0	0.3333333333333333	29	0.0	25.8	1	0.1382488479262673	0.34989503149055284	0.0	0.875	0.0	0.0	0.0	0.09216589861751152	0.0
0	0.0	0.0	22	0.0714285714285714	0.0	1	1.6129032258064515	0.0	0.0	0.3333333333333333	0.0	0.0	0.0	0.0	0.0
1	0.0	0.0	17	0.0246913580246913	15.65	0	0.0	0.027056277056277056	0.0	0.0	0.0	0.0	0.0	0.0	0.0
4	0.0	1.0	48	0.0	12.67	0	0.0	0.04978839930296241	0.0	0.0	0.0	0.0	0.0	0.0	0.0
2	0.0	0.0	16	0.0	13.89	0	0.1145475372279496	0.0	0.0	0.0	0.0	0.0	0.0	0.0	0.0
1	0.0	0.0	0	0.0098039215686274	16.68	0	0.0	0.04048582995951417	0.0	0.5	0.0	0.0	0.0	0.0	0.0
2	0.0	1.0	40	0.0	9.94	1	0.9876543209876544	0.8108108108108107	0.0	0.5	0.0	0.0	0.0	0.8641975308641976	0.0
1	0.0	0.0	40	0.0	11.02	0	0.0	0.10070493454179255	0.0	3.0	0.0	0.0	0.0	0.0	0.0
1	0.0	0.0	0	0.0	13.42	0	0.0	2.0	0.0	0.5	0.0	0.0	0.0	0.0	0.0
0	0.0	0.0	16	0.2836879432624113	15.1	0	0.06476683937823835	0.0	0.0	0.0	0.0	0.0	0.0	0.0	0.0
0	0.0	1.0	49	0.0	0.0	0	2.0	0.0	0.0	0.0	0.0	0.0	0.0	2.0	0.0
1	0.0	0.0	50	0.0	9.9	0	0.49875311720698257	0.0	0.0	0.0	0.0	0.0	0.0	0.0	0.0
2	0.0	0.0	2	0.0555555555555555	8.04	0	0.1607717041800643	0.0	0.0	0.0	0.0	0.0	0.0	0.0	0.0
4	0.0	0.0	5	0.0	16.29	0	0.05293806246691371	0.0	0.0	0.0	0.0	0.0	0.0	0.0	0.0
1	0.0	0.0	16	0.0	15.87	0	0.031387319522912745	0.0	0.0	0.0	0.0	0.0	0.0	0.0	0.0
1	0.0	0.0	0	0.0	16.63	0	0.0	0.04690431519699812	0.0	0.0	0.0	0.0	0.0	0.0	0.0
2	0.0	0.0	27	0.220125786163522	15.6	0	0.0	0.026780931976432776	0.0	0.0	0.0	0.0	0.0	0.0	0.0
1	0.0	0.0	0	0.0	9.5	0	0.0	9.523809523809524	0.0	0.0	0.0	0.0	0.0	0.0	0.0
3	0.0	0.0	76	0.1923076923076923	11.65	0	0.0	0.37037037037037035	0.0	0.0	0.0	0.0	0.0	0.07656967840735068	0.0
2	0.0	0.0	48	0.3571428571428571	13.59	0	1.1904761904761905	0.0	0.0	0.5	0.0	0.0	0.0	0.0	0.0
3	0.0	0.0	45	0.0	16.0	0	0.0	0.016202203499675955	0.0	0.0	0.0	0.0	0.0	0.0	0.0
3	0.0	0.0	27	0.0	15.62	0	0.025342118601115054	0.0	0.0	0.0	0.0	0.0	0.0	0.025342118601115054	0.0
1	0.0	0.0	0	0.0	9.5	0	0.0	0.0	0.0	0.0	0.0	0.0	0.0	0.0	0.0
3	0.0	0.0	45	0.0119047619047619	12.15	0	0.04048582995951417	0.0	0.0	1.0	0.0	0.0	0.0	0.06072874493927126	0.0
0	0.0	0.0	1	0.0	16.21	0	0.0	0.026888948642108095	0.0	0.0	0.0	0.0	0.0	0.0	0.0
1	0.5	1.0	28	0.0	14.14	0	0.0	0.20429009193054137	0.0	0.0	0.0	0.0	0.0	0.0	0.0
0	1.0	1.0	37	0.0	6.92	1	0.0	9.627329192546583	0.03225806451612903	0.6129032258064516	0.3105590062111801	0.0	0.0	0.0	0.0
4	0.0	0.0	16	0.1428571428571428	7.42	0	0.5524861878453039	0.0	0.0	0.0	0.0	0.0	0.0	0.0	0.0
1	0.0	0.0	48	0.0	13.03	0	0.0	0.033715441672285906	0.0	0.0	0.0	0.0	0.0	0.0	0.0
2	0.0	0.0	2	0.025	16.08	0	0.0	0.0514668039114771	0.0	0.0	0.0	0.0	0.0	0.0	0.0
1	0.0	0.0	41	0.0	5.11	0	1.2903225806451613	0.0	0.0	0.0	0.0	0.0	0.0	0.0	0.0
0	0.0	0.0	13	0.0	0.0	1	0.0	0.0	0.0	1.0	0.0	0.0	0.0	0.0	0.0
0	0.0	0.0	14	0.5714285714285714	0.0	0	0.0	0.4385964912280702	0.0	0.0	0.0	0.0	0.0	0.0	0.0
1	0.0	0.0	62	0.0	4.7	0	15.0	0.0	0.0	0.0	0.0	0.0	0.0	0.0	0.0
1	0.0	0.0	14	0.0	13.03	0	0.17921146953405018	0.0	0.0	0.0	0.0	0.0	0.0	0.0	0.0
0	0.0	0.0	41	0.0	14.5	0	0.030003000300030006	0.0	0.0	0.0	0.0	0.0	0.0	0.0	0.0
1	1.0	0.0	33	0.0202020202020202	1.07	1	2.9925187032418954	0.0	0.0	0.16666666666666666	0.0	0.0	0.0	1.8703241895261846	0.03429355281207133
4	0.0	0.0	41	0.0	15.41	0	0.018789928598271326	0.0	0.0	0.0	0.0	0.0	0.0	0.018789928598271326	0.0
1	0.0	0.0	0	0.0	17.05	0	0.0	0.2976190476190476	0.0	0.5	0.0	0.0	0.0	0.0	0.0
2	0.0	0.0	18	0.125	13.52	0	0.050658561296859174	0.0	0.0	0.5	0.0	0.0	0.0	0.0	0.0
2	0.0	0.0	2	0.0	16.49	0	0.1288659793814433	0.0	0.0	0.0	0.0	0.0	0.0	0.0	0.0
2	0.0	0.0	0	0.0092165898617511	16.14	0	0.0	0.027144408251900107	0.0	0.0	0.0	0.0	0.0	0.0	0.0
3	0.0	0.0	15	0.0	15.7	0	5.555555555555555	0.0	0.0	0.0	0.0	0.0	0.0	0.0	0.0
1	0.0	0.0	36	0.0	18.0	0	0.075642965204236	0.0	0.0	1.0	0.0	0.0	0.0	0.0	0.0
0	0.6666666666666666	0.6666666666666666	18	0.037037037037037	0.0	0	0.0	0.18495684340320592	0.0	0.0	0.0	0.0	0.0	0.0	0.18495684340320592
0	0.0	0.0	33	0.0	12.25	0	0.0	0.12315270935960593	0.0	0.0	0.0	0.0	0.0	0.0	0.12315270935960593
2	0.0	0.0	3	0.1052631578947368	16.38	0	0.1773049645390071	0.0	0.0	2.0	0.0	0.0	0.0	0.0	0.0
8	0.0	0.0	33	0.0058823529411764	15.69	0	0.019018638265500192	0.0	0.0	0.0	0.0	0.0	0.0	0.0	0.0
3	0.0	0.0	0	0.1428571428571428	16.83	0	0.0	0.5154639175257733	0.0	0.25	0.0	0.0	0.0	0.0	0.0
3	0.0	0.0	24	0.0	11.2	0	0.09727626459143969	0.0	0.0	0.0	0.0	0.0	0.0	0.0	0.0
1	0.0	0.0	66	0.0	13.15	0	0.0	0.02918004085205719	0.0	0.5	0.0	0.0	0.0	0.0	0.0
3	1.0	0.25	37	0.0	17.48	0	0.0	0.02301495972382048	0.0	0.5	0.0	0.0	0.0	0.0	0.0
0	0.0	0.0	18	0.0	13.91	0	0.0	0.11363636363636363	0.0	0.0	0.0	0.0	0.0	0.0	0.11363636363636363
1	0.0	0.0	17	0.0	10.35	0	0.18248175182481752	0.0	0.0	0.0	0.0	0.0	0.0	0.0	0.0
1	0.0	0.0	51	0.0177777777777777	10.97	0	0.28112449799196787	0.0	0.0	0.0	0.0	0.0	0.0	0.0	0.0
1	0.0	0.0	0	0.0	16.87	0	0.0	0.2631578947368421	0.0	0.5	0.0	0.0	0.0	0.0	0.0
1	0.0	0.0	7	0.1333333333333333	9.5	0	1.25	0.0	0.0	0.0	0.0	0.0	0.0	0.0	0.0
3	0.0	0.0	0	0.037037037037037	16.77	0	0.0	0.20833333333333334	0.0	0.0	0.0	0.0	0.0	0.0	0.0
3	0.0	0.0	43	0.0	15.01	0	0.021668472372697724	0.0	0.0	0.0	0.0	0.0	0.0	0.0	0.0
3	0.0	0.0	15	0.0	15.9	0	0.0	0.01470155836518671	0.0	0.5	0.0	0.0	0.0	0.0	0.0
2	0.0	0.0	66	0.0	5.63	0	0.0	0.18656716417910446	0.0	0.0	0.0	0.0	0.0	0.0	0.09328358208955223
1	0.0	0.0	17	0.0	18.0	0	0.08051529790660225	0.0	0.0	0.0	0.0	0.0	0.0	0.0	0.0
2	0.0	0.0	40	0.0	15.74	0	0.0	0.013347570742124932	0.0	0.0	0.0	0.0	0.0	0.0	0.0200213561131874
4	0.0	0.0	49	0.0	15.55	0	0.015867978419549348	0.0	0.0	0.0	0.0	0.0	0.0	0.015867978419549348	0.0
1	0.0	0.0	0	0.0	10.5	0	0.0	1.3513513513513513	0.0	0.0	0.0	0.0	0.0	0.0	0.0
2	0.0	0.0	46	0.0	14.45	0	0.25528811086797953	0.0	0.0	0.42857142857142855	0.0	0.0	0.0	0.0	0.011820330969267141
3	0.0	0.0	1	0.0	16.61	0	0.033288948069241014	0.0	0.0	0.0	0.0	0.0	0.0	0.0	0.0
3	0.0	0.0	0	0.0	16.63	0	0.0	0.037965072133637055	0.0	0.0	0.0	0.0	0.0	0.0	0.0
0	0.0	0.0	19	0.0	15.86	0	0.02977963073257892	0.0	0.0	1.0	0.0	0.0	0.0	0.0	0.0
1	0.0	0.0	1	0.0	16.23	0	0.06060606060606061	0.0	0.0	0.0	0.0	0.0	0.0	0.0	0.0
1	0.0	0.0	16	0.0119760479041916	15.72	0	0.0	0.036576444769568395	0.0	0.5	0.0	0.0	0.0	0.0	0.0
9	0.0	0.0	20	0.0	16.49	0	0.0	0.061766522544780725	0.0	0.0	0.0	0.0	0.0	0.0	0.0
0	0.0	0.0	17	0.0	0.0	0	0.0	0.18796992481203006	0.0	0.0	0.0	0.0	0.0	0.0	0.0
6	0.0	0.0	41	0.0165975103734439	15.75	0	0.014413375612568464	0.14434180138568128	0.0	0.0	0.0	0.0	0.0	0.007206687806284232	0.0
0	0.0	0.0	57	0.0	12.37	0	0.037439161362785474	0.0	0.0	0.0	0.0	0.0	0.0	0.05615874204417821	0.0
7	0.0	0.0	28	0.0113960113960113	16.09	0	0.0	0.03529827038475115	0.0	0.0	0.0	0.0	0.0	0.0	0.0
1	0.0	0.0	40	0.0	10.57	0	0.05955926146515784	0.0	0.0	0.5	0.0	0.0	0.0	0.0	0.0
5	0.0	0.0	48	0.0	14.92	0	0.024372410431391663	0.0	0.0	0.0	0.0	0.0	0.0	0.0	0.0
4	0.0	0.0	24	0.0	16.29	0	0.016463615409944024	0.0	0.0	0.5	0.0	0.0	0.0	0.008231807704972012	0.0
1	0.0	0.0	18	0.0	15.36	0	0.07225433526011561	0.0	0.0	0.0	0.0	0.0	0.0	0.07225433526011561	0.0
2	0.0	0.0	29	0.0	16.13	0	0.0	0.0325626831650928	0.0	0.0	0.0	0.0	0.0	0.0	0.0162813415825464
4	0.0	0.0	33	0.0	15.05	0	0.030367446097783177	0.0	0.0	0.0	0.0	0.0	0.0	0.0	0.0
2	0.0	0.0	17	0.0	10.24	0	0.15723270440251572	0.0	0.0	0.0	0.0	0.0	0.0	0.0	0.0
2	0.0	0.0	28	0.0	8.05	0	0.1663893510815308	0.0	0.0	0.0	0.0	0.0	0.0	0.0	0.0
2	0.0	0.0	51	0.0	15.75	0	0.0	0.35335689045936397	0.0	0.0	0.0	0.0	0.0	0.0	0.0
0	0.0	0.0	48	0.0	6.23	0	0.0	0.12121212121212122	0.0	0.0	0.0	0.0	0.0	0.0	0.0
0	0.0	1.0	16	0.1739130434782608	0.0	0	0.47393364928909953	0.0	0.0	0.0	0.0	0.0	0.0	0.0	0.0
2	1.0	0.5	15	0.0	15.85	0	0.21390374331550802	0.0	0.0	0.0	0.0	0.0	0.0	0.0	0.0
2	0.0	0.0	27	0.0	6.23	0	0.3496503496503497	0.0	0.0	2.0	0.0	0.0	0.0	0.0	0.0
3	0.0	0.0	5	0.0111111111111111	16.52	0	0.02249718785151856	0.0	0.0	0.0	0.0	0.0	0.0	0.0	0.0
1	0.0	0.0	15	0.0	11.4	0	0.16339869281045752	0.0	0.0	0.0	0.0	0.0	0.0	0.0	0.0
3	0.0	0.0	0	0.0109289617486338	16.65	0	0.0	0.013458950201884253	0.0	2.0	0.0	0.0	0.0	0.0	0.0
3	0.0	0.0	0	0.0	16.65	0	0.0	0.14903129657228018	0.0	0.5	0.0	0.0	0.0	0.0	0.0
0	0.0	0.0	45	0.0	12.52	0	0.04022526146419952	0.0	0.0	0.0	0.0	0.0	0.0	0.0	0.0
0	0.0	1.0	46	0.0	0.0	1	4.4	0.0	0.0	1.0	0.0	0.0	0.0	3.2	0.0
2	0.0	0.0	30	0.0	21.79	0	0.0	0.36496350364963503	0.0	0.0	0.0	0.0	0.0	0.0	0.36496350364963503
2	0.0	0.0	48	0.0093023255813953	14.74	0	0.02352387673488591	0.0	0.0	0.0	0.0	0.0	0.0	0.0	0.02387774594078319
1	0.0	0.0	41	0.0	14.97	0	0.0	0.026881720430107524	0.0	0.0	0.0	0.0	0.0	0.0	0.013440860215053762
3	0.0	0.0	0	0.0	16.28	0	0.0	0.03050640634533252	0.0	0.0	0.0	0.0	0.0	0.0	0.0
1	0.0	0.0	40	0.0	14.79	0	0.024119633381572598	0.0	0.0	0.0	0.0	0.0	0.0	0.024119633381572598	0.0
0	0.0	0.0	0	0.0	17.3	0	0.0	0.151285930408472	0.0	0.0	0.0	0.0	0.0	0.0	0.0
0	0.0	0.0	15	0.0	0.0	0	0.030102347983142687	0.0	0.0	0.0	0.0	0.0	0.0	0.0	0.0
0	0.0	0.0	6	0.115	16.14	0	0.03665689149560117	0.0	0.0	0.0	0.0	0.0	0.0	0.0	0.0
1	0.0	0.0	47	0.0	10.56	0	0.022573363431151242	0.0	0.0	0.0	0.0	0.0	0.0	0.0	0.0
0	0.0	0.0	32	0.0	14.87	0	0.03334444814938313	0.0	0.0	0.0	0.0	0.0	0.0	0.03334444814938313	0.0
0	0.0	0.0	49	0.0	9.74	0	0.08431703204047218	0.0	0.0	0.0	0.0	0.0	0.0	0.0	0.0
1	0.0	1.0	48	0.0	18.0	0	0.09765625	0.0	0.0	0.0	0.0	0.0	0.0	0.0	0.0
0	0.0	0.0	24	0.0	0.0	0	1.1904761904761905	0.0	0.0	0.0	0.0	0.0	0.0	0.0	0.0
3	0.0	0.0	0	0.0	35.18	0	0.02254283137962128	0.0	0.0	0.0	0.0	0.0	0.0	0.0	0.0
0	0.0	0.0	15	0.0	15.69	0	0.031407035175879394	0.0	0.0	0.0	0.0	0.0	0.0	0.0	0.0
2	0.0	0.0	39	0.0	14.82	0	0.0	0.015659254619480114	0.0	0.0	0.0	0.0	0.0	0.0	0.0
0	0.0	0.0	2	0.081081081081081	16.54	0	0.0	0.018846588767433094	1.0	0.0	0.0	0.0	0.0	0.0	0.0
1	0.0	0.0	1	0.0	16.24	0	0.040535062829347386	0.0	0.0	0.5	0.0	0.0	0.0	0.0	0.0
2	0.0	0.0	19	0.0	6.65	0	0.30303030303030304	0.0	0.0	0.0	0.0	0.0	0.0	0.0	0.0
1	0.0	0.0	0	0.0	9.5	0	0.0	0.24038461538461536	0.0	0.5	0.0	0.0	0.0	0.0	0.0
0	0.0	0.0	20	0.0	0.0	0	0.16129032258064516	0.0	0.0	0.5	0.0	0.0	0.0	0.16129032258064516	0.0
7	0.0	0.0	17	0.0324074074074074	16.27	0	0.0	0.04149377593360996	0.0	0.0	0.0	0.0	0.0	0.0	0.0
2	0.0	0.0	17	0.0	15.64	0	0.02978850163836759	0.0	0.0	0.0	0.0	0.0	0.0	0.0	0.0
1	0.0	0.0	42	0.0	8.66	0	0.08888888888888889	0.0	0.0	0.0	0.0	0.0	0.0	0.0	0.0
1	0.5	1.0	44	0.0	0.5	0	0.0	0.050454086781029264	0.0	0.0	0.0	0.0	0.0	0.0	0.025227043390514632
1	0.0	0.0	42	0.0	13.38	0	0.0	0.038580246913580245	0.0	0.0	0.0	0.0	0.0	0.0	0.0
1	0.0	0.0	19	0.0	13.97	0	0.07342143906020558	0.0	0.0	0.0	0.0	0.0	0.0	0.0	0.0
4	0.0	0.0	14	0.0666666666666666	18.01	0	0.2747252747252747	0.0	0.0	0.0	0.0	0.0	0.0	0.0	0.0
1	0.0	0.0	22	0.0	11.22	0	0.0	0.12853470437017994	0.0	0.0	0.0	0.0	0.0	0.0	0.0
6	0.0	0.0	58	0.1627906976744186	10.8	0	0.05017561465127948	0.0	0.0	0.5	0.0	0.0	0.0	0.0	0.0
1	0.0	0.0	0	0.0	10.0	0	0.0	0.4132231404958678	0.0	0.0	0.0	0.0	0.0	0.0	0.0
1	0.0	0.0	23	0.0	28.65	1	0.9389671361502347	0.0	0.0	1.25	0.0	0.0	0.0	0.0	0.08833922261484099
1	0.0	0.0	19	0.0357142857142857	12.94	0	0.07225433526011561	0.0	0.0	0.0	0.0	0.0	0.0	0.07225433526011561	0.0
0	0.0	0.0	1	0.0	16.57	0	0.0251004016064257	0.0	0.0	0.0	0.0	0.0	0.0	0.0	0.0
1	0.0	0.0	40	0.0	5.15	0	0.7575757575757576	0.0	0.0	0.0	0.0	0.0	0.0	0.0	0.0
16	0.0	0.0	65	0.0	4.84	0	1.4285714285714286	0.0	0.0	0.5	0.0	0.0	0.0	0.0	0.0
1	0.0	0.0	17	0.1666666666666666	13.5	0	0.0	0.2252252252252252	0.0	0.0	0.0	0.0	0.0	0.0	0.0
3	0.0	0.0	31	0.0147058823529411	14.41	0	0.035932446999640676	0.0	0.0	0.0	0.0	0.0	0.0	0.0	0.0
3	0.0	0.0	29	0.0402010050251256	16.18	0	0.4191895668374476	0.0	0.0	1.2222222222222223	0.0	0.0	0.0	0.0	0.0
1	0.0	0.0	31	0.0	5.15	0	0.42372881355932207	0.0	0.0	0.0	0.0	0.0	0.0	0.42372881355932207	0.0
6	0.0	0.0	48	0.0083333333333333	14.5	0	0.0	0.04714757190004715	0.0	0.5	0.0	0.0	0.0	0.0	0.0
3	0.0	0.0	0	0.1358024691358024	17.45	0	0.0	0.035285815102328866	0.0	5.0	0.0	0.0	0.0	0.0	0.0
3	0.0	0.0	40	0.1878787878787878	12.72	0	0.0755287009063444	0.0	0.0	1.0	0.0	0.0	0.0	0.0	0.0
4	0.0	0.0	56	0.0	13.03	0	0.0	0.0508646998982706	0.0	0.5	0.0	0.0	0.0	0.0	0.0254323499491353
3	0.0	0.0	26	0.3090909090909091	14.87	0	0.04088307440719542	0.0	0.0	0.0	0.0	0.0	0.0	0.0	0.0
1	1.0	0.3333333333333333	44	0.0	22.0	0	0.0496031746031746	0.0	0.0	0.0	0.0	0.0	0.0	0.0	0.0
0	0.0	0.0	17	0.1739130434782608	0.0	0	0.0	0.26246719160104987	0.0	0.0	0.0	0.0	0.0	0.0	0.0
1	1.0	1.0	38	0.0	4.5	0	0.046296296296296294	0.0	0.0	0.0	0.0	0.0	0.0	0.046296296296296294	0.01914241960183767
6	0.0	0.0	44	0.0094339622641509	14.55	0	0.0	0.032520325203252036	0.0	0.0	0.0	0.0	0.0	0.0	0.0
0	0.0	0.0	33	0.0	15.82	0	0.01737015806843842	0.0	0.0	0.0	0.0	0.0	0.0	0.0	0.0
3	0.0	0.0	40	0.2136752136752136	13.38	0	0.0	0.054824561403508776	0.0	0.0	0.0	0.0	0.0	0.0	0.054824561403508776
0	0.0	0.0	33	0.1428571428571428	0.0	0	0.0	0.7246376811594204	0.0	0.0	0.0	0.0	0.0	0.0	0.0
5	0.0	0.0	60	0.0	14.47	0	0.0	0.018112660749864156	0.0	0.0	0.0	0.0	0.0	0.0	0.009056330374932078
6	0.0	0.0	33	0.0	16.01	0	0.016753224995811694	0.0	0.0	0.0	0.0	0.0	0.0	0.0	0.019565642731363724
2	0.0	0.0	15	0.0	7.28	0	0.5	0.0	0.0	0.0	0.0	0.0	0.0	0.0	0.0
4	0.0	0.0	17	0.0	15.47	0	0.0	0.024437927663734114	0.0	0.0	0.0	0.0	0.0	0.0	0.04887585532746823
1	0.0	0.0	24	0.0	15.02	0	0.04880429477794046	0.0	0.0	0.0	0.0	0.0	0.0	0.04880429477794046	0.0
0	0.0	0.0	35	0.1491228070175438	16.01	0	0.0	0.07507507507507508	0.0	9.5	0.0	0.0	0.0	0.0	0.11261261261261261
0	0.0	1.0	15	0.0	0.0	0	0.13404825737265416	0.0	0.0	0.0	0.0	0.0	0.0	0.0	0.0
0	0.0	0.0	15	0.0	0.0	0	0.38759689922480617	0.0	0.0	0.0	0.0	0.0	0.0	0.0	0.0
4	0.0	0.0	31	0.0	15.69	0	0.018372221201543266	0.0	0.0	0.0	0.0	0.0	0.0	0.0	0.0
3	0.0	0.0	2	0.081081081081081	15.66	0	0.08250825082508251	0.0	0.0	0.5	0.0	0.0	0.0	0.0	0.0
4	0.0	0.0	58	0.0	15.03	0	0.0	0.016283992835043153	0.0	0.0	0.0	0.0	0.0	0.0	0.0
2	0.0	0.0	0	0.0273972602739726	23.89	0	0.055279159756771695	0.0	0.0	0.0	0.0	0.0	0.0	0.0	0.0
3	0.0	0.0	19	0.0	39.19	0	0.27877339705296694	0.0	0.0	0.5714285714285714	0.0	0.0	0.0	0.039824771007566706	0.0
1	0.0	0.0	36	0.1171875	15.41	0	0.02540650406504065	0.0	0.0	1.0	0.0	0.0	0.0	0.0	0.0
3	0.0	0.0	22	0.0	15.34	0	0.041666666666666664	0.0	0.0	0.0	0.0	0.0	0.0	0.0	0.0
2	0.0	0.0	1	0.0	16.05	0	0.0	0.021177467174925878	0.0	0.0	0.0	0.0	0.0	0.0	0.0
0	0.0	0.0	23	0.0	0.0	0	0.0	0.10869565217391305	0.0	0.0	0.0	0.0	0.0	0.0	0.0
2	0.0	0.0	0	0.0	17.7	0	0.0	0.38167938931297707	0.0	2.0	0.0	0.0	0.0	0.0	0.0
3	0.0	0.0	45	0.0	7.94	0	0.14450867052023122	0.0	0.0	6.5	0.0	0.0	0.0	0.07225433526011561	0.0
0	0.0	0.0	0	0.0137931034482758	16.72	0	0.016377333770062234	0.0	0.0	2.0	0.0	0.0	0.0	0.0	0.0
1	0.0	0.0	38	0.3	0.37	1	0.0	13.88888888888889	0.0	0.9	0.0	0.0	0.0	0.0	2.7777777777777777
3	0.0	0.0	0	0.0	16.53	0	0.032393909944930355	0.0	0.0	0.0	0.0	0.0	0.0	0.0	0.0
4	0.0	0.0	1	0.0160642570281124	16.28	0	0.02280501710376283	0.0	0.0	0.5	0.0	0.0	0.0	0.0	0.0
4	0.0	0.0	58	0.0	6.86	0	0.07674597083653109	0.0	0.0	0.0	0.0	0.0	0.0	0.0	0.0
0	1.0	0.0	41	0.1538461538461538	0.0	0	0.0	12.5	0.0	0.0	0.0	0.0	0.0	0.0	0.0
1	0.0	0.0	0	0.0	9.5	0	0.0	0.22026431718061673	0.0	0.0	0.0	0.0	0.0	0.0	0.0
0	0.0	0.5	12	0.0	0.0	1	0.0	1.2820512820512822	0.0	0.6666666666666666	0.0	0.0	0.0	0.0	0.0
2	0.0	0.0	32	0.0	15.43	0	0.0	0.022036139268400173	0.0	0.0	0.0	0.0	0.0	0.0	0.022036139268400173
3	0.0	0.0	21	0.0	14.72	0	0.07849293563579278	0.0	0.0	0.0	0.0	0.0	0.0	0.03924646781789639	0.0
2	0.0	0.0	28	0.0	14.02	0	0.0	0.0992063492063492	0.0	0.0	0.0	0.0	0.0	0.0	0.0992063492063492
2	0.0	0.0	4	0.0	16.66	0	0.0	0.02395783421178725	0.0	1.0	0.0	0.0	0.0	0.0	0.0
6	0.0	0.0	51	0.027027027027027	12.35	0	0.0	0.039541320680110716	0.0	0.0	0.0	0.0	0.0	0.0	0.039541320680110716
3	0.0	0.0	45	0.0	12.5	0	0.05643340857787811	0.0	0.0	0.0	0.0	0.0	0.0	0.028216704288939055	0.0
1	0.0	0.0	1	0.0	16.69	0	0.0	0.03646973012399708	0.0	0.0	0.0	0.0	0.0	0.0	0.0
4	0.0	0.0	47	0.0	12.9	0	0.0	0.06369426751592357	0.0	0.5	0.0	0.0	0.0	0.0	0.0
4	0.0	0.0	48	0.2038461538461538	19.46	0	0.0	0.027056277056277056	0.0	1.0	0.0	0.0	0.0	0.0	0.0
0	0.0	1.0	17	0.0806451612903225	0.0	0	0.039968025579536375	0.0	0.0	1.0	0.0	0.0	0.0	0.0	0.0
2	0.0	0.0	64	0.2	5.07	0	0.0	0.27932960893854747	0.0	0.0	0.0	0.0	0.0	0.0	0.0
5	0.0	0.0	0	0.0	17.23	0	0.0	0.15384615384615385	0.0	0.5	0.0	0.0	0.0	0.0	0.0
5	0.0	0.0	30	0.0	15.37	0	0.025893319523562924	0.0	0.0	0.0	0.0	0.0	0.0	0.0	0.0
1	0.0	0.0	16	0.0	9.5	0	0.3546099290780142	0.0	0.0	0.0	0.0	0.0	0.0	0.0	0.0
8	0.0	0.0	45	0.0	14.71	0	0.02860411899313501	0.0	0.0	0.5	0.0	0.0	0.0	0.02860411899313501	0.0
3	0.0	0.0	45	0.0	15.02	0	0.0	0.03038590094196293	0.0	0.0	0.0	0.0	0.0	0.0	0.015192950470981466
2	0.0	0.0	74	0.0	10.11	0	0.0	0.05144032921810699	0.0	0.0	0.0	0.0	0.0	0.0	0.0
3	0.0	0.0	33	0.0	14.54	0	0.036683785766691124	0.0	0.0	0.0	0.0	0.0	0.0	0.0	0.0
2	0.0	0.0	0	0.0	15.64	0	0.0	1.4184397163120568	0.0	0.25	0.0	0.0	0.0	0.0	0.0
1	0.0	0.0	0	0.0	17.06	0	0.0	0.33112582781456956	0.0	0.0	0.0	0.0	0.0	0.0	0.0
5	0.0	0.0	0	0.0	16.77	0	0.0	0.12594458438287154	0.0	0.0	0.0	0.0	0.0	0.0	0.0
0	0.0	0.0	38	0.0	6.4	0	0.24752475247524752	0.0	0.0	0.0	0.0	0.0	0.0	0.0	0.0
2	0.0	0.0	0	0.0	12.3	0	0.0	0.04310344827586207	0.0	0.0	0.0	0.0	0.0	0.0	0.0
0	0.0	0.0	20	0.3125	0.0	0	0.0	0.17857142857142858	0.0	0.0	0.0	0.0	0.0	0.0	0.0
1	0.0	0.0	25	0.0	15.05	0	0.0	0.03142677561282212	0.0	0.0	0.0	0.0	0.0	0.0	0.03142677561282212
1	0.0	0.0	0	0.0	17.45	0	0.0	0.28037383177570097	0.0	0.8333333333333334	0.0	0.0	0.0	0.0	0.0
2	1.0	0.0	43	0.0121951219512195	8.31	1	0.033738191632928474	1.0032102728731942	0.037037037037037035	0.9629629629629629	0.04012841091492777	0.0	1.0	0.0	0.0
2	0.0	0.0	16	0.1761363636363636	15.67	0	0.0169664065151001	0.0	0.0	0.0	0.0	0.0	0.0	0.0	0.0
0	0.0	0.0	46	0.0	0.0	0	0.625	0.0	0.0	0.0	0.0	0.0	0.0	0.0	0.0
0	0.0	0.0	0	0.0	16.6	0	0.0	0.01622849724115547	0.0	0.0	0.0	0.0	0.0	0.0	0.0
0	0.0	0.0	33	0.0	0.0	0	0.05181347150259067	0.0	0.0	0.0	0.0	0.0	0.0	0.0	0.0
1	1.0	1.0	19	0.0	15.5	0	0.0	0.03076923076923077	0.0	0.5	0.0	0.0	0.0	0.0	0.0
2	0.0	0.0	14	0.064516129032258	43.56	0	0.2777777777777778	0.0	0.0	0.0	0.0	0.0	0.0	0.0	0.0
7	0.0	0.0	7	0.0053333333333333	16.27	0	0.01990049751243781	0.0	0.0	1.0	0.0	0.0	0.0	0.0	0.0
0	0.0	0.0	44	0.0	0.0	0	4.166666666666667	0.0	0.0	0.0	0.0	0.0	0.0	4.166666666666667	0.0
0	0.0	0.0	46	0.0068965517241379	15.37	0	0.0	0.020610057708161583	0.0	0.0	0.0	0.0	0.0	0.0	0.0
1	0.0	0.0	18	0.0	15.82	0	0.035174111853675694	0.0	0.0	0.0	0.0	0.0	0.0	0.0	0.0
1	0.0	0.0	0	0.2539682539682539	17.91	0	0.0	0.1149425287356322	0.0	0.0	0.0	0.0	0.0	0.0	0.0
1	0.0	0.0	11	0.1046931407942238	16.85	0	0.02130379207498935	0.0	0.0	3.0	0.0	0.0	0.0	0.0	0.0
4	0.0	0.0	21	0.0	15.85	0	0.0	0.031595576619273306	0.0	0.0	0.0	0.0	0.0	0.0	0.0
2	0.0	0.0	2	0.0	16.89	0	0.0	0.19379844961240308	0.0	0.0	0.0	0.0	0.0	0.0	0.0
0	0.0	0.0	29	0.0181818181818181	26.14	1	4.705882352941177	0.0	0.0	1.5	0.0	0.0	0.0	0.0	0.0
4	0.0	0.0	38	0.009090909090909	14.96	0	0.0	0.021551724137931036	0.0	0.0	0.0	0.0	0.0	0.0	0.0
1	0.0	0.0	46	0.2352941176470588	5.61	0	0.0	0.3246753246753247	0.0	0.0	0.0	0.0	0.0	0.0	0.0
0	1.0	0.5	30	0.1441441441441441	0.0	1	0.3335186214563647	0.3708281829419036	0.0	0.7222222222222222	0.0	0.0	0.0	0.0	0.0
3	1.0	0.0	40	0.0252100840336134	37.45	0	0.0	0.024968789013732836	0.0	0.5	0.0	0.0	0.0	0.0	0.0
4	0.0	0.0	28	0.0	14.93	0	0.0	0.0511770726714432	0.0	0.0	0.0	0.0	0.0	0.0	0.0
3	0.0	0.0	35	0.0	16.02	0	0.0	0.01807991321641656	0.0	0.0	0.0	0.0	0.0	0.0	0.0
1	0.0	0.0	26	0.0	16.01	0	0.02103491796381994	0.0	0.0	0.0	0.0	0.0	0.0	0.0	0.0
1	0.0	0.0	0	0.044776119402985	12.0	0	0.0	0.02774694783573807	0.0	0.0	0.0	0.0	0.0	0.0	0.0
1	0.0	0.0	14	0.3012048192771084	15.48	0	0.0	0.03795066413662239	0.0	0.0	0.0	0.0	0.0	0.0	0.0
6	0.0	0.0	0	0.0	16.64	0	0.0	0.025329280648429587	0.0	0.0	0.0	0.0	0.0	0.0	0.0
13	0.0	0.0	49	0.0549019607843137	15.07	0	0.024691358024691357	0.0	0.0	3.0	0.0	0.0	0.0	0.0	0.0
1	0.0	0.0	47	0.0	0.5	0	0.0	0.03014772384684956	0.0	0.0	0.0	0.0	0.0	0.0	0.0
1	0.0	0.0	39	0.0	3.3	0	0.35714285714285715	0.0	0.0	0.0	0.0	0.0	0.0	0.17857142857142858	0.0
0	0.0	0.0	38	0.5454545454545454	0.0	0	0.0	0.35714285714285715	0.0	0.0	0.0	0.0	0.0	0.0	0.0
0	0.0	0.0	28	0.0	0.0	1	0.0	0.7142857142857143	0.0	0.0	0.0	0.0	0.0	0.0	0.7142857142857143
0	0.0	0.0	46	0.0063291139240506	15.13	0	0.0	0.016622340425531915	0.0	0.0	0.0	0.0	0.0	0.0	0.016622340425531915
2	0.0	0.0	17	0.0888888888888888	15.69	0	0.019786307874950535	0.0	0.0	0.0	0.0	0.0	0.0	0.019786307874950535	0.0
6	0.0	0.0	33	0.0	15.0	0	0.03927729772191673	0.0	0.0	0.5	0.0	0.0	0.0	0.019638648860958365	0.0
1	0.0	0.0	40	0.0	5.49	0	0.3067484662576687	0.0	0.0	0.0	0.0	0.0	0.0	0.0	0.0
2	0.0	0.0	46	0.0	6.13	0	0.0	0.17953321364452424	0.0	0.0	0.0	0.0	0.0	0.0	0.08976660682226212
4	0.0	0.0	2	0.0	16.92	0	0.0	0.05249343832020997	0.0	0.0	0.0	0.0	0.0	0.0	0.0
3	0.0	0.0	7	0.0853658536585365	16.29	0	0.036101083032490974	0.0	0.0	2.0	0.0	0.0	0.0	0.0	0.0
2	0.0	0.0	41	0.0	7.06	0	0.5970149253731343	0.0	0.0	0.25	0.0	0.0	0.0	0.0	0.0
2	0.0	0.0	1	0.0	16.27	0	0.0	0.037678975131876416	0.0	0.0	0.0	0.0	0.0	0.0	0.0
0	0.0	0.0	15	0.0	0.0	0	0.390625	0.0	0.0	0.0	0.0	0.0	0.0	0.0	0.0
2	0.0	0.0	0	0.0512820512820512	17.77	0	0.0	0.3246753246753247	0.0	0.5	0.0	0.0	0.0	0.0	0.0
0	0.0	0.0	15	0.1034482758620689	0.0	0	0.09823182711198429	0.0	0.0	0.0	0.0	0.0	0.0	0.0	0.0
5	0.0	0.0	37	0.0	11.63	0	0.0	0.048520135856380396	0.0	0.0	0.0	0.0	0.0	0.0	0.024260067928190198
0	0.0	0.0	61	0.0	0.0	0	0.0	0.07524454477050414	0.0	0.0	0.0	0.0	0.0	0.0	0.0
4	0.0	0.0	21	0.0133333333333333	15.78	0	0.025853154084798345	0.0	0.0	0.0	0.0	0.0	0.0	0.0	0.0
4	1.0	0.0	28	0.0264900662251655	21.22	0	0.0975609756097561	0.0	0.0	0.25	0.0	0.0	0.0	0.024390243902439025	0.0
3	0.0	0.0	17	0.0	14.44	0	0.0	0.054570259208731244	0.0	0.0	0.0	0.0	0.0	0.0	0.0
3	0.0	0.0	2	0.0	17.47	0	0.12135922330097088	0.0	0.0	2.5	0.0	0.0	0.0	0.0	0.0
1	0.0	0.0	0	0.0	17.35	0	0.0	8.333333333333334	0.0	0.5	0.0	0.0	0.0	0.0	0.0
1	0.0	0.0	0	0.0	16.64	0	0.0	0.0390015600624025	0.0	0.0	0.0	0.0	0.0	0.0	0.0
5	1.0	0.0	2	0.0297029702970297	16.11	0	0.0	0.26525198938992045	0.0	0.0	0.0	0.0	0.0	0.0	0.0
5	0.0	0.0	0	0.0	16.49	0	0.0	0.07770007770007771	0.0	0.0	0.0	0.0	0.0	0.0	0.0
3	0.0	0.0	0	0.0137931034482758	16.58	0	0.038314176245210725	0.0	0.0	0.0	0.0	0.0	0.0	0.0	0.0
1	0.0	0.0	32	0.081081081081081	9.5	0	0.07751937984496124	0.0	0.0	0.0	0.0	0.0	0.0	0.0	0.0
1	0.0	0.0	0	0.0	17.41	0	0.0	1.4285714285714286	0.0	0.5	0.0	0.0	0.0	0.0	0.0
0	0.0	0.0	33	0.1	0.0	1	1.6842105263157894	0.14598540145985403	0.0	0.7222222222222222	0.0	0.0	0.0	0.0	0.14598540145985403
0	0.0	0.0	17	0.0	0.0	0	0.0	1.7241379310344829	0.0	0.0	0.0	0.0	0.0	0.0	0.0
0	0.0	1.0	40	0.0685714285714285	0.0	0	0.0	0.03114294612270321	0.0	0.0	0.0	0.0	0.0	0.0	0.015571473061351605
0	0.0	0.0	15	0.0	0.0	0	0.0	0.2336448598130841	0.0	0.0	0.0	0.0	0.0	0.0	0.0
2	0.0	1.0	49	0.274390243902439	17.67	0	0.5952380952380952	0.0	0.0	0.5	0.0	0.0	0.0	0.11904761904761904	0.0
0	0.0	0.0	44	0.0	35.46	0	0.13181019332161686	0.0	0.0	0.0	0.0	0.0	0.0	0.0	0.0
2	0.0	0.0	0	0.0	16.83	0	0.0	0.08802816901408451	0.0	0.0	0.0	0.0	0.0	0.0	0.0
3	0.0	0.0	30	0.0	15.39	0	0.0	0.04743833017077799	0.0	0.0	0.0	0.0	0.0	0.0	0.0
6	0.0	0.0	32	0.05	10.55	0	0.07278020378457059	0.0	0.0	0.0	0.0	0.0	0.0	0.0	0.0
1	0.0	0.0	34	0.018018018018018004	12.82	0	0.0	0.026068821689259645	0.0	0.0	0.0	0.0	0.0	0.0	0.0
2	0.0	0.0	45	0.0	8.38	0	0.08576329331046312	0.0	0.0	0.0	0.0	0.0	0.0	0.04288164665523156	0.0
0	1.0	0.0	24	0.1309523809523809	0.0	0	0.0	0.15349194167306218	0.0	0.5	0.0	0.0	0.0	0.0	0.038372985418265546
4	0.0	0.0	68	0.0	13.64	0	0.03746721618583739	0.0	0.0	0.0	0.0	0.0	0.0	0.03746721618583739	0.0
1	0.0	0.0	46	0.0	15.12	0	0.0	0.032679738562091505	0.0	0.0	0.0	0.0	0.0	0.018653236336504384	0.0
2	0.0	0.0	28	0.0495049504950495	8.5	0	0.0	0.07410151908114117	0.0	0.0	0.0	0.0	0.0	0.0	0.0
3	0.0	0.0	0	0.0	16.8	0	0.0	0.11933174224343675	0.0	0.5	0.0	0.0	0.0	0.0	0.0
2	1.0	1.0	43	0.0140845070422535	15.3	0	0.0	0.04679457182966776	0.0	0.0	0.0	0.0	0.0	0.0	0.02339728591483388
8	0.0	0.0	57	0.0	15.3	0	0.0	0.014017381553125876	0.0	0.5	0.0	0.0	0.0	0.0	0.021026072329688814
0	0.0	0.0	31	0.0	0.0	0	0.3731343283582089	0.2192982456140351	0.0	0.0	0.0	0.0	0.0	0.0	0.10964912280701755
1	0.0	0.0	27	0.2142857142857142	15.24	0	0.0	0.025490695895997964	0.0	0.0	0.0	0.0	0.0	0.018281535648994516	0.0
7	0.0	0.0	50	0.032258064516129	13.56	0	0.05408328826392645	0.0	0.0	0.0	0.0	0.0	0.0	0.0	0.0
3	1.0	1.0	29	0.0	18.51	0	0.0782472613458529	0.0	0.0	0.0	0.0	0.0	0.0	0.0	0.0
1	0.0	0.0	19	0.0	15.51	0	0.05015045135406218	0.0	0.0	0.0	0.0	0.0	0.0	0.0	0.0
2	0.0	0.0	53	0.0357142857142857	8.71	1	0.38774718883288095	0.17142857142857143	0.0	0.5384615384615384	0.0	0.0	0.0	0.0	0.0
1	0.0	0.0	1	0.2698412698412698	11.78	0	0.076103500761035	0.0	0.0	2.0	0.0	0.0	0.0	0.0	0.0
1	0.0	0.0	41	0.0314960629921259	18.0	0	0.04849660523763336	0.0	0.0	0.0	0.0	0.0	0.0	0.04849660523763336	0.0
1	0.0	0.0	64	0.0	5.49	0	0.20491803278688525	0.0	0.0	0.0	0.0	0.0	0.0	0.0	0.0
6	0.0	0.0	37	0.25	5.74	0	0.5571030640668524	0.0	0.0	0.0	0.0	0.0	0.0	0.0	0.12019230769230768
1	0.0	0.0	13	0.0	8.97	0	0.24509803921568626	0.0	0.0	2.0	0.0	0.0	0.0	0.0	0.0
4	0.0	0.0	49	0.0	14.48	0	0.02414875633904854	0.0	0.0	0.0	0.0	0.0	0.0	0.02414875633904854	0.02785515320334262
0	0.0	0.0	28	0.0	0.0	0	0.47619047619047616	0.0	0.0	0.0	0.0	0.0	0.0	0.0	0.0
3	0.0	0.0	43	0.0	12.49	0	0.05934718100890207	0.0	0.0	0.0	0.0	0.0	0.0	0.0	0.0
2	0.0	0.0	23	0.0	15.97	0	0.023889154323936932	0.0	0.0	0.0	0.0	0.0	0.0	0.023889154323936932	0.0
4	0.0	0.0	23	0.0	16.51	0	0.0	0.02382654276864427	0.0	0.0	0.0	0.0	0.0	0.0	0.011913271384322134
2	0.0	0.0	0	0.0	28.19	0	0.0	0.26155187445510025	0.0	0.0	0.0	0.0	0.0	0.0	0.0
3	1.0	1.0	33	0.1153846153846153	23.66	0	0.03869969040247678	0.0	0.0	0.0	0.0	0.0	0.0	0.0	0.0
0	0.0	0.0	43	0.0	5.36	0	0.8264462809917356	0.0	0.0	0.0	0.0	0.0	0.0	0.0	0.0
0	0.5	0.5	24	0.0	58.56	0	0.1692047377326565	0.0	0.0	0.5	0.0	0.0	0.0	0.0	0.0
7	0.0	0.0	64	0.0	14.17	0	0.0	0.023062730627306273	0.0	0.0	0.0	0.0	0.0	0.0	0.0
0	0.0	0.0	17	0.0	0.0	0	0.0	0.27027027027027023	0.0	0.0	0.0	0.0	0.0	0.0	0.0
0	0.0	0.0	32	0.3636363636363636	0.0	1	0.0	4.861111111111112	0.2857142857142857	0.8571428571428571	0.0	0.0	0.0	0.0	0.0
6	0.0	0.0	34	0.0	7.72	0	0.12239902080783353	0.0	0.0	0.0	0.0	0.0	0.0	0.06119951040391677	0.0
1	0.0	0.0	11	0.0705882352941176	16.41	0	0.12128562765312312	0.0	0.0	0.75	0.0	0.0	0.0	0.0	0.0
2	0.0	0.0	47	0.1223404255319148	15.08	0	0.0	0.07570022710068129	0.0	0.0	0.0	0.0	0.0	0.0	0.037850113550340646
1	0.0	0.0	0	0.0	16.38	0	0.0	16.666666666666668	0.0	0.0	0.0	0.0	0.0	0.0	0.0
2	0.0	0.0	45	0.0	10.94	0	0.07836990595611286	0.0	0.0	0.0	0.0	0.0	0.0	0.0	0.0
0	0.0	1.0	10	0.875	0.0	0	0.0	0.16233766233766234	1.0	1.0	0.0	0.0	0.0	0.0	0.0
3	0.0	0.0	30	0.0	20.4	0	0.0	0.2347417840375587	0.0	0.0	0.0	0.0	0.0	0.0	0.0
2	0.0	0.0	33	0.0	14.19	0	0.0	0.03687315634218289	0.0	0.5	0.0	0.0	0.0	0.0	0.0
2	0.0	0.0	2	0.0	10.26	0	0.07530120481927711	0.10395010395010396	0.0	0.0	0.0	0.0	0.0	0.0	0.0
2	0.0	0.0	39	0.0	14.78	0	0.024319066147859923	0.0	0.0	0.0	0.0	0.0	0.0	0.012159533073929961	0.024015369836695485
2	0.0	0.0	22	0.0	15.6	0	0.0	0.05461496450027308	0.0	0.0	0.0	0.0	0.0	0.0	0.02730748225013654
0	0.0	0.0	14	0.074074074074074	13.91	0	0.12195121951219513	0.0	0.0	0.0	0.0	0.0	0.0	0.0	0.0
1	0.0	0.0	0	0.0	17.48	0	0.0	0.2958579881656805	0.0	1.0	0.0	0.0	0.0	0.0	0.0
1	1.0	0.0	23	0.1647058823529411	12.0	0	0.0	0.1589825119236884	0.0	0.0	0.0	0.0	0.0	0.0	0.1589825119236884
0	0.0	0.0	0	0.0	17.3	0	0.0	0.032552083333333336	0.0	2.0	0.0	0.0	0.0	0.0	0.0
2	0.5	1.0	71	0.0	21.82	0	0.017406440382941687	0.0	0.0	0.0	0.0	0.0	0.0	0.0	0.010513036164844407
4	0.0	0.0	61	0.0	14.43	0	0.01372495196266813	0.0	0.0	0.0	0.0	0.0	0.0	0.0	0.0
3	0.0	0.0	16	0.0	16.12	0	0.03228931223764934	0.0	0.0	0.0	0.0	0.0	0.0	0.0	0.0
0	0.0	0.0	17	0.0	0.0	0	16.666666666666668	0.0	0.0	0.0	0.0	0.0	0.0	0.0	0.0
1	0.0	0.0	18	0.0	9.5	0	1.1627906976744187	0.0	0.0	0.0	0.0	0.0	0.0	0.0	0.0
3	0.0	0.0	36	0.0211640211640211	15.31	0	0.0	0.03147623544224111	0.0	0.0	0.0	0.0	0.0	0.0	0.015738117721120555
0	0.0	0.0	0	0.0	16.73	0	0.0	0.032722513089005235	0.0	0.0	0.0	0.0	0.0	0.0	0.0
2	0.0	0.0	7	0.0	20.17	0	0.3623188405797102	0.0	0.0	0.0	0.0	0.0	0.0	0.0	0.0
0	0.0	0.0	1	0.0	17.05	0	0.0	0.25125628140703515	0.0	0.0	0.0	0.0	0.0	0.0	0.0
0	0.0	0.0	18	0.0	0.0	0	0.10504201680672269	0.0	0.0	0.0	0.0	0.0	0.0	0.0	0.0
2	0.0	0.0	39	0.0	14.44	0	0.036483035388544326	0.0	0.0	0.5	0.0	0.0	0.0	0.036483035388544326	0.0
0	0.0	0.0	16	0.0208333333333333	0.0	0	0.06854009595613433	0.0	0.0	0.0	0.0	0.0	0.0	0.0	0.0
0	0.0	1.0	19	0.0839160839160839	0.0	0	0.0650759219088937	0.0	0.0	0.0	0.0	0.0	0.0	0.0	0.0
1	1.0	1.0	25	0.0	10.84	0	0.15360983102918588	0.0	0.0	0.5	0.0	0.0	0.0	0.0	0.0
8	0.0	0.0	36	0.0	15.21	0	0.032916392363396975	0.0	0.0	0.5	0.0	0.0	0.0	0.016458196181698487	0.0
0	0.0	0.0	20	0.0	12.26	0	0.0	0.07209805335255949	0.0	0.0	0.0	0.0	0.0	0.0	0.0
1	0.5	0.0	16	0.0	9.5	0	0.10010010010010009	0.0	0.0	0.0	0.0	0.0	0.0	0.0	0.0
4	0.0	0.0	36	0.2648648648648649	15.56	0	0.01074575542660649	0.0	0.0	0.0	0.0	0.0	0.0	0.02149151085321298	0.010504201680672268
2	0.0	0.0	30	0.0	15.5	0	0.012817226352217381	0.0	0.0	0.0	0.0	0.0	0.0	0.0	0.015542430836182779
0	0.0	0.0	15	0.0625	0.0	0	0.0	0.36496350364963503	0.0	0.0	0.0	0.0	0.0	0.0	0.36496350364963503
1	0.0	0.0	16	0.3956043956043956	18.5	0	0.06301197227473221	0.0	0.0	0.0	0.0	0.0	0.0	0.0	0.0
3	0.0	0.0	15	0.0	13.42	0	0.2040816326530612	0.0	0.0	0.5	0.0	0.0	0.0	0.0	0.0
1	0.0	0.0	39	0.0137931034482758	13.03	0	0.020981955518254304	0.0	0.0	0.0	0.0	0.0	0.0	0.0	0.0
3	0.0	0.0	35	0.0055401662049861	16.08	0	0.0	0.007723200494284832	0.0	0.0	0.0	0.0	0.0	0.0	0.007723200494284832
1	0.0	1.0	18	0.0	9.5	0	0.1303780964797914	0.0	0.0	0.0	0.0	0.0	0.0	0.0	0.0
0	0.0	0.0	31	0.0	0.0	0	0.23255813953488372	0.0	0.0	0.0	0.0	0.0	0.0	0.23255813953488372	0.0
6	0.0	0.0	46	0.1941747572815534	10.11	0	0.0	0.18281535648994515	0.0	0.0	0.0	0.0	0.0	0.0	0.04570383912248629
0	0.0	0.0	0	0.0	16.48	0	0.4504504504504504	0.0	0.0	2.0	0.0	0.0	0.0	0.0	0.0
0	0.0	0.0	6	0.4444444444444444	14.78	0	0.20833333333333334	0.0	0.0	0.0	0.0	0.0	0.0	0.0	0.0
7	0.0	0.0	60	0.0823970037453183	14.91	0	0.0	0.0250501002004008	0.0	5.0	0.0	0.0	0.0	0.0	0.0250501002004008
1	0.0	0.0	44	0.0219780219780219	14.47	0	0.0	0.029446407538280327	0.0	0.0	0.0	0.0	0.0	0.0	0.0
6	0.0	0.0	44	0.0	15.32	0	0.0	0.014898688915375446	0.0	0.5	0.0	0.0	0.0	0.010586491636671608	0.0
1	0.0	0.0	24	0.0	5.68	0	0.3846153846153846	0.0	0.0	0.0	0.0	0.0	0.0	0.3846153846153846	0.0
0	0.0	0.0	16	0.0	0.0	0	0.0	0.6578947368421053	0.0	0.0	0.0	0.0	0.0	0.0	0.0
1	0.0	0.0	0	0.0	9.5	0	0.0	0.16447368421052633	0.0	0.0	0.0	0.0	0.0	0.0	0.0
3	0.0	0.0	2	0.1129032258064516	18.45	0	0.0	0.0546448087431694	0.0	11.0	0.0	0.0	0.0	0.0	0.0
2	0.0	0.0	0	0.0	19.3	0	0.0	0.10683760683760685	0.0	0.0	0.0	0.0	0.0	0.0	0.0
0	0.0	0.0	28	0.0	14.73	0	0.04393673110720562	0.0	0.0	0.0	0.0	0.0	0.0	0.02196836555360281	0.0
1	0.0	0.0	5	0.0	16.12	0	0.0998003992015968	0.0	0.0	0.0	0.0	0.0	0.0	0.0	0.0
5	0.0	0.0	1	0.0	16.16	0	0.0	0.03943995267205679	0.0	0.0	0.0	0.0	0.0	0.0	0.0
0	0.0	0.0	30	0.0	0.0	0	0.0	0.36496350364963503	0.0	0.0	0.0	0.0	0.0	0.0	0.0
0	0.0	0.0	15	0.0	0.0	0	0.625	0.0	0.0	0.0	0.0	0.0	0.0	0.0	0.0
0	0.0	0.0	0	0.0	0.0	0	0.0	0.8064516129032259	0.0	0.0	0.0	0.0	0.0	0.0	0.0
1	0.0	0.0	1	0.3333333333333333	11.79	0	0.8849557522123894	0.0	0.0	0.5	0.0	0.0	0.0	0.0	0.0
1	0.0	0.0	7	0.0	27.01	0	0.3448275862068966	0.0	0.0	0.0	0.0	0.0	0.0	0.0	0.0
0	0.0	0.0	1	0.0259740259740259	16.21	0	0.0	0.0333555703802535	0.0	0.5	0.0	0.0	0.0	0.0	0.0
1	0.0	0.0	42	0.0	9.05	1	1.7611026033690658	0.535833891493637	0.0	0.38461538461538464	0.0	0.0	0.0	1.6079632465543645	0.0
1	0.0	0.0	58	0.0404624277456647	12.69	0	0.044642857142857144	0.0	0.0	0.0	0.0	0.0	0.0	0.0	0.0
0	0.0	0.0	23	0.0	0.0	0	0.1524390243902439	0.0	0.0	0.0	0.0	0.0	0.0	0.0	0.0
1	0.0	0.0	38	0.0	3.3	0	0.0	0.24154589371980678	0.0	0.0	0.0	0.0	0.0	0.0	0.12077294685990339
2	0.0	0.0	46	0.0	14.3	0	0.0	0.14234875444839856	0.0	0.25	0.0	0.0	0.0	0.0	0.0
0	0.0	1.0	15	0.0	0.0	0	0.07225433526011561	0.0	0.0	0.0	0.0	0.0	0.0	0.0	0.0
4	0.0	0.0	42	0.1944444444444444	13.54	0	0.08865248226950355	0.0	0.0	0.0	0.0	0.0	0.0	0.08865248226950355	0.0
2	0.0	0.0	0	0.0	16.95	0	0.014405070584845865	0.0	0.0	1.0	0.0	0.0	0.0	0.0	0.0
3	0.0	0.0	20	0.0	10.85	0	0.5	0.0	0.0	0.0	0.0	0.0	0.0	0.0	0.0
0	0.0	0.0	0	0.1538461538461538	14.15	0	0.0	2.5	0.0	14.0	0.0	0.0	0.0	0.0	0.0
3	0.0	0.0	21	0.1134020618556701	15.96	0	0.0	0.07092198581560284	0.0	0.0	0.0	0.0	0.0	0.0	0.0
0	0.0	0.0	16	0.0	0.0	0	0.0	0.5376344086021505	0.0	0.0	0.0	0.0	0.0	0.0	0.0
4	0.0	0.0	30	0.0	15.33	0	0.055233360950013806	0.0	0.0	0.25	0.0	0.0	0.0	0.027616680475006903	0.0
6	0.0	0.0	2	0.09239130434782598	16.18	0	0.021949078138718173	0.0	0.0	1.0	0.0	0.0	0.0	0.0	0.0
3	0.0	0.0	36	0.0	12.76	0	0.0	0.08051529790660225	0.0	0.0	0.0	0.0	0.0	0.0	0.0
2	0.0	0.0	2	0.0172413793103448	16.56	0	0.0	0.05820721769499418	0.0	0.0	0.0	0.0	0.0	0.0	0.0
3	1.0	1.0	43	0.0	15.39	0	0.0	0.01589067217543302	0.0	0.5	0.0	0.0	0.0	0.0	0.0
3	0.0	0.0	49	0.0	13.38	0	0.0	0.049407114624505935	0.0	0.5	0.0	0.0	0.0	0.013679890560875515	0.0
2	0.0	0.0	38	0.0	14.54	0	0.0	0.04599816007359706	0.0	0.0	0.0	0.0	0.0	0.0	0.04599816007359706
2	0.0	0.0	48	0.0	9.66	0	0.0	0.07886435331230283	0.0	0.0	0.0	0.0	0.0	0.0	0.0
1	0.0	0.0	4	0.0	10.5	0	0.819672131147541	0.0	0.0	0.0	0.0	0.0	0.0	0.0	0.0
4	0.0	0.0	35	0.0	15.61	0	0.02058460271716756	0.0	0.0	1.0	0.0	0.0	0.0	0.0	0.0
1	0.0	0.0	36	0.1428571428571428	11.28	0	0.0	0.050658561296859174	0.0	2.0	0.0	0.0	0.0	0.0	0.025329280648429587
0	0.0	0.0	19	0.0	0.0	0	0.09398496240601503	0.0	0.0	0.0	0.0	0.0	0.0	0.0	0.0
2	0.0	0.0	79	0.0	6.85	0	0.027472527472527472	0.0	0.0	0.0	0.0	0.0	0.0	0.0	0.0
0	0.0	0.0	16	0.0	0.0	0	0.13054830287206265	0.0	0.0	1.0	0.0	0.0	0.0	0.0	0.0
3	0.0	0.0	48	0.0	15.58	0	0.0	0.016194331983805668	0.0	0.5	0.0	0.0	0.0	0.007906388361796331	0.008097165991902834
2	0.0	0.0	22	0.0094786729857819	16.25	0	0.0	0.012973533990659055	0.0	0.0	0.0	0.0	0.0	0.0	0.0
1	0.0	0.0	22	0.0	9.5	0	50.0	0.0	0.0	0.0	0.0	0.0	0.0	0.0	0.0
2	0.0	0.0	25	0.0	15.6	0	0.0	0.02301495972382048	0.0	0.5	0.0	0.0	0.0	0.0	0.02301495972382048
1	0.0	0.0	17	0.0	9.5	0	0.47619047619047616	0.0	0.0	0.0	0.0	0.0	0.0	0.0	0.0
4	0.0	0.0	2	0.2371134020618556	17.0	0	0.0	0.0657030223390276	0.0	2.0	0.0	0.0	0.0	0.0	0.0
0	0.0	0.0	36	0.0	4.96	0	0.45454545454545453	0.0	0.0	0.5	0.0	0.0	0.0	0.0	0.0
2	0.0	0.0	17	0.0133333333333333	18.61	0	0.0	0.3225806451612903	0.0	0.0	0.0	0.0	0.0	0.0	0.0
2	0.0	0.0	78	0.0	4.95	0	0.3731343283582089	0.0	0.0	0.0	0.0	0.0	0.0	0.0	0.0
2	0.0	0.0	39	0.14457831325301201	14.38	0	0.02753303964757709	0.0	0.0	0.0	0.0	0.0	0.0	0.02753303964757709	0.0
0	1.0	1.0	20	0.0108108108108108	0.0	0	0.0	0.06753714542998648	0.0	0.0	0.0	0.0	0.0	0.0	0.0
0	0.0	0.0	19	0.0	0.0	0	0.1724137931034483	0.0	0.0	0.0	0.0	0.0	0.0	0.0	0.0
2	0.0	0.0	2	0.0	16.32	0	0.0	0.04364906154517678	0.0	0.0	0.0	0.0	0.0	0.0	0.0
0	0.0	0.0	19	0.1666666666666666	0.0	0	0.0	0.5813953488372093	0.0	0.0	0.0	0.0	0.0	0.0	0.5813953488372093
0	0.0	0.0	15	0.0	0.0	0	0.2008032128514056	0.0	0.0	1.0	0.0	0.0	0.0	0.0	0.0
1	0.0	0.0	42	0.0	8.0	0	0.4048582995951417	0.0	0.0	0.0	0.0	0.0	0.0	0.20242914979757085	0.0
4	0.0	0.0	2	0.0	16.63	0	0.03479471120389701	0.0	0.0	0.0	0.0	0.0	0.0	0.0	0.0
1	0.0	0.0	0	0.0	16.83	0	0.0	1.0	0.0	0.0	0.0	0.0	0.0	0.0	0.0
2	1.0	0.0	14	0.0	19.67	0	0.0	0.041390728476821195	0.0	0.0	0.0	0.0	0.0	0.0	0.0
4	0.0	0.0	25	0.0	14.88	0	0.06949270326615706	0.0	0.0	0.5	0.0	0.0	0.0	0.03474635163307853	0.0
4	0.0	0.0	42	0.0	15.81	0	0.0	0.011145786892554615	0.0	0.0	0.0	0.0	0.0	0.0	0.03343736067766384
1	0.0	0.0	20	0.0	5.16	0	1.0869565217391304	0.0	0.0	0.0	0.0	0.0	0.0	0.0	0.0
3	0.0	0.0	64	0.0	11.46	0	0.0	0.01697792869269949	0.0	0.0	0.0	0.0	0.0	0.0	0.0
0	0.0	0.0	0	0.0	17.2	0	0.0	0.0700280112044818	0.0	2.0	0.0	0.0	0.0	0.0	0.0
1	0.0	0.0	1	0.2780082987551867	16.5	0	0.03863987635239567	0.0	0.0	1.0	0.0	0.0	0.0	0.0	0.0
0	0.0	0.0	14	0.0	0.0	0	0.0	0.11389521640091117	0.0	0.0	0.0	0.0	0.0	0.0	0.0
1	0.0	0.0	36	0.1176470588235294	4.88	0	0.0	1.8181818181818181	0.0	1.0	0.0	0.0	0.0	0.0	0.9090909090909091
1	0.0	0.0	19	0.0	16.1	0	0.012186205215695831	0.0	0.0	0.0	0.0	0.0	0.0	0.012186205215695831	0.0
0	0.0	0.0	35	0.0	15.95	0	0.023996160614301713	0.0	0.0	0.6666666666666666	0.0	0.0	0.0	0.015997440409534474	0.0
2	0.0	0.0	31	0.0	7.93	0	0.12315270935960593	0.0	0.0	0.0	0.0	0.0	0.0	0.0	0.0
0	0.0	0.0	17	0.0	0.0	0	0.0	0.6756756756756757	0.0	0.0	0.0	0.0	0.0	0.0	0.6756756756756757
7	0.0	0.0	2	0.0	16.56	0	0.02216803369541122	0.0	0.0	0.0	0.0	0.0	0.0	0.0	0.0
3	0.0	0.0	15	0.015625	15.7	0	0.2777777777777778	0.0	0.0	0.0	0.0	0.0	0.0	0.0	0.0
1	0.0	0.0	18	0.0	15.5	0	0.0	0.022222222222222223	0.0	0.0	0.0	0.0	0.0	0.0	0.0
0	0.0	0.0	15	0.0	0.0	0	0.6666666666666666	0.0	0.0	0.0	0.0	0.0	0.0	0.0	0.0
1	0.0	0.0	38	0.0	10.34	0	0.0	0.06353240152477764	0.0	0.0	0.0	0.0	0.0	0.0	0.0
4	0.0	0.0	21	0.0	15.11	0	0.05336179295624333	0.0	0.0	0.0	0.0	0.0	0.0	0.0	0.0
0	0.0	0.0	12	0.125	0.0	0	0.0	0.2159827213822894	0.0	1.0	0.0	0.0	0.0	0.0	0.0
4	0.0	0.0	17	0.0	16.35	0	0.022820629849383843	0.0	0.0	0.0	0.0	0.0	0.0	0.0	0.0
1	0.0	0.0	18	0.0	5.58	0	0.3333333333333333	0.0	0.0	1.0	0.0	0.0	0.0	0.0	0.0
2	0.0	0.0	1	0.0	16.83	0	0.0	0.07468259895444361	0.0	0.5	0.0	0.0	0.0	0.0	0.0
0	0.75	0.4	13	0.0	0.0	0	0.1893939393939394	0.0	0.0	1.0	0.0	0.0	0.0	0.0	0.0
0	0.0	0.0	18	0.0	0.0	0	0.04019292604501608	0.0	0.0	0.0	0.0	0.0	0.0	0.04019292604501608	0.0
3	0.0	0.0	0	0.0186915887850467	16.74	0	0.019615535504119264	0.0	0.0	0.0	0.0	0.0	0.0	0.0	0.0
0	0.0	0.0	17	0.0	0.0	0	0.2192982456140351	0.0	0.0	0.5	0.0	0.0	0.0	0.0	0.0
2	0.0	0.0	38	0.0	13.31	0	0.03642987249544627	0.0	0.0	0.0	0.0	0.0	0.0	0.018214936247723135	0.0
6	0.0	0.0	22	0.2179487179487179	15.59	0	0.0691085003455425	0.0	0.0	0.0	0.0	0.0	0.0	0.03455425017277125	0.0
4	1.0	1.0	2	0.0515021459227467	21.11	0	0.061312078479460456	0.0	0.0	0.0	0.0	0.0	0.0	0.0	0.0
1	0.0	1.0	17	0.1379310344827586	40.05	1	0.17564402810304452	1.1494252873563218	0.0	1.0	0.0	0.0	0.0	0.0	1.4367816091954022
2	1.0	1.0	41	0.0	18.45	0	0.0	0.02872737719046251	0.0	0.0	0.0	0.0	0.0	0.011798017932987258	0.0
2	0.0	0.0	36	0.0	16.14	0	0.0	0.01789228842368939	0.0	0.0	0.0	0.0	0.0	0.0	0.0
1	0.0	0.0	0	0.0	17.97	0	0.0	0.3205128205128205	0.0	2.0	0.0	0.0	0.0	0.0	0.0
1	0.0	0.0	26	0.4	4.97	0	0.7874015748031495	0.0	0.0	0.0	0.0	0.0	0.0	0.7874015748031495	0.0
1	0.0	0.0	36	0.0	7.1	0	0.1736111111111111	0.0	0.0	0.0	0.0	0.0	0.0	0.08680555555555555	0.0
1	0.0	0.0	15	0.0476190476190476	11.29	0	11.363636363636363	0.0	0.0	0.0	0.0	0.0	0.0	0.0	0.0
2	0.0	0.0	0	0.0784313725490196	16.33	0	0.0	0.051387461459403906	0.0	0.5	0.0	0.0	0.0	0.0	0.0
3	0.0	0.0	73	0.0	10.69	0	0.018355359765051395	0.0	0.0	0.0	0.0	0.0	0.0	0.0	0.0
1	0.0	1.0	32	0.0	2.2	1	0.5847953216374269	0.5420054200542006	0.0	1.0	0.0	0.0	0.0	0.0	0.0
1	0.0	0.0	47	0.0	8.63	0	0.033715441672285906	0.0	0.0	0.0	0.0	0.0	0.0	0.0	0.0
3	0.0	0.0	21	0.0	14.73	0	0.04830917874396135	0.0	0.0	0.5	0.0	0.0	0.0	0.0	0.0
1	0.0	1.0	36	0.0	0.5	0	0.02854695974878675	0.0	0.0	0.0	0.0	0.0	0.0	0.014273479874393376	0.0
6	0.0	0.0	26	0.0	15.57	0	0.06112469437652812	0.0	0.0	0.0	0.0	0.0	0.0	0.0	0.02130379207498935
2	0.0	0.0	0	0.0	16.31	0	0.0	0.07092198581560284	0.0	0.0	0.0	0.0	0.0	0.0	0.0
1	0.0	0.0	33	0.0	15.56	0	0.0	0.07326007326007326	0.0	0.0	0.0	0.0	0.0	0.0	0.0
1	0.0	0.0	0	0.0232558139534883	16.28	0	0.037481259370314844	0.0	0.0	0.0	0.0	0.0	0.0	0.0	0.0
0	0.0	0.0	15	0.192	15.66	0	0.0	0.034071550255536626	0.0	0.0	0.0	0.0	0.0	0.0	0.0
4	0.0	0.0	51	0.006006006006006	15.11	0	0.0	0.008051529790660225	0.0	2.0	0.0	0.0	0.0	0.0	0.008051529790660225
1	0.0	0.0	0	0.0	16.33	0	0.0	0.2008032128514056	0.0	0.0	0.0	0.0	0.0	0.0	0.0
0	0.0	0.0	53	0.1363636363636363	0.0	0	0.1941747572815534	0.0	0.0	0.0	0.0	0.0	0.0	0.1941747572815534	0.0
1	0.0	0.0	0	0.0	17.0	0	0.0	0.06882312456985547	0.0	0.0	0.0	0.0	0.0	0.0	0.0
2	0.0	0.0	66	0.0625	5.24	0	0.20576131687242796	0.0	0.0	0.5	0.0	0.0	0.0	0.0	0.0
5	0.0	0.0	0	0.0	16.33	0	0.01157943492357573	0.0	0.0	0.0	0.0	0.0	0.0	0.0	0.0
1	1.0	1.0	64	0.0	0.75	1	0.0	11.904761904761905	0.0	0.4	0.0	0.0	0.0	0.0	1.1904761904761905
3	0.0	0.0	0	0.0651162790697674	16.74	0	0.0	0.030432136335970784	0.0	0.0	0.0	0.0	0.0	0.0	0.0
1	0.0	0.0	0	0.0	17.17	0	0.0	0.4672897196261682	0.0	0.0	0.0	0.0	0.0	0.0	0.0
2	0.0	0.0	0	0.0	16.31	0	0.0	0.011742602160638799	0.0	0.0	0.0	0.0	0.0	0.0	0.0
3	0.0	0.0	17	0.0380952380952381	15.57	0	0.04037141703673799	0.0	0.0	0.5	0.0	0.0	0.0	0.0	0.0
4	0.0	0.0	29	0.0	13.99	0	0.0	0.06583278472679395	0.0	0.0	0.0	0.0	0.0	0.0	0.06583278472679395
1	0.0	0.0	20	0.0	7.54	0	0.3105590062111801	0.0	0.0	0.0	0.0	0.0	0.0	0.0	0.15527950310559005
1	0.0	0.0	0	0.0	17.2	0	0.0	0.4098360655737705	0.0	0.5	0.0	0.0	0.0	0.0	0.0
3	0.0	0.0	0	0.0	17.27	0	0.0	0.2747252747252747	0.0	0.0	0.0	0.0	0.0	0.0	0.0
0	0.0	0.0	30	0.0	0.0	0	0.0	1.7857142857142856	0.0	0.5	0.0	0.0	0.0	0.0	0.8928571428571428
2	0.0	0.0	40	0.0	15.48	0	0.0	0.023713540431586435	0.0	0.0	0.0	0.0	0.0	0.0	0.03557031064737965
2	0.0	0.0	29	0.0	16.23	0	0.0	0.020977554017201593	0.0	0.0	0.0	0.0	0.0	0.0	0.0
3	0.0	0.0	11	0.0392156862745098	13.73	0	0.0	0.12019230769230768	0.0	0.0	0.0	0.0	0.0	0.0	0.0
4	0.0	0.0	15	0.0	11.93	0	0.1091703056768559	0.0	0.0	0.0	0.0	0.0	0.0	0.0	0.0
2	0.0	0.0	16	0.0	9.38	0	1.3513513513513513	0.0	0.0	0.2	0.0	0.0	0.0	0.0	0.0
1	0.0	0.0	0	0.0	10.0	0	0.0	11.11111111111111	0.0	0.0	0.0	0.0	0.0	0.0	0.0
1	0.0	0.0	43	0.0350877192982456	9.5	0	0.44576523031203563	0.0	0.0	0.0	0.0	0.0	0.0	0.0	0.0
0	1.0	1.0	47	0.0546448087431694	30.7	0	0.0510073960724305	0.0	0.0	0.0	0.0	0.0	0.0	0.02550369803621525	0.0
1	1.0	1.0	27	0.0566037735849056	1.5	0	0.0	0.03506311360448808	0.0	0.0	0.0	0.0	0.0	0.0	0.0
1	0.0	0.0	2	0.0	16.58	0	0.013399437223636608	0.0	0.0	0.5	0.0	0.0	0.0	0.0	0.0
0	0.0	0.0	21	0.0	0.0	0	0.14705882352941177	0.0	0.0	0.0	0.0	0.0	0.0	0.14705882352941177	0.0
2	0.0	0.0	42	0.0	14.42	0	0.0	0.02748763056624519	0.0	0.0	0.0	0.0	0.0	0.0	0.0
2	0.0	0.0	24	0.0	15.43	0	0.03105590062111801	0.0	0.0	0.0	0.0	0.0	0.0	0.03105590062111801	0.0
0	0.0	0.0	18	0.0	0.0	0	0.10905125408942203	0.0	0.0	0.5	0.0	0.0	0.0	0.0	0.0
1	0.0	0.0	0	0.0	17.51	0	0.0	0.8474576271186441	0.0	0.0	0.0	0.0	0.0	0.0	0.0
0	0.0	0.0	13	0.0625	10.18	0	0.6756756756756757	0.0	0.0	0.0	0.0	0.0	0.0	0.0	0.0
0	0.0	0.0	10	0.0512820512820512	16.08	0	0.0	0.08726003490401396	0.0	1.0	0.0	0.0	0.0	0.0	0.08726003490401396
0	0.0	0.0	0	0.0	16.92	0	0.0	0.16501650165016502	0.0	0.0	0.0	0.0	0.0	0.0	0.0
1	0.0	0.0	45	0.0	15.13	0	0.04337453914552158	0.0	0.0	0.0	0.0	0.0	0.0	0.0	0.0
1	1.0	0.0	16	0.0	23.1	0	0.0	1.1363636363636365	0.0	0.0	0.0	0.0	0.0	0.0	1.1363636363636365
5	0.0	0.0	20	0.0606060606060606	16.43	0	0.015964240102171137	0.0	0.0	0.0	0.0	0.0	0.0	0.0	0.0
3	0.0	0.0	75	0.0	4.73	0	1.5151515151515151	0.0	0.0	0.5	0.0	0.0	0.0	0.0	0.0
4	1.0	0.6666666666666666	49	0.0	10.58	0	0.0	0.036153289949385395	0.0	0.5	0.0	0.0	0.0	0.0	0.05422993492407809
0	0.0	0.0	0	0.0	16.39	0	0.0	0.02663825253063399	0.0	0.0	0.0	0.0	0.0	0.0	0.0
3	0.0	0.0	17	0.037037037037037	14.28	0	0.08045052292839903	0.0	0.0	0.0	0.0	0.0	0.0	0.0	0.0
5	0.0	0.0	27	0.0	16.33	0	0.01410039481105471	0.0	0.0	0.0	0.0	0.0	0.0	0.0	0.0
3	0.0	0.0	0	0.0	16.48	0	0.0	0.0755287009063444	0.0	0.0	0.0	0.0	0.0	0.0	0.0
2	0.5	1.0	29	0.0	13.89	0	0.0	0.1251564455569462	0.0	0.0	0.0	0.0	0.0	0.0	0.0
1	0.0	0.0	14	0.0	5.44	0	33.333333333333336	0.0	0.0	0.0	0.0	0.0	0.0	0.0	0.0
2	0.0	0.0	27	0.0	10.0	0	0.11286681715575622	0.0	0.0	0.0	0.0	0.0	0.0	0.0	0.0
1	0.0	0.0	0	0.0	9.5	0	0.0	0.14534883720930233	0.0	0.0	0.0	0.0	0.0	0.0	0.0
0	0.0	0.0	15	0.0	0.0	0	0.0	0.4424778761061947	0.0	0.0	0.0	0.0	0.0	0.0	0.0
1	0.0	0.0	2	0.6122448979591837	16.6	0	0.35714285714285715	0.0	0.0	2.0	0.0	0.0	0.0	0.0	0.0
0	0.0	0.0	21	0.15	0.0	0	0.0	0.18148820326678766	0.0	0.0	0.0	0.0	0.0	0.0	0.0
4	0.0	0.0	47	0.0	14.06	0	0.0	0.024648755237860486	0.0	1.0	0.0	0.0	0.0	0.017692852087756547	0.0
1	1.0	0.0	33	0.1682242990654205	10.39	1	0.0	0.23112480739599384	0.0	1.0	0.0	0.0	0.0	0.0	0.0
3	0.0	0.0	21	0.0	15.67	0	0.0	0.01704448610874382	0.0	0.0	0.0	0.0	0.0	0.0	0.0
1	0.0	0.0	18	0.0	15.81	0	0.0	0.025227043390514632	0.0	0.0	0.0	0.0	0.0	0.0	0.0
1	0.0	0.0	47	0.0	9.5	0	0.4629629629629629	0.0	0.0	0.5	0.0	0.0	0.0	0.0	0.0
2	0.0	0.0	0	0.0	16.09	0	0.0	0.06056935190793458	0.0	0.0	0.0	0.0	0.0	0.0	0.0
1	0.0	0.0	1	0.0	18.63	0	0.0	0.15015015015015015	0.0	8.0	0.0	0.0	0.0	0.0	0.0
5	1.0	1.0	35	0.0	55.17	0	0.0	0.055658627087198514	0.0	0.16666666666666666	0.0	0.0	0.0	0.0	0.0
2	0.0	0.0	44	0.0	14.76	0	0.01365001365001365	0.0	0.0	0.0	0.0	0.0	0.0	0.04095004095004095	0.0
1	0.0	0.0	5	0.0	16.33	0	0.46439628482972134	0.0	0.0	0.3333333333333333	0.0	0.0	0.0	0.0	0.0
3	0.0	0.0	21	0.0	15.81	0	0.0	0.024354603019970774	0.0	0.0	0.0	0.0	0.0	0.0	0.0
1	0.0	0.0	34	0.0	6.64	0	0.6802721088435374	0.0	0.0	0.0	0.0	0.0	0.0	0.0	0.0
1	0.0	0.0	26	0.0	9.6	0	0.20366598778004072	0.0	0.0	0.0	0.0	0.0	0.0	0.10183299389002036	0.0
2	0.0	0.0	2	0.0	18.66	0	0.05279831045406547	0.0	0.0	12.0	0.0	0.0	0.0	0.0	0.0
1	0.0	1.0	29	0.0	12.0	0	0.02462447672986949	0.0	0.0	0.0	0.0	0.0	0.0	0.02462447672986949	0.0
0	0.0	0.0	36	0.0	0.0	0	0.0	0.26595744680851063	0.0	0.5	0.0	0.0	0.0	0.0	0.13297872340425532
0	0.0	0.0	20	0.0165289256198347	15.43	0	0.0	0.030807147258163893	0.0	0.0	0.0	0.0	0.0	0.0	0.0
0	0.0	0.0	16	0.0	0.0	0	0.9803921568627451	0.0	0.0	0.0	0.0	0.0	0.0	0.0	0.0
1	0.0	0.0	46	0.0	15.25	0	0.009389671361502348	0.0	0.0	0.0	0.0	0.0	0.0	0.009389671361502348	0.0
1	0.0	0.0	0	0.0	16.69	0	0.0	0.13020833333333334	0.0	0.5	0.0	0.0	0.0	0.0	0.0
1	0.0	0.0	0	0.0	16.38	0	0.0	0.26881720430107525	0.0	0.0	0.0	0.0	0.0	0.0	0.0
1	0.0	0.0	33	0.0	15.57	0	0.0	0.03654970760233918	0.0	0.0	0.0	0.0	0.0	0.0	0.0
0	0.0	0.0	31	0.0307692307692307	13.99	0	0.04859086491739553	0.0	0.0	0.5	0.0	0.0	0.0	0.0	0.0
1	0.0	0.0	5	0.1008403361344537	16.13	0	0.0	0.009584052137243627	0.0	0.0	0.0	0.0	0.0	0.0	0.0
1	0.0	0.0	0	0.0	9.5	0	0.0	0.27027027027027023	0.0	0.0	0.0	0.0	0.0	0.0	0.0
1	0.0	0.0	1	0.0	16.95	0	0.0	0.267379679144385	0.0	0.0	0.0	0.0	0.0	0.0	0.0
0	0.0	0.0	31	0.0	0.35	1	0.0	0.0	0.0	0.8333333333333334	0.0	0.0	0.0	0.0	0.0
3	0.0	0.0	15	0.0	15.65	0	0.04716981132075472	0.0	0.0	0.0	0.0	0.0	0.0	0.0	0.0
1	0.0	0.0	0	0.0	16.74	0	0.0	0.10416666666666667	0.0	1.0	0.0	0.0	0.0	0.0	0.0
1	0.0	0.0	43	0.04	8.82	1	2.2508038585209005	0.0	0.0	0.6428571428571429	0.0	0.0	0.0	0.0	0.02568053415511043
2	0.0	0.0	11	0.0	9.92	0	0.21231422505307856	0.0	0.0	2.0	0.0	0.0	0.0	0.0	0.0
2	0.0	0.0	0	0.0	16.86	0	0.0	0.5617977528089888	0.0	0.0	0.0	0.0	0.0	0.0	0.0
7	0.0	0.0	59	0.0106382978723404	14.16	0	0.02028809089064719	0.0	0.0	0.0	0.0	0.0	0.0	0.0	0.0
1	0.0	0.0	37	0.0075187969924812	15.21	0	0.026581605528973953	0.0	0.0	0.0	0.0	0.0	0.0	0.0	0.0
3	0.0	0.0	2	0.0	16.28	0	0.0	0.01731301939058172	0.0	0.0	0.0	0.0	0.0	0.0	0.0
1	0.0	1.0	18	0.1186440677966101	5.66	1	0.4032258064516129	0.6925207756232687	0.0	0.375	0.0	0.0	0.0	0.0	0.0
0	0.0	0.0	36	0.0	14.25	0	0.0	0.029171528588098017	0.0	0.0	0.0	0.0	0.0	0.023730422401518746	0.0
0	0.0	1.0	26	0.0	24.51	0	0.04965243296921549	0.0	0.0	0.0	0.0	0.0	0.0	0.0	0.030883261272390362
1	1.0	0.0	1	0.0	35.08	0	0.0	0.033444816053511704	0.0	0.0	0.0	0.0	0.0	0.0	0.0
2	0.0	1.0	30	0.0	28.17	0	0.03816793893129771	0.0	0.0	0.0	0.0	0.0	0.0	0.019083969465648856	0.0
2	0.0	0.0	0	0.08	16.93	0	0.0	0.17211703958691912	0.0	0.5	0.0	0.0	0.0	0.0	0.0
1	0.0	0.0	23	0.0	9.5	0	0.3496503496503497	0.0	0.0	0.0	0.0	0.0	0.0	0.0	0.0
2	0.0	0.0	46	0.3541666666666667	19.3	0	0.0	0.0819672131147541	0.0	0.0	0.0	0.0	0.0	0.0	0.0
2	0.0	0.0	22	0.3643410852713178	13.91	0	0.0	0.0970873786407767	0.0	0.5	0.0	0.0	0.0	0.0	0.0970873786407767
2	0.0	0.0	42	0.0050377833753148	15.84	0	0.0	0.01605136436597111	0.0	0.0	0.0	0.0	0.0	0.0	0.024077046548956663
4	0.0	0.0	33	0.0	11.99	0	0.03652300949598247	0.0	0.0	0.0	0.0	0.0	0.0	0.03652300949598247	0.0
1	0.0	0.0	47	0.0	10.9	0	0.0	0.035285815102328866	0.0	0.0	0.0	0.0	0.0	0.0	0.035285815102328866
2	0.0	0.0	2	0.0140845070422535	16.26	0	0.12269938650306748	0.0	0.0	0.0	0.0	0.0	0.0	0.0	0.0
1	0.0	0.0	0	0.0	17.12	0	0.0	1.3368983957219251	0.0	0.0	0.0	0.0	0.0	0.0	0.0
1	0.0	1.0	63	0.0	23.4	0	0.4504504504504504	0.0	0.0	0.9375	0.0	0.0	0.0	0.0	0.0
3	0.0	0.0	1	0.1052631578947368	17.02	0	0.0	0.07396449704142012	0.0	1.0	0.0	0.0	0.0	0.0	0.0
3	0.0	0.0	33	0.0	19.2	0	0.03552397868561279	0.0	0.0	0.0	0.0	0.0	0.0	0.017761989342806397	0.0
1	0.0	0.0	48	0.3333333333333333	5.06	0	0.0	0.16501650165016502	0.0	0.0	0.0	0.0	0.0	0.0	0.0
5	0.0	0.0	2	0.0428571428571428	16.69	0	0.04132231404958678	0.0	0.0	0.0	0.0	0.0	0.0	0.0	0.0
1	0.0	0.0	0	0.0	9.5	0	0.0	0.5681818181818182	0.0	0.0	0.0	0.0	0.0	0.0	0.0
2	0.0	0.0	1	0.4803149606299212	16.49	0	0.1773049645390071	0.0	0.0	0.5	0.0	0.0	0.0	0.0	0.0
1	0.0	0.0	0	0.0	17.55	0	0.0	1.1627906976744187	0.0	0.0	0.0	0.0	0.0	0.0	0.0
5	0.0	0.0	32	0.0	17.83	0	0.04577706569008927	0.0	0.0	0.0	0.0	0.0	0.0	0.0	0.0
3	0.0	0.0	0	0.0	16.06	0	0.0	0.01759633996128805	0.0	0.0	0.0	0.0	0.0	0.0	0.0
3	0.0	0.0	28	0.0	11.93	0	0.08445945945945946	0.0	0.0	0.0	0.0	0.0	0.0	0.0	0.0
4	0.0	0.0	1	0.0	16.21	0	0.01752541184717841	0.0	0.0	0.0	0.0	0.0	0.0	0.0	0.0
2	0.0	0.0	0	0.0	11.32	0	0.0	0.04757373929590866	0.0	0.0	0.0	0.0	0.0	0.0	0.0
2	0.0	0.0	18	0.0	15.79	0	0.0	0.02653927813163482	0.0	0.0	0.0	0.0	0.0	0.0	0.0
1	0.0	0.0	1	0.0	10.0	0	1.4285714285714286	0.0	0.0	1.0	0.0	0.0	0.0	0.0	0.0
12	0.0	0.0	34	0.0052083333333333	15.66	0	0.0	0.012764871074802144	0.0	0.0	0.0	0.0	0.0	0.0	0.006382435537401072
1	0.0	0.0	15	0.0	16.3	0	0.02008435428800964	0.0	0.0	0.0	0.0	0.0	0.0	0.0	0.028481913984619765
1	0.0	0.0	17	0.0	11.45	0	0.13315579227696406	0.0	0.0	0.0	0.0	0.0	0.0	0.0	0.12315270935960593
1	0.0	0.0	0	0.0769230769230769	9.5	0	0.0	0.2645502645502646	0.0	2.0	0.0	0.0	0.0	0.0	0.0
3	0.0	0.0	33	0.1714285714285714	5.73	0	0.0	0.3731343283582089	0.0	2.0	0.0	0.0	0.0	0.0	0.0
2	0.0	0.0	1	0.0	16.7	0	0.0	0.025866528711846873	0.0	0.0	0.0	0.0	0.0	0.0	0.0
0	0.0	0.0	47	0.0	5.01	0	0.0	0.5050505050505051	0.0	0.0	0.0	0.0	0.0	0.0	0.25252525252525254
0	0.0	0.0	45	0.0	0.0	0	0.0	0.09718172983479106	0.0	0.0	0.0	0.0	0.0	0.0	0.0
5	0.0	0.0	38	0.0317460317460317	14.51	0	0.0	0.049236829148202856	0.0	0.0	0.0	0.0	0.0	0.0	0.0
0	0.0	0.0	18	0.0	0.0	0	0.11848341232227488	0.0	0.0	0.0	0.0	0.0	0.0	0.0	0.0
0	0.0	0.0	37	0.0	5.86	0	0.0	0.18518518518518517	0.0	1.0	0.0	0.0	0.0	0.0	0.0
1	0.0	0.0	41	0.0982142857142857	15.19	0	0.09940357852882703	0.0	0.0	0.0	0.0	0.0	0.0	0.09940357852882703	0.0
3	0.0	1.0	2	0.0671641791044776	15.66	0	0.0	0.16116035455278002	0.0	0.0	0.0	0.0	0.0	0.0	0.0
1	0.0	0.0	51	0.0	4.65	0	50.0	0.0	0.0	0.0	0.0	0.0	0.0	0.0	0.0
3	0.0	0.0	35	0.0363636363636363	15.62	0	0.0	0.013854253255749514	0.0	0.0	0.0	0.0	0.0	0.0	0.0
0	0.0	0.0	46	0.0	16.51	0	0.0	0.010582010582010581	0.0	0.0	0.0	0.0	0.0	0.00389529448426301	0.0
5	0.0	0.0	18	0.0	15.94	0	0.0316055625790139	0.0	0.0	0.0	0.0	0.0	0.0	0.0	0.0
1	1.0	1.0	17	0.0	21.5	0	0.0	0.0676132521974307	0.0	0.0	0.0	0.0	0.0	0.0	0.03380662609871535
0	0.0	0.0	18	0.0	15.81	0	0.035161744022503515	0.0	0.0	0.5	0.0	0.0	0.0	0.0	0.0
5	0.0	0.0	25	0.0	15.69	0	0.020580366330520683	0.0	0.0	0.0	0.0	0.0	0.0	0.010290183165260341	0.0
4	0.0	0.0	14	0.1605839416058394	16.28	0	0.011944577161968466	0.0	0.0	0.0	0.0	0.0	0.0	0.0	0.0
5	0.0	0.0	39	0.0	11.14	0	0.0546448087431694	0.0	0.0	0.0	0.0	0.0	0.0	0.0546448087431694	0.0
1	0.0	0.0	80	0.0	11.18	0	0.0	0.06578947368421052	0.0	0.0	0.0	0.0	0.0	0.0	0.0
1	0.0	0.0	0	0.0	16.0	0	0.0	0.012536041118214868	0.0	0.0	0.0	0.0	0.0	0.0	0.0
2	1.0	0.0	14	0.2272727272727272	7.46	0	0.20746887966804978	0.0	0.0	1.0	0.0	0.0	0.0	0.0	0.0
1	1.0	0.0	35	0.0503597122302158	9.0	0	0.0	0.05543237250554324	0.0	0.0	0.0	0.0	0.0	0.0	0.02771618625277162
4	0.0	0.0	37	0.0	9.9	0	0.13651877133105803	0.0	0.0	0.0	0.0	0.0	0.0	0.0	0.0
0	0.0	0.0	23	0.125	0.0	0	1.7241379310344829	0.0	0.0	0.0	0.0	0.0	0.0	0.0	0.0
0	0.0	0.0	43	0.04	0.0	0	0.0	0.027647221454243847	0.0	0.0	0.0	0.0	0.0	0.0	0.0
0	1.0	0.5	35	0.1732283464566929	0.0	0	0.07698229407236336	0.0	0.0	0.0	0.0	0.0	0.0	0.03849114703618168	0.0
0	0.0	0.0	12	0.0	0.0	1	1.7241379310344829	2.1739130434782608	0.0	1.0	0.0	0.0	0.0	1.7241379310344829	0.0
2	0.0	0.0	45	0.025	8.97	0	0.0723589001447178	0.0	0.0	0.0	0.0	0.0	0.0	0.0	0.0
1	0.0	0.0	19	0.0	15.57	0	0.0	0.03652300949598247	0.0	0.0	0.0	0.0	0.0	0.0	0.03652300949598247
2	0.0	0.0	16	0.0168539325842696	16.15	0	0.02875215641173088	0.0	0.0	0.0	0.0	0.0	0.0	0.0	0.0
3	0.0	0.0	0	0.008695652173913	16.76	0	0.0	0.07792207792207792	0.0	0.0	0.0	0.0	0.0	0.0	0.0
1	0.0	0.0	0	0.0	17.46	0	0.0	0.5952380952380952	0.0	0.0	0.0	0.0	0.0	0.0	0.0
1	0.0	0.0	19	0.0	10.0	0	0.30303030303030304	0.0	0.0	0.0	0.0	0.0	0.0	0.0	0.0
1	0.0	0.0	25	0.0	5.3	0	0.4291845493562232	0.0	0.0	0.0	0.0	0.0	0.0	0.0	0.0
4	0.0	0.0	36	0.0	15.67	0	0.0	0.031210986267166042	0.0	0.0	0.0	0.0	0.0	0.0	0.0
1	0.0	0.0	0	0.0	17.07	0	0.0	0.4143646408839779	0.0	0.0	0.0	0.0	0.0	0.0	0.0
2	0.0	0.0	11	0.3064516129032258	15.85	0	0.10319917440660475	0.0	0.0	1.0	0.0	0.0	0.0	0.0	0.0
1	0.0	0.0	15	0.0	12.77	0	0.20833333333333334	0.0	0.0	1.0	0.0	0.0	0.0	0.0	0.0
4	1.0	0.0	43	0.0	19.81	0	0.0	0.09129640900791236	0.0	0.0	0.0	0.0	0.0	0.0	0.030432136335970784
1	0.0	0.0	24	0.0	5.64	0	0.0	0.39840637450199207	0.0	0.0	0.0	0.0	0.0	0.0	0.19920318725099603
2	0.0	0.5	44	0.0	15.7	0	0.3597122302158274	0.0	0.0	0.0	0.0	0.0	0.0	0.0	0.0
1	0.0	0.0	36	0.0	8.47	0	0.0	0.11990407673860912	0.0	0.0	0.0	0.0	0.0	0.0	0.05995203836930456
2	0.0	0.0	33	0.2	14.71	0	0.06073489219556635	0.0	0.0	0.0	0.0	0.0	0.0	0.030367446097783177	0.0
1	0.0	0.0	0	0.0147058823529411	18.28	0	0.0	0.030883261272390362	0.0	14.0	0.0	0.0	0.0	0.0	0.0
3	0.0	0.0	21	0.0	11.83	0	0.0	0.1111111111111111	0.0	0.0	0.0	0.0	0.0	0.0	0.1111111111111111
0	0.0	0.0	15	0.0	0.0	0	0.18518518518518517	0.0	0.0	0.0	0.0	0.0	0.0	0.0	0.0
0	0.0	0.0	2	0.130718954248366	50.15	0	0.0	0.0792393026941363	0.0	0.0	0.0	0.0	0.0	0.0	0.0
1	0.0	0.0	0	0.0	16.51	0	0.0	0.06830601092896174	0.0	0.5	0.0	0.0	0.0	0.0	0.0
4	0.0	0.0	40	0.0075757575757575	15.2	0	0.02462447672986949	0.0	0.0	0.0	0.0	0.0	0.0	0.0	0.0
2	0.0	1.0	48	0.0	20.53	0	0.0	1.1904761904761905	0.0	0.0	0.0	0.0	0.0	0.0	1.1904761904761905
1	0.0	0.0	1	0.0	17.29	0	0.0	0.1706484641638225	0.0	1.0	0.0	0.0	0.0	0.0	0.0
2	0.0	0.0	63	0.1785714285714285	5.81	0	0.1736111111111111	0.0	0.0	0.0	0.0	0.0	0.0	0.0	0.0
1	1.0	0.0	33	0.0359281437125748	0.4	1	0.0	1.7029972752043596	0.0	0.96	0.0	0.0	0.0	0.04542357483533954	1.1580381471389647
5	0.0	0.0	42	0.0171673819742489	15.3	0	0.0	0.058122638767800064	0.0	0.25	0.0	0.0	0.0	0.0	0.029061319383900032
1	0.0	0.0	16	0.1428571428571428	15.62	0	0.0	0.0819000819000819	0.0	0.0	0.0	0.0	0.0	0.0	0.0
0	1.0	0.0	18	0.0	0.0	0	0.04219409282700422	0.0	0.0	0.0	0.0	0.0	0.0	0.0	0.0
1	0.0	0.0	0	0.0	10.0	0	0.0	0.41493775933609955	0.0	0.25	0.0	0.0	0.0	0.0	0.0
1	0.0	0.0	0	0.0	16.55	0	0.0	0.3676470588235294	0.0	0.0	0.0	0.0	0.0	0.0	0.0
3	0.0	0.0	68	0.0	12.27	0	0.0	0.02352387673488591	0.0	0.0	0.0	0.0	0.0	0.0	0.011761938367442956
2	0.0	0.0	44	0.0	11.28	0	0.0708215297450425	0.0	0.0	0.0	0.0	0.0	0.0	0.0	0.0
1	0.0	0.0	24	0.0064935064935064	15.39	0	0.035174111853675694	0.0	0.0	0.0	0.0	0.0	0.0	0.0	0.0
1	0.0	0.0	29	0.0	11.59	0	0.0	0.0702247191011236	0.0	0.0	0.0	0.0	0.0	0.0	0.0
2	0.0	0.0	1	0.1538461538461538	16.9	0	0.0	5.0	0.0	0.0	0.0	0.0	0.0	0.0	0.0
4	0.0	0.0	44	0.0	16.92	0	0.0	0.1288659793814433	0.0	0.25	0.0	0.0	0.0	0.0	0.0
2	0.0	0.0	79	0.0588235294117647	5.15	0	0.2222222222222222	0.0	0.0	0.0	0.0	0.0	0.0	0.1111111111111111	0.0
0	0.0	0.0	40	0.0588235294117647	0.0	1	0.0	0.15151515151515152	0.0	1.0	0.0	0.0	0.0	0.0	0.0
1	0.0	0.0	0	0.0	17.81	0	0.0	2.0833333333333335	0.0	0.0	0.0	0.0	0.0	0.0	0.0
3	0.0	0.0	2	0.0	16.84	0	0.0	0.04050222762251924	0.0	2.0	0.0	0.0	0.0	0.0	0.0
5	0.0	0.0	66	0.0	12.08	0	0.0	0.030441400304414	0.0	0.0	0.0	0.0	0.0	0.030358227079538558	0.015220700152207
3	0.0	0.0	43	0.0	15.92	0	0.0	0.019120458891013385	0.0	0.0	0.0	0.0	0.0	0.0	0.0
3	0.0	0.0	5	0.2122641509433962	45.72	0	0.03838771593090211	0.0	0.0	0.0	0.0	0.0	0.0	0.0	0.0
0	0.3333333333333333	0.6666666666666666	45	0.0	0.0	0	0.30864197530864196	0.0	0.0	0.0	0.0	0.0	0.0	0.15432098765432098	0.0
1	0.0	0.0	0	0.0	16.7	0	0.0	0.11160714285714285	0.0	1.0	0.0	0.0	0.0	0.0	0.0
0	0.0	0.0	21	0.0	0.0	0	0.18281535648994515	0.0	0.0	0.0	0.0	0.0	0.0	0.09140767824497258	0.0
1	0.0	0.0	0	0.0	16.11	0	0.0	0.06188118811881188	0.0	0.0	0.0	0.0	0.0	0.0	0.0
3	0.0	0.0	58	0.0246913580246913	14.17	0	0.017164435290078956	0.0	0.0	1.0	0.0	0.0	0.0	0.0	0.0
2	0.0	0.0	0	0.0	16.11	0	0.0	0.02985965959988056	0.0	0.0	0.0	0.0	0.0	0.0	0.0
3	0.0	0.0	17	0.0	16.59	0	0.0	0.05652911249293386	0.0	4.5	0.0	0.0	0.0	0.0	0.11305822498586772
5	0.0	0.0	39	0.182741116751269	14.69	0	0.011901928112354201	0.0	0.0	1.0	0.0	0.0	0.0	0.011901928112354201	0.06788866259334692
0	0.0	0.0	18	0.0	11.52	0	0.20161290322580647	0.0	0.0	1.0	0.0	0.0	0.0	0.0	0.0
5	0.0	0.0	38	0.0	15.15	0	0.027800945232137893	0.0	0.0	0.5	0.0	0.0	0.0	0.0	0.0
3	0.0	0.0	45	0.0103092783505154	14.33	0	0.024307243558580455	0.0	0.0	0.0	0.0	0.0	0.0	0.0	0.0
9	0.0	0.0	35	0.0	14.11	0	0.023169601482854497	0.0	0.0	6.0	0.0	0.0	0.0	0.0	0.0
2	0.0	0.0	39	0.0	14.25	0	0.0	0.04812319538017324	0.0	0.5	0.0	0.0	0.0	0.0	0.02406159769008662
6	0.5	0.5	61	0.0129032258064516	20.75	0	0.030432136335970784	0.0	0.0	0.0	0.0	0.0	0.0	0.015216068167985392	0.0
4	0.0	0.0	8	0.0	16.63	0	0.0	0.11185682326621925	0.0	0.5	0.0	0.0	0.0	0.0	0.055928411633109625
1	0.0	0.0	34	0.0	15.17	0	0.0	0.026462026991267533	0.0	0.0	0.0	0.0	0.0	0.0	0.026462026991267533
1	0.0	0.0	65	0.0129870129870129	0.96	1	0.8830022075055187	0.0	0.0	0.96875	0.0	0.0	0.0	0.0	0.0
3	0.0	0.0	0	0.1666666666666666	17.22	0	0.0	1.6129032258064517	0.0	0.0	0.0	0.0	0.0	0.0	0.0
2	0.0	0.0	48	0.0	14.0	0	0.7352941176470589	0.0	0.0	0.0	0.0	0.0	0.0	0.0	0.0
5	0.0	0.0	2	0.0	16.43	0	0.0	0.16286644951140067	0.0	0.0	0.0	0.0	0.0	0.0	0.0
1	0.0	0.0	46	0.0	7.35	0	0.0	0.09345794392523366	0.0	0.0	0.0	0.0	0.0	0.0	0.0
2	0.0	0.0	1	0.0985915492957746	16.67	0	0.0	0.04714757190004715	0.0	0.5	0.0	0.0	0.0	0.0	0.0
1	0.0	0.0	16	0.0	13.56	0	0.0	0.11764705882352941	0.0	0.0	0.0	0.0	0.0	0.0	0.0
1	0.0	0.0	16	0.0	10.5	0	0.9615384615384615	0.0	0.0	0.0	0.0	0.0	0.0	0.0	0.0
0	0.0	0.0	38	0.0	15.5	0	0.0	0.018001800180018002	0.0	0.5	0.0	0.0	0.0	0.0	0.0
3	0.0	0.0	2	0.0	16.03	0	0.0	0.016929067208396816	0.0	0.0	0.0	0.0	0.0	0.0	0.0
1	0.0	0.0	0	0.0	16.29	0	0.04251700680272109	0.0	0.0	0.0	0.0	0.0	0.0	0.0	0.0
0	0.0	0.0	44	0.0	7.81	0	0.0	0.09727626459143969	0.0	0.5	0.0	0.0	0.0	0.0	0.0
1	0.0	0.0	15	0.0	10.5	0	0.5494505494505494	0.0	0.0	0.0	0.0	0.0	0.0	0.0	0.0
4	0.0	0.0	37	0.0	73.21	1	1.7150395778364116	0.0	0.0	0.8076923076923077	0.0	0.0	0.0	0.0	0.07202881152460984
2	0.0	0.0	15	0.0	12.23	0	0.17953321364452424	0.0	0.0	0.0	0.0	0.0	0.0	0.0	0.0
0	0.0	0.5	19	0.0384615384615384	0.0	0	0.0	0.15060240963855423	0.0	0.5	0.0	0.0	0.0	0.0	0.0
1	0.0	0.0	0	0.0	18.49	0	0.08143322475570033	0.0	0.0	6.0	0.0	0.0	0.0	0.0	0.0
4	0.0	0.0	34	0.01	15.46	0	0.02326663564448581	0.0	0.0	1.0	0.0	0.0	0.0	0.0	0.0
0	0.0	0.0	35	0.0	15.34	0	0.0	0.025106703489831787	0.0	0.5	0.0	0.0	0.0	0.0	0.025106703489831787
3	0.0	0.0	0	0.0	10.31	0	0.0	0.09090909090909091	0.0	0.0	0.0	0.0	0.0	0.0	0.0
0	0.0	0.0	18	0.0	0.0	0	1.3888888888888888	0.0	0.0	0.0	0.0	0.0	0.0	1.3888888888888888	0.0
1	0.0	0.0	14	0.0	15.92	0	0.0	0.06119951040391677	0.0	0.0	0.0	0.0	0.0	0.0	0.0
1	0.0	0.0	15	0.0	12.69	0	0.14662756598240467	0.0	0.0	0.0	0.0	0.0	0.0	0.0	0.0
5	0.0	0.0	2	0.0	16.17	0	0.0	0.020416496529195593	0.0	0.5	0.0	0.0	0.0	0.0	0.0
2	0.0	0.0	2	0.0956937799043062	16.22	0	0.02875215641173088	0.0	0.0	0.0	0.0	0.0	0.0	0.0	0.0
0	0.0	1.0	15	0.0585106382978723	56.14	0	0.0	0.028977108084613158	0.0	2.0	0.0	0.0	0.0	0.0	0.0
12	0.0	0.0	49	0.0079365079365079	15.76	0	0.0	0.05078720162519045	0.0	0.5	0.0	0.0	0.0	0.0	0.0
4	0.0	0.0	47	0.0	15.5	0	0.0	0.015520720161415489	0.0	0.5	0.0	0.0	0.0	0.0	0.0
3	0.0	0.0	38	0.0043859649122807	15.17	0	0.031407035175879394	0.0	0.0	0.0	0.0	0.0	0.0	0.0	0.02645969306756042
1	0.0	0.0	20	0.0769230769230769	8.4	0	0.141643059490085	0.0	0.0	0.0	0.0	0.0	0.0	0.0	0.0
4	0.0	0.0	48	0.0	15.72	0	0.0	0.04748338081671415	0.0	0.0	0.0	0.0	0.0	0.006710508656556167	0.011870845204178538
4	0.0	0.0	34	0.0	42.71	0	1.7647058823529411	0.0	0.0	0.0	0.0	0.0	0.0	0.0	0.0
1	0.0	0.0	42	0.0	5.35	0	1.0582010582010584	0.0	0.0	0.125	0.0	0.0	0.0	0.0	0.0
5	0.0	0.0	43	0.0	15.17	0	0.0254841997961264	0.0	0.0	0.5	0.0	0.0	0.0	0.0254841997961264	0.0
5	1.0	0.0	2	0.0963855421686747	13.0	0	0.29411764705882354	0.0	0.0	0.0	0.0	0.0	0.0	0.0	0.0
0	0.0	0.0	25	0.0	0.0	1	0.3731343283582089	0.5543237250554324	0.0	0.5	0.0	0.0	0.0	0.09328358208955223	0.0
3	0.0	0.0	38	0.0323886639676113	25.74	0	0.032252862441541685	0.0	0.0	0.0	0.0	0.0	0.0	0.0	0.0
1	1.0	0.3333333333333333	32	0.0	0.47	0	0.0	0.04393673110720562	0.0	0.0	0.0	0.0	0.0	0.0	0.02196836555360281
2	0.0	0.0	14	0.0132450331125827	15.55	0	0.047125353440150806	0.0	0.0	0.0	0.0	0.0	0.0	0.0	0.0
1	0.0	0.0	43	0.0	13.67	0	0.048007681228996645	0.0	0.0	0.0	0.0	0.0	0.0	0.0	0.0
0	0.3333333333333333	0.0	15	0.6715116279069767	0.0	0	0.0	0.32679738562091504	0.0	0.0	0.0	0.0	0.0	0.0	0.0
2	0.0	0.0	1	0.0	16.99	0	0.14792899408284024	0.0	0.0	0.5	0.0	0.0	0.0	0.0	0.0
1	0.0	0.0	21	0.0	15.91	0	0.027262813522355506	0.0	0.0	1.0	0.0	0.0	0.0	0.027262813522355506	0.0
1	1.0	0.0	0	0.0	10.5	0	0.0	0.31746031746031744	0.0	0.0	0.0	0.0	0.0	0.0	0.0
2	0.0	0.0	0	0.1818181818181818	16.18	0	0.0	0.08992805755395684	0.0	0.0	0.0	0.0	0.0	0.0	0.0
1	0.0	0.0	20	0.0	9.5	0	0.06839945280437756	0.0	0.0	0.0	0.0	0.0	0.0	0.0	0.0
2	0.0	0.0	72	0.0	10.33	0	0.0	0.9803921568627451	0.0	0.0	0.0	0.0	0.0	0.0	0.0
0	0.0	0.0	38	0.0	0.0	0	0.0	0.09578544061302682	0.0	0.0	0.0	0.0	0.0	0.0	0.04789272030651341
5	0.0	0.0	5	0.0778210116731517	16.67	0	0.0	0.012768130745658836	0.0	0.0	0.0	0.0	0.0	0.0	0.0
2	0.0	0.0	26	0.0	6.46	0	0.4310344827586207	0.0	0.0	0.0	0.0	0.0	0.0	0.0	0.0
0	0.0	0.0	20	0.0	0.0	0	0.5649717514124294	0.0	0.0	0.0	0.0	0.0	0.0	0.5649717514124294	0.0
1	0.0	0.0	65	0.0	1.0	0	0.0	0.2136752136752137	0.0	0.5	0.0	0.0	0.0	0.0	0.0
0	0.0	0.0	19	0.0	0.0	0	0.0	0.25641025641025644	0.0	0.0	0.0	0.0	0.0	0.0	0.0
2	0.0	0.0	27	0.04	13.59	0	0.08665511265164645	0.0	0.0	0.0	0.0	0.0	0.0	0.0	0.0
3	0.0	0.0	0	0.0	17.37	0	0.0	0.2604166666666667	0.0	0.5	0.0	0.0	0.0	0.0	0.0
1	0.0	0.0	20	0.0	16.11	0	0.0	0.0657030223390276	0.0	0.0	0.0	0.0	0.0	0.0	0.0
1	0.0	0.0	1	0.0	17.04	0	0.13333333333333333	0.0	0.0	0.0	0.0	0.0	0.0	0.0	0.0
1	0.0	0.0	17	0.0	16.3	0	0.0	0.03746721618583739	0.0	0.0	0.0	0.0	0.0	0.0	0.03746721618583739
2	0.0	1.0	0	0.1151832460732984	15.56	0	0.0	0.051546391752577324	0.0	0.0	0.0	0.0	0.0	0.0	0.0
0	0.0	0.0	6	0.0	16.0	0	0.09587727708533078	0.0	0.0	1.0	0.0	0.0	0.0	0.09587727708533078	0.0
3	0.0	0.0	47	0.0	13.32	0	0.032829940906106365	0.0	0.0	0.0	0.0	0.0	0.0	0.0	0.019857029388403495
4	0.5	1.0	43	0.20608108108108103	22.25	0	0.12713403559752995	0.0	0.0	0.0	0.0	0.0	0.0	0.0	0.0
1	0.0	0.0	36	0.0769230769230769	9.5	0	1.146131805157593	0.0	0.0	0.0	0.0	0.0	0.0	0.0	0.0
2	0.0	0.0	55	0.05633802816901401	7.79	0	0.07142857142857142	0.0	0.0	0.0	0.0	0.0	0.0	0.0	0.0
0	0.0	0.0	17	0.0	15.83	0	0.0341180484476288	0.0	0.0	1.0	0.0	0.0	0.0	0.0	0.0
5	0.0	0.0	31	0.0	15.62	0	0.06195786864931846	0.0	0.0	0.0	0.0	0.0	0.0	0.03097893432465923	0.0
6	0.0	0.0	32	0.0	15.71	0	0.020999580008399833	0.0	0.0	0.5	0.0	0.0	0.0	0.0	0.0
0	0.0	0.0	32	0.0	0.0	0	0.0	0.22727272727272727	0.0	0.0	0.0	0.0	0.0	0.0	0.0
3	0.0	0.0	65	0.0	7.44	0	0.04885197850512946	0.0	0.0	0.5	0.0	0.0	0.0	0.0	0.0
2	0.0	0.0	30	0.0073260073260073	15.62	0	0.026448029621793174	0.0	0.0	0.0	0.0	0.0	0.0	0.0	0.0
1	0.0	0.0	0	0.0	17.37	0	0.0	0.6493506493506493	0.0	0.0	0.0	0.0	0.0	0.0	0.0
1	0.0	0.0	22	0.0	7.71	0	0.591715976331361	0.0	0.0	0.0	0.0	0.0	0.0	0.0	0.0
1	0.0	0.0	18	0.0	13.0	0	0.2849002849002849	0.0	0.0	0.5	0.0	0.0	0.0	0.0	0.0
1	0.0	0.0	30	0.0	9.5	0	0.7692307692307692	0.0	0.0	0.0	0.0	0.0	0.0	0.0	0.0
0	0.0	0.0	52	0.0171673819742489	14.71	0	0.0	0.022904260192395786	0.0	0.0	0.0	0.0	0.0	0.0	0.0
1	0.0	0.0	63	0.0	5.27	0	0.7211538461538461	0.0	0.0	0.0	0.0	0.0	0.0	0.0	0.0
3	0.0	0.0	10	0.0714285714285714	10.01	0	0.0	0.3164556962025316	0.0	0.0	0.0	0.0	0.0	0.0	0.0
1	0.0	0.0	29	0.2068965517241379	7.42	0	0.0	0.18450184501845018	0.0	0.0	0.0	0.0	0.0	0.0	0.09225092250922509
0	0.0	0.0	16	0.0416666666666666	0.0	0	0.0	0.07062146892655367	0.0	0.0	0.0	0.0	0.0	0.0	0.0
2	0.0	0.0	28	0.0	16.31	0	0.0	0.01876172607879925	0.0	0.0	0.0	0.0	0.0	0.0	0.0
1	0.0	0.0	0	0.125	9.5	0	0.0	0.38167938931297707	0.0	0.0	0.0	0.0	0.0	0.0	0.0
0	0.0	0.0	19	0.0	0.0	0	1.1111111111111112	0.0	0.0	0.0	0.0	0.0	0.0	0.0	0.0
3	0.0	0.0	45	0.0	15.19	0	0.02097315436241611	0.0	0.0	0.0	0.0	0.0	0.0	0.010486577181208054	0.0
6	0.0	0.0	65	0.0	11.65	0	0.0	0.035137034434293744	0.0	0.5	0.0	0.0	0.0	0.0	0.0
0	1.0	0.0	41	0.0	0.0	0	0.0	0.27075812274368233	0.0	0.0	0.0	0.0	0.0	0.0	0.0
0	0.0	0.0	22	0.0	15.65	0	0.08156606851549755	0.0	0.0	7.0	0.0	0.0	0.0	0.1631321370309951	0.0
1	0.0	0.0	0	0.0	17.19	0	0.0	0.3246753246753247	0.0	0.0	0.0	0.0	0.0	0.0	0.0
1	0.0	0.0	43	0.0	14.96	0	0.0	0.047125353440150806	0.0	0.0	0.0	0.0	0.0	0.0	0.047125353440150806
2	0.0	0.0	29	0.0769230769230769	8.71	0	0.12406947890818858	0.0	0.0	0.0	0.0	0.0	0.0	0.0	0.0
0	0.0	0.0	45	0.0	0.0	0	0.0	0.078003120124805	0.0	0.5	0.0	0.0	0.0	0.0	0.078003120124805
1	0.0	0.0	39	0.0	22.5	0	0.0	0.08936550491510277	0.0	0.0	0.0	0.0	0.0	0.0	0.0
3	0.0	0.0	2	0.0	16.27	0	0.0	0.09416195856873824	0.0	1.0	0.0	0.0	0.0	0.0	0.0
2	0.0	0.0	0	0.0	16.68	0	0.0	0.04426737494466578	0.0	0.0	0.0	0.0	0.0	0.0	0.0
3	0.0	0.0	1	0.0	16.51	0	0.17482517482517484	0.0	0.0	1.0	0.0	0.0	0.0	0.0	0.0
1	0.0	0.0	0	0.0	16.42	0	0.0	0.2840909090909091	0.0	0.0	0.0	0.0	0.0	0.0	0.0
3	0.0	0.0	31	0.0	15.23	0	0.0	0.029052876234747237	0.0	0.0	0.0	0.0	0.0	0.0	0.0
3	0.0	0.0	2	0.017094017094017	36.7	0	0.0	0.06165228113440198	0.0	0.0	0.0	0.0	0.0	0.0	0.0
2	0.0	0.0	43	0.0	8.53	0	0.1923076923076923	0.0	0.0	0.0	0.0	0.0	0.0	0.0	0.0
0	0.0	0.0	0	0.0666666666666666	17.46	0	0.08347245409015025	0.0	0.0	2.0	0.0	0.0	0.0	0.0	0.0
1	0.0	0.0	23	0.0	7.95	0	0.4398826979472141	0.0	0.0	0.0	0.0	0.0	0.0	0.0	0.0
2	1.0	0.0	2	0.0	17.61	0	0.038789759503491075	0.03863987635239567	0.0	0.0	0.0	0.0	0.0	0.0	0.0
1	0.0	0.0	0	0.0	16.63	0	0.02035002035002035	0.0	0.0	0.0	0.0	0.0	0.0	0.0	0.0
1	0.0	0.0	79	0.5	8.96	0	50.0	0.0	0.0	0.0	0.0	0.0	0.0	0.0	0.0
1	0.0	0.0	57	0.0	5.25	0	0.0	0.11792452830188678	0.0	1.0	0.0	0.0	0.0	0.0	0.0
1	0.0	0.0	34	0.0	14.84	0	0.03141690229343387	0.0	0.0	0.5	0.0	0.0	0.0	0.03141690229343387	0.0
2	0.0	0.0	34	0.0082417582417582	15.52	0	0.020132876988121603	0.0	0.0	0.0	0.0	0.0	0.0	0.0	0.0
4	0.0	0.0	20	0.0	16.11	0	0.0	0.07745933384972889	0.0	0.0	0.0	0.0	0.0	0.0	0.0
2	0.0	0.0	19	0.1111111111111111	12.39	0	0.0	0.35714285714285715	0.0	0.0	0.0	0.0	0.0	0.0	0.0
3	0.0	0.0	18	0.0	20.67	0	0.0558659217877095	0.0	0.0	0.0	0.0	0.0	0.0	0.0	0.0
1	0.0	0.0	15	0.2666666666666666	9.5	0	0.4098360655737705	0.0	0.0	0.5	0.0	0.0	0.0	0.0	0.0
10	0.0	0.0	46	0.0	15.58	0	0.015740594994490792	0.0	0.0	0.0	0.0	0.0	0.0	0.007870297497245396	0.010940919037199124
1	0.0	0.0	49	0.0	11.23	0	0.037565740045078885	0.0	0.0	0.0	0.0	0.0	0.0	0.0	0.0
1	0.0	0.0	37	0.0	14.91	0	0.0	0.03431708991077557	0.0	0.5	0.0	0.0	0.0	0.0	0.03431708991077557
1	0.0	0.0	0	0.2307692307692307	17.27	0	0.0	5.555555555555555	0.0	0.0	0.0	0.0	0.0	0.0	0.0
2	0.0	0.0	32	0.0	11.23	0	0.0	0.06896551724137931	0.0	0.0	0.0	0.0	0.0	0.0	0.034482758620689655
2	0.0	1.0	44	0.1407035175879397	22.88	0	0.038461538461538464	0.0	0.0	0.5	0.0	0.0	0.0	0.0	0.0
2	0.3333333333333333	0.5	36	0.0104166666666666	1.36	0	0.0	0.03007518796992481	0.0	0.0	0.0	0.0	0.0	0.0	0.0
3	0.0	0.0	25	0.0263157894736842	14.32	0	0.08103727714748785	0.0	0.0	0.25	0.0	0.0	0.0	0.0	0.0
2	0.0	0.0	36	0.0	9.31	0	0.0	0.1	0.0	0.0	0.0	0.0	0.0	0.0	0.0
1	0.0	0.0	2	0.0	9.31	0	0.12106537530266344	0.1718213058419244	0.0	0.0	0.0	0.0	0.0	0.0	0.0
1	0.0	0.0	53	0.0121951219512195	13.04	0	0.0	0.014060742407199098	0.0	0.0	0.0	0.0	0.0	0.0	0.0
1	1.0	0.0	44	0.1130952380952381	29.87	0	0.0	0.09652509652509653	0.0	0.0	0.0	0.0	0.0	0.0	0.0
0	1.0	0.0	22	0.0	0.0	0	0.0	0.8264462809917356	0.0	0.5	0.0	0.0	0.0	0.0	0.0
13	0.0	0.0	40	0.226950354609929	15.57	0	0.05875440658049354	0.0	0.0	8.0	0.0	0.0	0.0	0.0	0.0
4	0.0	0.0	32	0.0	8.78	0	0.0	0.09852216748768472	0.0	0.0	0.0	0.0	0.0	0.05470459518599562	0.0
2	0.0	0.0	14	0.0	15.73	0	0.0	0.03261578604044357	0.0	0.0	0.0	0.0	0.0	0.0	0.0
5	0.0	0.0	11	0.0869565217391304	31.65	0	0.22727272727272727	0.0	0.0	1.0	0.0	0.0	0.0	0.11363636363636363	0.0
2	0.0	0.0	28	0.0	15.0	0	0.0	0.036603221083455345	0.0	0.0	0.0	0.0	0.0	0.0	0.0
1	0.0	0.0	2	0.2727272727272727	15.63	0	0.6666666666666666	0.0	0.0	0.0	0.0	0.0	0.0	0.0	0.0
0	0.0	1.0	24	0.0	0.0	0	0.47393364928909953	0.0	0.0	0.0	0.0	0.0	0.0	0.0	0.0
3	0.5	0.3333333333333333	48	0.0	20.04	0	0.021872265966754158	0.05305039787798408	0.0	0.0	0.0	0.0	0.0	0.0	0.05305039787798408
1	0.0	0.0	19	0.0153846153846153	15.61	0	0.0	0.08496176720475786	0.0	0.0	0.0	0.0	0.0	0.0	0.0
0	0.0	0.0	7	0.0714285714285714	0.0	0	0.0	0.25380710659898476	0.0	1.0	0.0	0.0	0.0	0.0	0.25380710659898476
2	0.0	0.0	31	0.0	5.14	0	0.22624434389140272	0.0	0.0	0.0	0.0	0.0	0.0	0.0	0.0
3	0.0	0.0	32	0.0	15.76	0	0.020703933747412008	0.0	0.0	0.0	0.0	0.0	0.0	0.0	0.02145922746781116
0	0.0	0.0	39	0.1428571428571428	14.46	0	0.10822510822510822	0.0	0.0	1.0	0.0	0.0	0.0	0.10822510822510822	0.0
1	0.0	0.0	0	0.05	17.31	0	0.0	0.8620689655172414	0.0	0.0	0.0	0.0	0.0	0.0	0.0
2	0.0	0.0	27	0.0793650793650793	15.1	0	0.03614022406938923	0.0	0.0	0.5	0.0	0.0	0.0	0.0	0.0
1	0.0	0.0	0	0.0	9.5	0	0.0	0.3205128205128205	0.0	0.0	0.0	0.0	0.0	0.0	0.0
0	0.0	0.0	18	0.0	0.0	0	0.020712510356255178	0.0	0.0	0.0	0.0	0.0	0.0	0.020712510356255178	0.0
5	0.0	0.0	39	0.0	15.76	0	0.0	0.008643042350907518	0.0	0.0	0.0	0.0	0.0	0.008313934153641503	0.008643042350907518
1	0.0	1.0	0	0.0	11.0	0	0.0	0.10857763300760043	0.0	0.5	0.0	0.0	0.0	0.0	0.0
1	0.0	0.0	22	0.0	16.04	0	0.0	0.027472527472527472	0.0	0.0	0.0	0.0	0.0	0.0	0.027472527472527472
4	0.0	0.0	1	0.0633484162895927	31.47	0	0.0	0.07147962830593281	0.0	0.0	0.0	0.0	0.0	0.0	0.0
1	0.0	0.0	0	0.0	16.84	0	0.0	0.20746887966804978	0.0	0.0	0.0	0.0	0.0	0.0	0.0
4	0.0	0.0	64	0.0	13.34	0	0.024431956999755682	0.0	0.0	0.5	0.0	0.0	0.0	0.0	0.014080540692762603
3	0.0	0.0	21	0.0	15.94	0	0.02701242571582928	0.0	0.0	0.0	0.0	0.0	0.0	0.0	0.0
1	0.0	0.0	18	0.1631205673758865	18.0	0	0.0	0.03640334910811795	0.0	1.0	0.0	0.0	0.0	0.0	0.0
1	1.0	1.0	16	0.0	7.5	0	0.04040404040404041	0.0	0.0	0.0	0.0	0.0	0.0	0.0	0.0
3	0.0	0.0	41	0.0178571428571428	11.76	0	0.0	0.05698005698005698	0.0	0.5	0.0	0.0	0.0	0.0	0.0
1	0.5	1.0	27	0.1917808219178082	16.11	1	0.26260504201680673	1.6260162601626016	0.0	0.38461538461538464	0.0	0.0	0.0	0.0	0.2032520325203252
0	0.0	1.0	27	0.0472440944881889	0.0	1	0.19203557711744493	0.8588957055214723	0.0	0.8787878787878788	0.0	0.0	0.0	0.0	0.0
0	0.0	0.0	43	0.0	14.21	0	0.025953802232026993	0.0	0.0	0.0	0.0	0.0	0.0	0.0	0.0
1	0.0	0.0	64	0.0	11.35	0	0.09912767644726408	0.0	0.0	0.2	0.0	0.0	0.0	0.0	0.0
2	0.5	0.5	44	0.0109890109890109	5.01	1	1.4854614412136535	0.0	0.0	1.0	0.0	0.0	0.0	0.0	0.0
4	0.0	0.0	40	0.0	14.61	0	0.03286230693394676	0.0	0.0	0.0	0.0	0.0	0.0	0.0	0.028137310073157007
4	0.0	0.0	40	0.0	15.14	0	0.0	0.022366360993066426	0.0	0.0	0.0	0.0	0.0	0.013676148796498906	0.0
0	0.0	0.0	31	0.0	9.8	0	0.08257638315441784	0.0	0.0	0.0	0.0	0.0	0.0	0.08257638315441784	0.0
0	0.0	0.0	25	0.0149253731343283	14.81	0	0.04233700254022015	0.0	0.0	0.0	0.0	0.0	0.0	0.0	0.0
2	0.0	0.0	25	0.0	15.09	0	0.0	0.04985044865403789	0.0	0.0	0.0	0.0	0.0	0.0	0.024925224327018946
3	0.0	0.0	27	0.0	10.02	0	0.09596928982725528	0.0	0.0	0.5	0.0	0.0	0.0	0.0	0.0
1	0.0	0.0	0	0.0	10.0	0	0.0	50.0	0.0	1.0	0.0	0.0	0.0	0.0	0.0
1	0.0	0.0	0	0.0	9.5	0	0.0	0.12836970474967907	0.0	0.0	0.0	0.0	0.0	0.0	0.0
1	0.0	1.0	21	0.0	38.15	0	0.0411522633744856	0.0	0.0	0.5	0.0	0.0	0.0	0.0	0.0
0	0.5	1.0	18	0.0	0.0	0	0.0	0.18484288354898337	0.0	0.0	0.0	0.0	0.0	0.0	0.09242144177449169
1	0.0	1.0	57	0.0	11.83	0	0.5700325732899023	0.0	0.0	0.42857142857142855	0.0	0.0	0.0	0.08143322475570033	0.0
4	0.0	0.0	25	0.0	15.93	0	0.01960015680125441	0.0	0.0	0.0	0.0	0.0	0.0	0.0	0.0
1	0.0	0.0	0	0.0909090909090909	17.97	0	0.0	0.3454231433506045	0.0	1.75	0.0	0.0	0.0	0.0	0.0
3	0.0	0.0	1	0.0	16.16	0	0.13736263736263735	0.0	0.0	0.5	0.0	0.0	0.0	0.0	0.0
2	0.0	0.0	61	0.0	7.96	0	0.0	0.06476683937823835	0.0	0.0	0.0	0.0	0.0	0.0	0.0
1	0.0	0.0	41	0.0	13.0	0	0.0	0.05567928730512249	0.0	0.0	0.0	0.0	0.0	0.0	0.027839643652561245
0	0.0	0.0	16	0.0	0.0	0	0.0	0.19379844961240308	0.0	0.0	0.0	0.0	0.0	0.0	0.0
2	0.0	0.0	2	0.0	16.49	0	0.0	0.12399256044637323	0.0	0.0	0.0	0.0	0.0	0.0	0.0
1	0.0	0.0	0	0.0	10.0	0	0.0	0.36900369003690037	0.0	0.0	0.0	0.0	0.0	0.0	0.0
0	0.0	0.0	18	0.2816901408450704	15.51	0	0.3125	0.0	0.0	0.0	0.0	0.0	0.0	0.0	0.0
1	0.0	0.0	28	0.0210526315789473	15.08	0	0.046296296296296294	0.0	0.0	0.0	0.0	0.0	0.0	0.0	0.0
4	0.0	0.0	38	0.0	5.56	0	0.33112582781456956	0.0	0.0	0.0	0.0	0.0	0.0	0.0	0.0
2	0.3333333333333333	0.0	52	0.0421052631578947	23.01	0	0.0	0.06631299734748011	0.0	0.0	0.0	0.0	0.0	0.0	0.0
1	0.0	0.0	29	0.0689655172413793	7.14	1	0.07815552950371239	0.6870229007633588	0.0	0.5454545454545454	0.0	0.0	0.0	0.039077764751856196	0.0
0	0.0	0.0	54	0.0192307692307692	0.0	1	0.0	0.7530120481927711	0.0	0.6	0.0	0.0	0.0	0.0	0.0
1	0.0	0.0	44	0.0	9.69	0	0.06877579092159561	0.0	0.0	0.0	0.0	0.0	0.0	0.06877579092159561	0.0
4	0.0	0.0	52	0.0	17.0	0	0.0	0.024521824423737126	0.0	0.0	0.0	0.0	0.0	0.0	0.012260912211868563
2	0.0	0.0	19	0.0	12.17	0	0.10395010395010396	0.0	0.0	0.0	0.0	0.0	0.0	0.0	0.0
1	0.0	0.0	35	0.0	16.19	0	0.0	0.015188335358444714	0.0	1.0	0.0	0.0	0.0	0.0	0.007594167679222357
3	0.0	0.0	5	0.0	16.48	0	0.08045052292839903	0.0	0.0	0.0	0.0	0.0	0.0	0.0	0.0
2	0.0	0.0	17	0.0	17.15	0	0.0	0.30303030303030304	0.0	0.0	0.0	0.0	0.0	0.0	0.0
3	0.0	0.0	79	0.0	4.8	0	0.0	1.910828025477707	0.0	0.0	0.0	0.0	0.0	0.0	0.0
1	0.0	0.0	28	0.0	9.5	0	3.846153846153846	0.0	0.0	0.0	0.0	0.0	0.0	0.0	0.0
3	0.0	0.0	21	0.0	12.61	0	0.09363295880149813	0.0	0.0	0.0	0.0	0.0	0.0	0.0	0.0
2	0.0	0.0	18	0.1290322580645161	9.2	1	0.07017543859649122	0.7801418439716312	0.0	0.875	0.0	0.0	0.0	0.14035087719298245	0.6737588652482269
5	0.0	0.0	50	0.0	15.64	0	0.011652295502213937	0.0	0.0	0.5	0.0	0.0	0.0	0.0	0.0
2	0.0	0.0	0	0.0	16.35	0	0.0	0.01108401684770561	0.0	0.0	0.0	0.0	0.0	0.0	0.0
2	0.0	1.0	16	0.1428571428571428	31.48	0	0.0	0.7352941176470588	0.0	0.0	0.0	0.0	0.0	0.0	0.0
5	0.0	0.0	5	0.4134615384615384	16.12	0	0.08223684210526316	0.0	0.0	0.5	0.0	0.0	0.0	0.0	0.0
3	1.0	0.0	2	0.0	15.94	0	2.6315789473684212	0.0	0.0	0.0	0.0	0.0	0.0	0.0	0.0
0	0.0	0.0	18	0.0	0.0	0	0.0	0.18050541516245489	0.0	0.0	0.0	0.0	0.0	0.0	0.0
6	0.0	0.0	51	0.0	14.05	0	0.024324981756263683	0.0	0.0	0.0	0.0	0.0	0.0	0.024324981756263683	0.0
2	0.0	0.0	2	0.2080536912751678	16.01	0	0.0	0.0165892501658925	0.0	1.0	0.0	0.0	0.0	0.0	0.0
1	0.0	0.0	20	0.0	14.9	0	0.0	0.039761431411530816	0.0	0.0	0.0	0.0	0.0	0.0	0.039761431411530816
1	0.0	0.0	0	0.0	16.61	0	0.0	0.16406890894175555	0.0	0.25	0.0	0.0	0.0	0.0	0.0
1	0.5	0.0	26	0.1701244813278008	16.5	0	0.043744531933508315	0.0	0.0	0.0	0.0	0.0	0.0	0.0	0.0
2	0.0	0.0	34	0.0	13.35	0	0.048216007714561235	0.0	0.0	0.5	0.0	0.0	0.0	0.0	0.0
1	0.0	0.0	54	0.0	10.0	0	0.09380863039399624	0.0	0.0	0.0	0.0	0.0	0.0	0.0	0.0
1	0.0	0.0	0	0.1111111111111111	17.79	0	0.0	0.5952380952380952	0.0	1.0	0.0	0.0	0.0	0.0	0.0
1	0.0	0.0	17	0.0	14.5	0	0.0	0.06915629322268325	0.0	0.0	0.0	0.0	0.0	0.0	0.06915629322268325
1	0.0	0.0	1	0.0	18.44	0	0.35211267605633806	0.0	0.0	4.0	0.0	0.0	0.0	0.0	0.0
2	0.0	0.0	62	0.0	14.36	0	0.018608113137327874	0.0	0.0	0.0	0.0	0.0	0.0	0.0	0.0
1	0.0	0.0	17	0.0	4.68	0	50.0	0.0	0.0	0.0	0.0	0.0	0.0	0.0	0.0
1	0.0	0.0	39	0.1911764705882352	15.42	0	0.052645433008686494	0.0	0.0	0.0	0.0	0.0	0.0	0.0	0.0
0	0.0	0.0	17	0.0	12.78	0	0.09643201542912247	0.0	0.0	0.0	0.0	0.0	0.0	0.0	0.0
0	0.0	0.0	27	0.0465116279069767	0.0	1	0.0	5.508474576271187	0.0	0.6153846153846154	0.0	0.0	0.0	0.0	0.0
4	0.0	1.0	46	0.0	41.55	0	0.04505519261094841	0.0	0.0	0.0	0.0	0.0	0.0	0.0	0.0
4	0.0	0.0	16	0.0	16.06	0	0.0	0.03721622627465575	0.0	0.0	0.0	0.0	0.0	0.0	0.0
2	0.0	0.0	0	0.0	18.8	0	0.0	0.0286697247706422	0.0	0.0	0.0	0.0	0.0	0.0	0.0
3	0.0	0.0	1	0.0	13.07	0	0.10764262648008613	0.0	0.0	0.0	0.0	0.0	0.0	0.0	0.0
1	0.0	0.0	0	0.0	9.5	0	0.0	0.40322580645161293	0.0	0.0	0.0	0.0	0.0	0.0	0.0
1	0.0	0.0	0	0.0	16.35	0	0.0	0.21645021645021645	0.0	0.5	0.0	0.0	0.0	0.0	0.0
0	0.0	0.0	0	0.302158273381295	16.82	0	0.0	0.121654501216545	0.0	0.0	0.0	0.0	0.0	0.0	0.0
2	0.0	0.0	43	0.0	8.11	0	0.0	0.07390983000739099	0.0	0.0	0.0	0.0	0.0	0.0	0.07390983000739099
0	0.0	0.0	5	0.320754716981132	17.0	0	0.0	0.10863661053775123	1.0	1.5	0.0	0.0	0.0	0.0	0.0
4	0.0	0.0	28	0.0	15.05	0	0.0	0.06373486297004462	0.0	8.0	0.0	0.0	0.0	0.0	0.0
2	0.0	0.0	0	0.0	15.66	0	0.0	2.1739130434782608	0.0	1.0	0.0	0.0	0.0	0.0	0.0
1	1.0	0.3333333333333333	59	0.0	0.25	1	0.5952380952380952	0.7433102081268583	0.0	0.6296296296296297	0.0	0.0	0.0	0.0992063492063492	0.0
8	1.0	0.0	60	0.0	109.24	0	0.17448623497479643	0.0	0.0	0.05555555555555555	0.0	0.0	0.0	0.0	0.0
1	1.0	0.0	0	0.0	9.5	0	0.0	0.07958615200955034	0.0	0.0	0.0	0.0	0.0	0.0	0.0
0	0.0	0.0	1	0.2116182572614107	16.72	0	0.0	0.03806623524933384	0.0	1.0	0.0	0.0	0.0	0.0	0.0
0	1.0	0.3333333333333333	40	0.0	0.0	1	1.1235955056179776	0.5263157894736842	0.5	0.6666666666666666	0.2631578947368421	0.5617977528089888	0.0	1.1235955056179776	0.0
0	0.0	0.0	18	0.0	0.0	0	0.10989010989010989	0.0	0.0	0.0	0.0	0.0	0.0	0.0	0.0
3	0.0	0.0	0	0.2195121951219512	16.56	0	0.0	0.02615062761506276	0.0	0.0	0.0	0.0	0.0	0.0	0.0
3	0.0	0.0	0	0.0	15.28	0	0.0	0.8849557522123894	0.0	0.0	0.0	0.0	0.0	0.0	0.0
1	0.0	0.0	0	0.0	9.5	0	0.0	0.0778816199376947	0.0	0.5	0.0	0.0	0.0	0.0	0.0
1	0.0	0.0	15	0.0	16.32	0	0.012141816415735794	0.0	0.0	0.0	0.0	0.0	0.0	0.0	0.0
0	0.0	0.0	29	0.0869565217391304	0.0	1	0.0	1.4925373134328357	0.0	0.0	0.0	0.0	0.0	0.0	1.1194029850746268
0	0.0	0.0	1	0.0	16.8	0	0.0	0.10362694300518134	0.0	0.0	0.0	0.0	0.0	0.0	0.0
0	0.0	0.0	35	0.0	12.78	0	0.04061738424045491	0.0	0.0	0.5	0.0	0.0	0.0	0.0	0.0
4	0.0	0.0	41	0.0	14.79	0	0.027693159789531987	0.0	0.0	0.5	0.0	0.0	0.0	0.013846579894765993	0.0
2	0.0	0.0	32	0.0	10.51	0	0.051308363263211906	0.0	0.0	0.0	0.0	0.0	0.0	0.0	0.0
0	0.0	0.0	1	0.0	16.64	0	0.14705882352941177	0.0	0.0	1.0	0.0	0.0	0.0	0.0	0.0
1	0.0	0.0	19	0.0	9.21	0	0.3164556962025316	0.0	0.0	0.0	0.0	0.0	0.0	0.0	0.0
3	0.0	0.0	5	0.0	10.64	0	0.0	0.19685039370078738	0.0	0.0	0.0	0.0	0.0	0.0	0.0
0	0.0	1.0	21	0.0684931506849315	0.0	0	0.0	0.028612303290414875	0.0	0.0	0.0	0.0	0.0	0.0	0.0
1	0.0	0.0	2	0.0	11.0	0	0.0	0.022002200220022	0.0	0.5	0.0	0.0	0.0	0.0	0.0
2	1.0	1.0	14	0.015267175572519	12.74	0	0.0	0.09647853352629039	0.0	0.0	0.0	0.0	0.0	0.0	0.0
3	0.0	0.0	0	0.0	18.25	0	0.0	0.2232142857142857	0.0	3.0	0.0	0.0	0.0	0.0	0.0
4	0.0	0.0	22	0.1890547263681592	15.97	0	0.026028110359187923	0.0	0.0	0.0	0.0	0.0	0.0	0.0	0.0
1	0.0	0.0	0	0.0	11.0	0	0.0	0.08051529790660225	0.0	0.0	0.0	0.0	0.0	0.0	0.0
3	0.0	0.0	22	0.1085271317829457	14.43	0	0.0	0.05938242280285036	0.0	0.0	0.0	0.0	0.0	0.0	0.0
1	0.0	0.0	18	0.0	9.98	0	0.0	0.13679890560875513	0.0	0.0	0.0	0.0	0.0	0.0	0.13679890560875513
4	0.0	0.0	38	0.0	8.71	0	0.08787346221441124	0.0	0.0	3.5	0.0	0.0	0.0	0.08787346221441124	0.0
0	0.6666666666666666	0.0	45	0.0	0.0	0	0.0	0.020542317173377157	0.0	0.0	0.0	0.0	0.0	0.0	0.010271158586688579
2	0.0	0.0	22	0.0	5.96	0	0.33557046979865773	0.0	0.0	0.0	0.0	0.0	0.0	0.33557046979865773	0.0
1	0.0	0.0	19	0.0	10.05	0	0.2590673575129534	0.0	0.0	0.5	0.0	0.0	0.0	0.0	0.0
3	0.0	0.0	0	0.0	16.48	0	0.0	0.12077294685990339	0.0	1.0	0.0	0.0	0.0	0.0	0.0
1	0.0	0.0	58	0.0	9.5	0	0.641025641025641	0.0	0.0	0.0	0.0	0.0	0.0	0.0	0.0
1	0.0	0.0	2	0.0147058823529411	5.95	0	0.10735373054213634	0.02772387025228722	0.0	0.0	0.0	0.0	0.0	0.0	0.0
0	0.0	0.0	10	0.1650943396226415	16.52	0	0.0	0.012342631449024933	0.0	1.0	0.0	0.0	0.0	0.0	0.0
1	0.0	0.0	18	0.0	13.04	0	0.0	0.07418397626112759	0.0	0.0	0.0	0.0	0.0	0.0	0.0
3	0.0	0.0	38	0.0	5.98	0	0.06954102920723226	0.0	0.0	1.0	0.0	0.0	0.0	0.0	0.0
3	0.0	0.0	1	0.0	16.3	0	0.0	0.022583559168925023	0.0	0.0	0.0	0.0	0.0	0.0	0.0
5	0.0	0.0	0	0.0	16.8	0	0.0	0.15267175572519084	0.0	0.0	0.0	0.0	0.0	0.0	0.0
0	0.0	0.0	0	0.0	17.48	0	0.0	0.5714285714285714	0.0	0.0	0.0	0.0	0.0	0.0	0.0
4	0.0	0.0	50	0.0	11.97	0	0.021607605877268798	0.0	0.0	0.0	0.0	0.0	0.0	0.021607605877268798	0.0
2	0.0	0.0	48	0.0	13.78	0	0.0	0.06269592476489029	0.0	0.0	0.0	0.0	0.0	0.0	0.031347962382445145
2	0.0	0.0	17	0.0	15.12	0	0.07396449704142012	0.0	0.0	0.0	0.0	0.0	0.0	0.07396449704142012	0.0
0	0.0	0.0	65	0.0	12.73	0	0.03250975292587776	0.0	0.0	0.0	0.0	0.0	0.0	0.0	0.0
0	0.0	0.0	19	0.0	0.0	0	1.282051282051282	0.0	0.0	0.0	0.0	0.0	0.0	0.0	0.0
3	0.0	0.0	42	0.0	10.32	0	0.0	0.1488095238095238	0.0	0.0	0.0	0.0	0.0	0.0	0.0
3	0.0	0.0	39	0.0334128878281622	15.85	0	0.014092446448703496	0.0	0.0	0.5	0.0	0.0	0.0	0.0	0.0
2	0.0	0.0	0	0.0	16.98	0	0.017476406850751487	0.0	0.0	0.0	0.0	0.0	0.0	0.0	0.0
0	1.0	1.0	19	0.1052631578947368	0.0	1	7.692307692307692	0.0	0.0	0.0	0.0	0.0	0.0	0.0	0.0
2	0.0	0.0	4	0.0588235294117647	16.58	0	0.0511770726714432	0.0	0.0	0.0	0.0	0.0	0.0	0.0	0.0
1	0.0	0.0	22	0.0	16.26	0	0.011876484560570071	0.0	0.0	0.5	0.0	0.0	0.0	0.0059382422802850355	0.0
2	0.0	0.0	21	0.0	10.83	0	0.12019230769230768	0.0	0.0	0.0	0.0	0.0	0.0	0.0	0.0
2	0.0	0.0	54	0.180722891566265	7.98	0	0.15723270440251572	0.0	0.0	0.5	0.0	0.0	0.0	0.0	0.0
1	0.0	0.0	16	0.0	14.37	0	0.0	0.0819672131147541	0.0	0.0	0.0	0.0	0.0	0.0	0.0
1	0.0	0.0	26	0.0588235294117647	1.66	1	0.7507507507507507	0.2127659574468085	0.0	0.7142857142857143	0.0	0.0	0.0	0.45045045045045046	0.0
3	0.0	0.0	0	0.013029315960911999	16.42	0	0.018021265092809515	0.0	0.0	1.0	0.0	0.0	0.0	0.0	0.0
0	0.0	0.0	18	0.0	0.0	0	0.0	0.136986301369863	0.0	0.0	0.0	0.0	0.0	0.0	0.0
0	0.0	0.0	48	0.2727272727272727	0.0	0	0.0	0.9615384615384615	0.0	0.0	0.0	0.0	0.0	0.0	0.0
3	0.0	0.0	33	0.1851851851851851	14.6	0	0.028272547356516825	0.0	0.0	1.0	0.0	0.0	0.0	0.028272547356516825	0.06587615283267458
0	0.0	0.0	49	0.0116959064327485	13.5	0	0.0	0.03443526170798898	0.0	0.0	0.0	0.0	0.0	0.0	0.0
1	0.0	0.0	9	0.1052631578947368	10.5	0	10.256410256410255	0.0	0.0	0.5	0.0	0.0	0.0	0.0	0.0
1	0.0	0.0	44	0.0	9.5	0	0.15015015015015015	0.0	0.0	0.0	0.0	0.0	0.0	0.0	0.0
2	0.0	0.0	0	0.0	17.03	0	0.0	0.15151515151515152	0.0	0.0	0.0	0.0	0.0	0.0	0.0
1	1.0	0.0	0	0.0	20.5	0	0.0	0.04329004329004329	0.0	0.5	0.0	0.0	0.0	0.0	0.0
5	0.0	0.0	36	0.0	14.97	1	0.0	0.45787545787545786	0.0	0.9	0.0	0.0	0.0	0.0	0.022893772893772892
7	0.0	0.0	34	0.0	15.38	0	0.023685457129322598	0.0	0.0	0.0	0.0	0.0	0.0	0.0	0.0
1	0.0	0.0	2	0.0	16.19	0	0.0	0.02328830926874709	0.0	0.0	0.0	0.0	0.0	0.0	0.0
1	0.0	0.0	0	0.0	16.78	0	0.0	0.2590673575129534	0.0	0.0	0.0	0.0	0.0	0.0	0.0
3	0.0	0.0	34	0.1063829787234042	14.94	0	0.0	0.03189792663476874	0.0	0.0	0.0	0.0	0.0	0.01514692517418964	0.01594896331738437
1	0.0	0.0	16	0.0	11.79	0	50.0	0.0	0.0	1.0	0.0	0.0	0.0	25.0	0.0
1	0.0	0.0	47	0.0	6.78	0	0.12406947890818858	0.0	0.0	0.0	0.0	0.0	0.0	0.0	0.0
0	0.0	0.0	1	0.0	16.09	0	0.05235602094240837	0.0	0.0	0.0	0.0	0.0	0.0	0.0	0.0
3	0.0	0.0	36	0.0	15.69	0	0.0	0.0073735437251142896	0.0	0.0	0.0	0.0	0.0	0.0	0.0073735437251142896
0	0.0	0.0	13	0.0	0.0	0	0.1440922190201729	0.0	0.0	0.5	0.0	0.0	0.0	0.0	0.0
3	0.0	0.0	0	0.0	16.64	0	0.0	0.13262599469496023	0.0	0.0	0.0	0.0	0.0	0.0	0.0
3	1.0	0.5	39	0.0	6.35	1	0.5398920215956808	0.0	0.0	1.0	0.0	0.0	0.0	0.0	0.0
4	0.0	0.0	39	0.0	15.78	0	0.0	0.020846362309776944	0.0	0.0	0.0	0.0	0.0	0.0	0.0
3	0.0	0.0	0	0.0416666666666666	16.88	0	0.0	0.1272264631043257	0.0	0.5	0.0	0.0	0.0	0.0	0.0
1	0.0	0.0	16	0.0	9.5	0	0.18248175182481752	0.0	0.0	0.0	0.0	0.0	0.0	0.0	0.0
2	0.5	1.0	0	0.0126582278481012	11.48	0	0.05458515283842795	0.0	0.0	0.0	0.0	0.0	0.0	0.0	0.0
0	0.0	1.0	28	0.0	22.46	0	0.20868113522537562	0.0	0.0	0.0	0.0	0.0	0.0	0.0	0.0
2	0.0	0.0	45	0.0	10.29	0	0.041631973355537054	0.0	0.0	0.0	0.0	0.0	0.0	0.0	0.0
1	0.0	0.0	0	0.0	9.5	0	0.0	0.18248175182481752	0.0	0.0	0.0	0.0	0.0	0.0	0.0
1	0.0	0.0	0	0.0	17.66	0	0.0	0.1798561151079137	0.0	8.0	0.0	0.0	0.0	0.0	0.0
1	0.0	0.0	0	0.0	10.5	0	0.0	1.6666666666666667	0.0	0.5	0.0	0.0	0.0	0.0	0.0
1	0.0	0.0	29	0.0	5.32	0	0.625	0.0	0.0	0.0	0.0	0.0	0.0	0.0	0.0
4	0.0	0.0	37	0.0	12.84	0	0.0377643504531722	0.0	0.0	0.0	0.0	0.0	0.0	0.0	0.0189897455374098
4	0.0	0.0	0	0.0	16.6	0	0.0	0.4519774011299435	0.0	0.0	0.0	0.0	0.0	0.0	0.0
0	0.0	0.0	33	0.08	0.0	1	0.0	1.5402843601895735	0.0	0.9230769230769231	0.0	0.0	0.0	0.0	0.0
3	0.0	0.0	44	0.0273037542662116	15.5	0	0.017850767583006067	0.0	0.0	0.0	0.0	0.0	0.0	0.017850767583006067	0.0
3	0.0	0.0	0	0.0	16.59	0	0.0	0.11820330969267138	0.0	0.0	0.0	0.0	0.0	0.0	0.0
2	0.0	0.0	39	0.0	14.23	0	0.03071253071253071	0.0	0.0	0.5	0.0	0.0	0.0	0.015356265356265355	0.0
1	0.0	1.0	2	0.0	16.0	0	0.13297872340425532	0.0	0.0	0.0	0.0	0.0	0.0	0.0	0.0
2	0.0	0.0	20	0.0	6.58	0	0.0	1.048951048951049	0.0	0.0	0.0	0.0	0.0	0.26881720430107525	0.0
0	1.0	0.3333333333333333	22	0.0	0.0	0	0.05162622612287041	0.0	0.0	0.0	0.0	0.0	0.0	0.025813113061435206	0.0
3	0.0	0.0	37	0.0	15.5	0	0.013344008540165465	0.0	0.0	0.0	0.0	0.0	0.0	0.040032025620496396	0.0
3	0.0	0.0	2	0.0	16.56	0	0.0	0.05878894767783656	0.0	0.0	0.0	0.0	0.0	0.0	0.0
1	0.0	0.0	46	0.0	13.89	0	0.0	0.04692632566870014	0.0	0.0	0.0	0.0	0.0	0.0	0.0
2	0.0	0.0	1	0.0	16.68	0	0.0	0.1091703056768559	0.0	0.5	0.0	0.0	0.0	0.0	0.0
3	0.0	0.0	16	0.0	15.66	0	0.04968532626697582	0.0	0.0	0.3333333333333333	0.0	0.0	0.0	0.016561775422325273	0.0
1	0.0	0.0	0	0.0	16.13	0	0.0	0.05837711617046118	0.0	0.0	0.0	0.0	0.0	0.0	0.0
1	0.0	0.0	0	0.0	17.44	0	0.0	1.7857142857142856	0.0	0.0	0.0	0.0	0.0	0.0	0.0
3	0.0	0.0	34	0.0	16.29	0	0.0	0.011515430677107323	0.0	0.0	0.0	0.0	0.0	0.0	0.0
0	0.0	0.0	43	0.0	15.28	0	0.009316191540898081	0.0	0.0	0.0	0.0	0.0	0.0	0.0	0.0
0	0.0	0.0	18	0.0769230769230769	0.0	1	0.0	2.314814814814815	0.0	0.8	0.0	0.0	0.0	0.0	0.0
0	0.0	0.0	17	0.5	0.0	0	0.0	0.4629629629629629	1.0	0.5	0.0	0.0	0.0	0.0	0.0
3	0.0	0.0	18	0.0	16.31	0	0.0	0.019743336623889437	0.0	0.0	0.0	0.0	0.0	0.0	0.0
2	0.0	0.0	24	0.0	15.17	0	0.0463821892393321	0.0	0.0	0.0	0.0	0.0	0.0	0.0	0.0
2	0.0	0.0	3	0.0437956204379562	16.23	0	0.0	0.01001401962747847	0.0	0.0	0.0	0.0	0.0	0.0	0.0
0	0.0	0.0	39	0.0	0.0	0	0.0	0.5050505050505051	0.0	0.0	0.0	0.0	0.0	0.0	0.0
1	0.0	0.0	19	0.0181818181818181	14.8	0	0.0	0.04681647940074907	0.0	0.0	0.0	0.0	0.0	0.0	0.0
0	1.0	0.0	20	0.0	0.0	0	0.0	0.03947887879984209	0.0	0.0	0.0	0.0	0.0	0.0	0.019739439399921045
0	1.0	0.0	40	0.0	0.0	0	0.0	0.1706484641638225	0.0	0.0	0.0	0.0	0.0	0.0	0.0
4	0.0	0.0	7	0.1055045871559633	16.56	0	0.0	0.032658393207054215	0.0	0.0	0.0	0.0	0.0	0.0	0.0
1	0.0	0.0	19	0.0	9.5	0	0.5681818181818182	0.0	0.0	0.0	0.0	0.0	0.0	0.0	0.0
1	0.0	0.0	42	0.0	9.94	0	4.032258064516129	0.0	0.0	0.0	0.0	0.0	0.0	0.0	0.0
1	0.0	0.0	14	0.0402010050251256	5.0	0	0.025627883136852894	0.0	0.0	0.0	0.0	0.0	0.0	0.025627883136852894	0.0
3	0.0	1.0	40	0.0	15.4	0	0.0377643504531722	0.0	0.0	0.5	0.0	0.0	0.0	0.0188821752265861	0.0
1	0.0	0.0	19	0.21875	3.3	0	0.0	0.03913894324853229	0.0	0.0	0.0	0.0	0.0	0.0	0.0
1	0.0	0.0	0	0.0	17.01	0	0.0	0.27932960893854747	0.0	0.0	0.0	0.0	0.0	0.0	0.0
2	0.0	0.0	0	0.0	16.64	0	0.0	0.050505050505050504	0.0	0.0	0.0	0.0	0.0	0.0	0.0
3	0.0	0.0	46	0.0714285714285714	9.14	0	0.05605381165919283	0.0	0.0	0.0	0.0	0.0	0.0	0.0	0.0
4	0.0	0.0	0	0.0	16.59	0	0.014808233377758034	0.0	0.0	0.0	0.0	0.0	0.0	0.0	0.0
5	0.0	0.0	32	0.0	15.51	0	0.0	0.03635041802980734	0.0	0.0	0.0	0.0	0.0	0.0	0.0
1	0.0	0.0	0	0.0	16.9	0	0.0	0.050454086781029264	0.0	0.5	0.0	0.0	0.0	0.0	0.0
1	0.0	0.0	0	0.0	10.0	0	0.0	2.7027027027027026	0.0	0.0	0.0	0.0	0.0	0.0	0.0
1	0.0	0.0	0	0.0	16.2	0	0.0	0.034916201117318434	0.0	0.0	0.0	0.0	0.0	0.0	0.0
2	0.0	0.0	1	0.0	16.57	0	0.0	0.08695652173913043	0.0	0.0	0.0	0.0	0.0	0.0	0.0
1	0.0	0.0	0	0.0	9.43	0	0.0	1.923076923076923	0.0	0.5	0.0	0.0	0.0	0.0	0.0
4	0.0	0.0	0	0.0	16.44	0	0.0	0.022670596236681027	0.0	0.0	0.0	0.0	0.0	0.0	0.0
2	0.0	0.0	0	0.0	16.43	0	0.0	0.07444168734491316	0.0	0.0	0.0	0.0	0.0	0.0	0.0
0	0.0	0.0	20	0.0	0.0	0	0.0	0.08460236886632826	0.0	0.0	0.0	0.0	0.0	0.0	0.0
1	0.0	0.0	10	0.0	14.5	0	0.13812154696132597	0.0	0.0	1.0	0.0	0.0	0.0	0.0	0.0
0	1.0	0.0	77	0.0476190476190476	3.46	0	0.10810810810810811	0.0	0.0	1.25	0.0	0.0	0.0	0.0	0.0
0	0.0	1.0	16	0.0	0.0	0	0.06666666666666667	0.0	0.0	0.0	0.0	0.0	0.0	0.0	0.0
0	0.0	0.0	29	0.0	0.0	0	0.0	0.36496350364963503	0.0	0.0	0.0	0.0	0.0	0.0	0.18248175182481752
3	0.0	0.0	27	0.0	5.43	0	0.0	0.9803921568627451	0.0	0.0	0.0	0.0	0.0	0.0	0.0
2	0.0	0.0	24	0.0138888888888888	5.26	0	0.06211180124223602	0.0	0.0	0.0	0.0	0.0	0.0	0.0	0.0
1	0.0	0.0	18	0.0	6.78	0	0.2336448598130841	0.0	0.0	0.0	0.0	0.0	0.0	0.0	0.0
5	0.0	0.0	40	0.0662251655629139	16.18	0	0.0	0.017743080198722498	0.0	2.0	0.0	0.0	0.0	0.0	0.008871540099361249
1	0.0	0.0	0	0.0	16.69	0	0.0	0.11441647597254004	0.0	0.0	0.0	0.0	0.0	0.0	0.0
3	1.0	0.0	38	0.0	32.78	0	0.0	0.03372681281618887	0.0	0.0	0.0	0.0	0.0	0.033156498673740056	0.0
1	0.0	0.0	60	0.0	13.83	0	0.024354603019970774	0.0	0.0	0.0	0.0	0.0	0.0	0.012177301509985387	0.0
7	0.0	0.0	32	0.0	15.25	0	0.0	0.038880248833592534	0.0	0.0	0.0	0.0	0.0	0.025627883136852894	0.0
0	0.0	1.0	21	0.05	0.0	0	0.13404825737265416	0.0	0.0	0.0	0.0	0.0	0.0	0.0	0.0
2	0.0	0.0	40	0.0521739130434782	13.05	0	0.0	0.049236829148202856	0.0	1.0	0.0	0.0	0.0	0.0	0.0
2	0.0	0.0	14	0.0	10.61	0	0.24752475247524752	0.0	0.0	0.0	0.0	0.0	0.0	0.0	0.0
0	0.0	0.0	20	0.0	0.0	0	0.047709923664122134	0.0	0.0	0.5	0.0	0.0	0.0	0.047709923664122134	0.0
0	1.0	0.0	18	0.0	0.0	0	0.12531328320802004	0.0	0.0	0.0	0.0	0.0	0.0	0.12531328320802004	0.0
1	0.0	0.0	17	0.0	9.5	0	0.19920318725099603	0.0	0.0	0.0	0.0	0.0	0.0	0.0	0.0
1	0.0	0.0	2	0.0	16.64	0	0.19442644199611148	0.0	0.0	0.6666666666666666	0.0	0.0	0.0	0.0	0.0
3	0.0	0.0	14	0.0	10.52	0	0.17123287671232876	0.0	0.0	0.0	0.0	0.0	0.0	0.0	0.0
0	0.0	0.0	39	0.2804878048780488	0.0	0	0.13812154696132597	0.0	0.0	1.5	0.0	0.0	0.0	0.06906077348066299	0.0
1	0.0	0.0	25	0.0114285714285714	15.32	0	0.0	0.14347202295552366	0.0	0.0	0.0	0.0	0.0	0.0	0.0
2	0.0	0.0	48	0.0	14.18	0	0.0	0.01589825119236884	0.0	0.0	0.0	0.0	0.0	0.0	0.01589825119236884
0	0.0	1.0	25	0.024390243902439	0.0	0	0.0	0.11037527593818984	0.0	0.25	0.0	0.0	0.0	0.0	0.0
1	0.0	0.0	1	0.0	16.64	0	0.11389521640091117	0.0	0.0	0.0	0.0	0.0	0.0	0.0	0.0
1	0.0	0.0	1	0.4134615384615384	16.0	0	0.10183299389002036	0.0	0.0	0.0	0.0	0.0	0.0	0.0	0.0
1	0.0	0.0	58	0.0	4.0	0	0.0	0.027570995312930793	0.0	0.0	0.0	0.0	0.0	0.0	0.0
1	0.0	0.0	50	0.0434782608695652	13.43	1	0.3330161750713606	0.5328596802841918	0.0	0.46153846153846156	0.0	0.0	0.0	0.071360608943863	0.0
1	0.0	0.0	47	0.1276595744680851	12.82	0	0.0	1.1146496815286624	0.0	0.21428571428571427	0.0	0.0	0.0	0.0	0.1592356687898089
1	0.0	0.0	47	0.0	15.53	0	0.0	0.01808972503617945	0.0	0.0	0.0	0.0	0.0	0.0	0.009044862518089725
3	0.0	0.0	57	0.0304568527918781	14.57	0	0.0	0.05265929436545551	0.0	0.0	0.0	0.0	0.0	0.0	0.026329647182727754
0	0.0	0.0	1	0.0	16.21	0	0.018525379770285292	0.0	0.0	0.5	0.0	0.0	0.0	0.0	0.0
5	0.0	0.0	47	0.006578947368420999	15.57	0	0.015368065160596283	0.0	0.0	0.0	0.0	0.0	0.0	0.0	0.0
1	0.0	0.0	32	0.0	8.96	0	0.7751937984496123	0.0	0.0	0.0	0.0	0.0	0.0	0.0	0.0
0	1.0	0.0	20	0.04	0.0	0	0.0	0.2304147465437788	0.0	0.0	0.0	0.0	0.0	0.0	0.0
0	1.0	1.0	37	0.0	29.33	0	0.024937655860349125	0.02313743637204998	1.0	0.25	0.0	0.0	0.0	0.0	0.01156871818602499
1	0.5	0.0	32	0.0	7.2	0	0.09280742459396751	0.0	0.0	0.0	0.0	0.0	0.0	0.0	0.0
1	0.0	0.0	28	0.010752688172043001	13.38	0	0.0	0.04551661356395084	0.0	0.0	0.0	0.0	0.0	0.0	0.0
2	0.0	0.0	42	0.0111731843575419	15.13	0	0.0	0.05678591709256105	0.0	0.0	0.0	0.0	0.0	0.0	0.05678591709256105
8	0.0	0.0	35	0.0566037735849056	15.54	0	0.02201188641866608	0.0	0.0	0.0	0.0	0.0	0.0	0.01100594320933304	0.0
4	0.0	1.0	4	0.0	18.61	0	0.04830917874396135	0.0	0.0	0.0	0.0	0.0	0.0	0.0	0.0
1	0.0	0.0	0	0.0	16.75	0	0.0	0.08984725965858041	0.0	0.0	0.0	0.0	0.0	0.0	0.0
1	0.0	0.0	0	0.0	9.5	0	0.0	0.7042253521126761	0.0	0.0	0.0	0.0	0.0	0.0	0.0
1	0.0	0.0	0	0.0344827586206896	17.82	0	0.0	0.10593220338983052	0.0	7.0	0.0	0.0	0.0	0.0	0.0
4	0.25	0.6666666666666666	31	0.0224719101123595	41.64	0	0.0	0.35799522673031026	0.0	0.0	0.0	0.0	0.0	0.0	0.11933174224343675
2	0.0	0.0	2	0.0	16.4	0	0.2638522427440633	0.0	0.0	0.0	0.0	0.0	0.0	0.0	0.0
0	0.0	0.0	20	0.0	0.0	0	0.0	0.0649772579597141	0.0	0.0	0.0	0.0	0.0	0.0	0.0
4	0.0	0.5	1	0.0	13.76	0	0.0	0.0975609756097561	0.0	0.0	0.0	0.0	0.0	0.0	0.0
0	0.0	0.0	40	0.0115606936416184	14.35	0	0.0	0.026371308016877634	0.0	0.5	0.0	0.0	0.0	0.0	0.013185654008438817
3	0.0	0.0	33	0.0	15.13	0	0.025354969574036514	0.0	0.0	0.0	0.0	0.0	0.0	0.025354969574036514	0.0
1	0.0	0.0	11	0.2	9.97	0	0.8474576271186441	0.0	0.0	1.0	0.0	0.0	0.0	0.0	0.0
0	0.0	0.0	40	0.0	0.0	0	0.14265335235378032	0.0	0.0	0.0	0.0	0.0	0.0	0.07132667617689016	0.0
0	0.0	0.0	15	0.0	0.0	0	0.0	0.05327650506126798	0.0	0.0	0.0	0.0	0.0	0.0	0.0
0	0.0	0.0	13	0.0	0.0	0	0.2173913043478261	0.0	0.0	0.0	0.0	0.0	0.0	0.0	0.0
2	0.0	0.0	0	0.0	16.42	0	0.0	0.1724137931034483	0.0	0.0	0.0	0.0	0.0	0.0	0.0
1	1.0	1.0	0	0.0	9.5	0	0.0	0.019790223629527013	0.0	0.5	0.0	0.0	0.0	0.0	0.0
0	0.0	0.0	18	0.1052631578947368	0.0	0	0.2304147465437788	0.0	0.0	0.0	0.0	0.0	0.0	0.0	0.0
0	0.0	0.0	43	0.0	15.75	0	0.0	0.016874789065136685	0.0	0.0	0.0	0.0	0.0	0.0	0.0
0	0.0	0.0	15	0.0	0.0	0	0.22624434389140272	0.0	0.0	0.5	0.0	0.0	0.0	0.0	0.0
0	0.0	0.0	19	0.0	0.0	0	0.24570024570024568	0.0	0.0	0.0	0.0	0.0	0.0	0.24570024570024568	0.0
2	0.0	0.0	18	0.0	15.25	0	0.0	0.037397157816005985	0.0	0.0	0.0	0.0	0.0	0.0	0.0
0	0.0	0.0	15	0.0	0.0	0	0.0	0.22727272727272727	0.0	0.0	0.0	0.0	0.0	0.0	0.0
1	0.0	0.0	28	0.0	14.19	0	0.06053268765133172	0.0	0.0	0.5	0.0	0.0	0.0	0.0	0.039032006245121
4	0.0	0.0	41	0.0555555555555555	8.94	0	0.156128024980484	0.0	0.0	0.0	0.0	0.0	0.0	0.0	0.0
4	0.0	0.0	74	0.195906432748538	14.49	0	0.022138587558113793	0.0	0.0	0.0	0.0	0.0	0.0	0.011069293779056896	0.0
1	0.0	0.0	0	0.0	17.74	0	0.0	0.9090909090909092	0.0	1.0	0.0	0.0	0.0	0.0	0.0
1	0.0	0.0	0	0.0	9.5	0	0.0	0.819672131147541	0.0	0.0	0.0	0.0	0.0	0.0	0.0
2	0.0	0.0	2	0.0	16.1	0	0.06414368184733804	0.0	0.0	0.0	0.0	0.0	0.0	0.0	0.0
1	0.0	1.0	0	0.0	21.5	0	0.04837929366231253	0.0	0.0	0.0	0.0	0.0	0.0	0.0	0.0
3	0.0	0.0	48	0.0	13.71	0	0.03125976867771179	0.0	0.0	0.0	0.0	0.0	0.0	0.0	0.0
0	0.0	0.0	17	0.0	23.96	0	0.0	0.3105590062111801	0.0	0.0	0.0	0.0	0.0	0.0	0.0
1	0.0	0.0	0	0.0	16.34	0	0.0	0.03920799843168007	0.0	0.0	0.0	0.0	0.0	0.0	0.0
2	0.0	0.0	32	0.1990950226244343	11.13	0	0.0	0.034234851078397806	0.0	0.0	0.0	0.0	0.0	0.0	0.034234851078397806
2	0.0	1.0	50	0.0	46.24	0	0.06521739130434782	0.0	0.0	0.0	0.0	0.0	0.0	0.021739130434782608	0.0
1	1.0	0.5	6	0.0	11.5	0	0.012827090815802977	0.0	0.0	0.0	0.0	0.0	0.0	0.0	0.0
3	0.0	0.0	0	0.0	9.91	0	0.0	0.6787330316742082	0.0	0.16666666666666666	0.0	0.0	0.0	0.0	0.0
0	1.0	0.0	35	0.0	0.0	0	0.0	0.25597269624573377	0.0	0.0	0.0	0.0	0.0	0.0	0.0
3	0.5	1.0	42	0.3333333333333333	17.83	0	0.5319148936170213	0.0	0.0	0.5	0.0	0.0	0.0	0.0	0.0
0	0.0	0.0	25	0.0666666666666666	0.0	0	0.10183299389002036	0.0	0.0	0.0	0.0	0.0	0.0	0.0	0.0
5	0.0	0.0	52	0.0238095238095238	9.38	0	0.061387354205033766	0.0	0.0	0.0	0.0	0.0	0.0	0.0	0.0
0	0.0	0.0	19	0.3645833333333333	0.0	0	0.0	0.027731558513588463	0.0	0.0	0.0	0.0	0.0	0.0	0.0
2	0.0	0.0	43	0.3538461538461538	12.48	0	0.05243838489774515	0.0	0.0	0.0	0.0	0.0	0.0	0.05243838489774515	0.0
1	0.0	0.0	19	0.0	18.5	0	0.2808988764044944	0.0	0.0	0.0	0.0	0.0	0.0	0.2808988764044944	0.0
1	0.0	0.0	2	0.0	17.11	0	0.14836795252225518	0.0	0.0	7.0	0.0	0.0	0.0	0.0	0.0
12	0.0	0.0	25	0.0080321285140562	18.04	0	0.09045680687471733	0.0	0.0	8.625	0.0	0.0	0.0	0.0	0.0
1	0.0	0.0	11	0.0	15.62	0	0.12135922330097088	0.0	0.0	2.0	0.0	0.0	0.0	0.0	0.0
5	0.0	0.0	42	0.0	14.23	0	0.03081664098613251	0.0	0.0	0.0	0.0	0.0	0.0	0.0	0.0
0	0.0	0.0	0	0.0	16.84	0	0.08912655971479501	0.0	0.0	4.0	0.0	0.0	0.0	0.0	0.0
0	0.0	1.0	17	0.0	0.0	0	0.0	0.07380073800738007	0.0	0.0	0.0	0.0	0.0	0.0	0.0
1	0.0	0.0	35	0.0	5.87	0	0.2173913043478261	0.0	0.0	0.0	0.0	0.0	0.0	0.0	0.0
1	0.0	0.0	17	0.0	7.37	0	0.2192982456140351	0.0	0.0	0.0	0.0	0.0	0.0	0.0	0.0
2	0.0	0.0	52	0.0	14.31	0	0.04440497335701599	0.0	0.0	0.0	0.0	0.0	0.0	0.0	0.0
1	0.0	1.0	12	0.1111111111111111	24.75	1	1.5544041450777202	0.0	0.0	1.0	0.0	0.0	0.0	0.0	0.0
2	0.0	0.0	1	0.0	16.59	0	0.0	0.09233610341643582	0.0	0.0	0.0	0.0	0.0	0.0	0.0
2	0.0	0.0	0	0.0	16.94	0	0.0	0.5242463958060288	0.0	0.0	0.0	0.0	0.0	0.0	0.0
0	0.0	0.0	40	0.0	15.48	0	0.0	0.024850894632206758	0.0	0.5	0.0	0.0	0.0	0.0	0.024850894632206758
3	0.0	0.0	6	0.0285714285714285	15.7	0	0.12019230769230768	0.0	0.0	0.0	0.0	0.0	0.0	0.0	0.0
3	0.0	0.0	23	0.0	16.18	0	0.0	0.008005123278898496	0.0	0.0	0.0	0.0	0.0	0.013757050488375293	0.0
6	0.0	0.0	22	0.0	8.58	0	0.1336898395721925	0.0	0.0	0.5	0.0	0.0	0.0	0.0	0.0
1	0.0	0.0	3	0.050314465408805006	22.0	0	0.028328611898017	0.0	0.0	0.0	0.0	0.0	0.0	0.0	0.0
1	0.0	0.0	17	0.0	11.33	0	0.13280212483399734	0.0	0.0	0.0	0.0	0.0	0.0	0.0	0.0
0	1.0	0.0	15	0.0	0.0	0	0.1557632398753894	0.0	0.0	0.0	0.0	0.0	0.0	0.0	0.0
0	0.0	0.0	22	0.0054794520547945	16.2	0	0.014716703458425313	0.0	0.0	0.0	0.0	0.0	0.0	0.0	0.0
1	0.0	0.0	60	0.0967741935483871	7.86	1	0.3207412687099074	0.3656307129798903	0.0	0.20689655172413793	0.0	0.0	0.0	0.24946543121881684	0.25594149908592323
6	0.0	0.0	62	0.005420054200542	14.94	0	0.01594896331738437	0.0	0.0	0.0	0.0	0.0	0.0	0.01594896331738437	0.0
0	0.0	0.5	21	0.2162162162162162	32.27	1	0.6651884700665189	0.10373443983402489	0.0	0.8571428571428571	0.0	0.0	0.0	0.0	0.0
2	0.0	0.0	24	0.0	7.26	0	0.4310344827586207	0.0	0.0	0.0	0.0	0.0	0.0	0.0	0.0
2	0.0	0.0	40	0.0	15.66	0	0.0	0.06238303181534622	0.0	0.5	0.0	0.0	0.0	0.0	0.0
4	0.0	0.0	0	0.0	17.26	0	0.0	0.625	0.0	0.0	0.0	0.0	0.0	0.0	0.0
4	0.0	0.0	0	0.015267175572519	16.33	0	0.0	0.024545900834560628	0.0	0.0	0.0	0.0	0.0	0.0	0.0
0	0.0	1.0	19	0.0	0.0	0	0.1485884101040119	0.0	0.0	0.0	0.0	0.0	0.0	0.0	0.0
5	0.0	0.0	31	0.0	15.76	0	0.0	0.01818512456810329	0.0	0.0	0.0	0.0	0.0	0.0	0.0
3	1.0	0.0	37	0.0131578947368421	20.19	0	0.01904036557501904	0.0	0.0	0.0	0.0	0.0	0.0	0.0	0.0
2	1.0	1.0	34	0.0	5.35	0	0.0	0.09000900090009001	0.0	0.0	0.0	0.0	0.0	0.0	0.09000900090009001
1	0.0	0.0	33	0.0	0.43	1	0.8746355685131195	0.0	0.0	1.0	0.0	0.0	0.0	0.0	0.046511627906976744
2	0.0	0.0	32	0.0	13.67	0	0.0818330605564648	0.0	0.0	1.0	0.0	0.0	0.0	0.0	0.0
1	0.0	0.0	19	0.0	6.81	0	0.4385964912280702	0.0	0.0	0.0	0.0	0.0	0.0	0.0	0.0
0	0.0	0.0	23	0.0	0.0	1	4.0	0.0	0.0	0.5	0.0	0.0	0.0	0.0	0.0
5	0.0	0.0	40	0.0	15.53	0	0.01979414093428345	0.02011263073209976	0.0	0.0	0.0	0.0	0.0	0.0	0.0
0	0.0	0.0	34	0.0	0.0	0	0.0	0.031595576619273306	0.0	0.0	0.0	0.0	0.0	0.0	0.0
1	0.0	0.0	46	0.1186440677966101	11.72	0	0.055401662049861494	0.0	0.0	5.5	0.0	0.0	0.0	0.44321329639889195	0.0
3	0.0	0.0	77	0.0	5.81	0	0.12610340479192939	0.0	0.0	0.0	0.0	0.0	0.0	0.0	0.0
4	0.0	0.0	34	0.0	15.91	0	0.017553098121818503	0.0	0.0	0.0	0.0	0.0	0.0	0.008776549060909251	0.0
1	0.0	0.0	22	0.0555555555555555	16.33	0	0.9615384615384615	0.0	0.0	0.75	0.0	0.0	0.0	0.0	0.0
2	0.0	0.0	16	0.0	18.87	0	0.09191176470588235	0.0	0.0	0.0	0.0	0.0	0.0	0.0	0.0
0	0.0	0.0	26	0.0	4.86	0	50.0	0.0	0.0	0.0	0.0	0.0	0.0	50.0	0.0
1	0.0	0.0	0	0.0	16.19	0	0.0	2.6315789473684212	0.0	0.0	0.0	0.0	0.0	0.0	0.0
0	0.0	0.0	40	0.0638297872340425	0.0	1	0.42498937526561836	0.4780114722753346	0.0	0.4	0.0	0.0	0.0	0.1274968125796855	0.0
0	0.0	0.0	22	0.0	0.0	0	0.1718213058419244	0.0	0.0	0.0	0.0	0.0	0.0	0.0	0.0
3	0.0	0.0	28	0.0	11.07	0	0.0847457627118644	0.0	0.0	0.0	0.0	0.0	0.0	0.0	0.0
3	0.0	0.0	45	0.0	9.55	0	0.33112582781456956	0.0	0.0	0.0	0.0	0.0	0.0	0.0	0.0
6	0.0	0.0	42	0.0584795321637426	13.55	0	0.0	0.030627871362940276	0.0	0.5	0.0	0.0	0.0	0.0	0.015313935681470138
1	0.0	0.0	0	0.3673469387755102	11.0	0	0.09699321047526673	0.0	0.0	1.0	0.0	0.0	0.0	0.0	0.0
5	0.0	0.0	0	0.0	16.7	0	0.0	0.031806615776081425	0.0	0.0	0.0	0.0	0.0	0.0	0.0
1	0.0	0.0	48	0.0	12.48	0	0.05341880341880342	0.0	0.0	0.5	0.0	0.0	0.0	0.02670940170940171	0.0
1	0.5	1.0	33	0.0	7.5	0	0.016313213703099513	0.0	0.0	0.0	0.0	0.0	0.0	0.0	0.0
4	1.0	1.0	32	0.0	16.72	0	0.06736274840013472	0.0	0.0	0.25	0.0	0.0	0.0	0.0	0.0
2	0.0	0.0	19	0.0	15.79	0	0.03502626970227671	0.0	0.0	0.0	0.0	0.0	0.0	0.03502626970227671	0.0
1	0.0	0.0	0	0.0	17.46	0	0.0	1.0	0.0	0.0	0.0	0.0	0.0	0.0	0.0
0	0.0	0.0	18	0.0465116279069767	21.11	1	0.0	2.0547945205479454	0.0	0.8333333333333334	0.0	0.0	0.0	0.0	0.0
2	0.0	0.0	6	0.0	15.7	0	0.0	0.2331002331002331	0.0	0.0	0.0	0.0	0.0	0.0	0.0
2	0.0	0.0	34	0.0	13.0	0	0.0	0.09699321047526673	0.0	0.0	0.0	0.0	0.0	0.0	0.04849660523763336
5	0.0	0.0	0	0.0	16.52	0	0.0	0.07396449704142012	0.0	0.5	0.0	0.0	0.0	0.0	0.0
2	0.0	0.0	15	0.0	15.86	0	0.029368575624082235	0.017702248185519562	0.0	0.0	0.0	0.0	0.0	0.0	0.017702248185519562
1	0.0	0.0	23	0.2916666666666667	15.66	0	0.0	0.07127583749109052	1.0	1.0	0.0	0.0	0.0	0.0	0.0
3	0.0	0.0	15	0.2688172043010752	14.66	0	0.04045307443365696	0.0	0.0	0.0	0.0	0.0	0.0	0.04045307443365696	0.0
1	0.0	0.0	27	0.0	15.7	0	0.0	0.07374631268436578	0.0	0.0	0.0	0.0	0.0	0.0	0.07374631268436578
1	0.0	0.0	20	0.2857142857142857	5.19	0	0.0	0.641025641025641	0.0	0.0	0.0	0.0	0.0	0.0	0.0
7	0.0	0.0	79	0.4324324324324324	4.83	0	0.0	0.21691973969631234	0.0	0.5	0.0	0.0	0.0	0.0	0.0
0	0.0	0.0	11	0.0	0.0	1	4.166666666666667	0.0	0.0	1.0	0.0	0.0	0.0	0.0	0.0
1	0.0	0.0	0	0.0	17.32	0	0.0	0.6756756756756757	0.0	0.0	0.0	0.0	0.0	0.0	0.0
4	0.0	0.0	15	0.0613026819923371	16.42	0	0.017605633802816902	0.0	0.0	0.0	0.0	0.0	0.0	0.0	0.0
3	0.0	0.0	17	0.0	7.46	0	0.8064516129032259	0.0	0.0	0.5	0.0	0.0	0.0	0.0	0.0
1	0.0	0.0	0	0.0384615384615384	16.79	0	0.0	0.1510574018126888	0.0	0.0	0.0	0.0	0.0	0.0	0.0
1	0.0	0.0	46	0.0	14.11	0	0.04046944556859571	0.0	0.0	0.0	0.0	0.0	0.0	0.0	0.0
1	0.0	0.0	37	0.0	6.38	0	0.1295336787564767	0.0	0.0	0.0	0.0	0.0	0.0	0.1295336787564767	0.0
2	0.0	0.0	2	0.1578947368421052	16.22	0	0.0	0.02109704641350211	0.0	0.0	0.0	0.0	0.0	0.0	0.0
0	0.0	0.0	35	0.0	14.76	0	0.0392156862745098	0.0	0.0	0.0	0.0	0.0	0.0	0.0196078431372549	0.0
0	0.0	0.0	0	0.0175438596491228	29.03	0	0.0	0.047709923664122134	0.0	0.5	0.0	0.0	0.0	0.0	0.0
5	0.0	1.0	27	0.0	27.69	0	0.0	0.08984725965858041	0.0	0.0	0.0	0.0	0.0	0.0	0.0
0	0.0	0.0	26	0.0138888888888888	0.0	0	0.027631942525559547	0.0	0.0	0.0	0.0	0.0	0.0	0.0	0.0
0	0.0	0.0	9	0.1052631578947368	23.7	0	0.47393364928909953	0.0	0.0	1.0	0.0	0.0	0.0	0.0	0.0
1	1.0	0.0	36	0.0	23.0	0	0.0	0.6578947368421053	0.0	0.0	0.0	0.0	0.0	0.0	0.0
3	0.3333333333333333	0.3333333333333333	46	0.0	27.86	0	0.09208103130755065	0.0	0.0	1.0	0.0	0.0	0.0	0.0	0.029325513196480937
2	0.0	0.0	16	0.0	13.76	0	0.09380863039399624	0.0	0.0	0.0	0.0	0.0	0.0	0.0	0.0
3	0.0	0.0	73	0.007380073800738001	12.54	0	0.027382256297918947	0.0	0.0	1.5	0.0	0.0	0.0	0.013691128148959474	0.0
0	0.0	0.0	27	0.4782608695652174	0.0	0	0.9090909090909091	0.0	0.0	1.0	0.0	0.0	0.0	0.45454545454545453	0.0
0	0.0	0.0	16	0.0	8.87	0	0.17857142857142858	0.0	0.0	0.0	0.0	0.0	0.0	0.0	0.0
7	0.0	0.0	0	0.0	16.32	0	0.0	0.00892379082634303	0.0	0.0	0.0	0.0	0.0	0.0	0.0
1	0.0	0.0	23	0.0	9.9	0	0.0	0.547945205479452	0.0	0.125	0.0	0.0	0.0	0.0	0.0
10	0.0	0.0	46	0.0	15.28	0	0.0	0.009637625289128758	0.0	0.0	0.0	0.0	0.0	0.010341261633919338	0.0
5	0.0	0.0	49	0.0	5.99	0	0.15432098765432098	0.0	0.0	0.0	0.0	0.0	0.0	0.07716049382716049	0.0
3	0.0	0.0	61	0.0	9.51	0	0.0	0.05608524957936063	0.0	0.5	0.0	0.0	0.0	0.0	0.0
8	0.0	0.0	16	0.0	16.02	0	0.019417475728155338	0.0	0.0	0.5	0.0	0.0	0.0	0.0	0.0
0	0.0	0.0	18	0.2222222222222222	0.0	0	1.3157894736842106	0.0	0.0	0.0	0.0	0.0	0.0	1.3157894736842106	0.0
2	0.0	0.0	0	0.0	16.12	0	0.0	0.1736111111111111	0.0	0.0	0.0	0.0	0.0	0.0	0.0
1	0.0	0.0	0	0.0	16.19	0	0.0	0.08818342151675485	0.0	0.0	0.0	0.0	0.0	0.0	0.0
0	0.0	0.0	0	0.0	16.64	0	0.0	0.08417508417508417	0.0	0.0	0.0	0.0	0.0	0.0	0.0
0	0.0	0.0	17	0.0232558139534883	0.0	1	0.0	1.4705882352941175	0.0	0.6666666666666666	0.0	0.0	0.0	0.0	0.0
4	0.0	1.0	6	0.1058201058201058	9.16	0	0.0	0.049554013875123884	0.0	0.0	0.0	0.0	0.0	0.0	0.0
0	0.0	0.0	26	0.0	0.0	0	0.0	0.12658227848101264	0.0	0.0	0.0	0.0	0.0	0.0	0.12658227848101264
2	0.0	0.0	2	0.0616740088105726	16.25	0	0.0340599455040872	0.0	0.0	0.0	0.0	0.0	0.0	0.0	0.0
1	0.0	0.0	37	0.0	9.5	0	0.2222222222222222	0.0	0.0	0.0	0.0	0.0	0.0	0.0	0.0
1	0.0	0.0	20	0.0	13.08	0	0.18315018315018314	0.0	0.0	0.0	0.0	0.0	0.0	0.0	0.0
0	0.0	0.0	18	0.0	0.0	0	0.11764705882352941	0.0	0.0	0.5	0.0	0.0	0.0	0.11764705882352941	0.0
1	0.0	0.0	47	0.0	4.96	0	0.0	0.4273504273504274	0.0	0.0	0.0	0.0	0.0	0.0	0.0
1	1.0	1.0	33	0.1868852459016393	15.93	0	0.0	0.027151778441487917	1.0	1.0	0.0	0.0	0.0	0.0	0.0
2	0.0	0.0	54	0.1650485436893204	13.98	0	0.03288391976323578	0.0	0.0	1.5	0.0	0.0	0.0	0.01644195988161789	0.0
2	0.0	1.0	0	0.0	15.53	0	0.0	0.03179650238473768	0.0	0.5	0.0	0.0	0.0	0.0	0.0
9	0.0	0.0	77	0.2884615384615384	9.49	0	0.0	0.05707762557077626	0.0	0.0	0.0	0.0	0.0	0.0	0.02853881278538813
3	0.0	0.0	36	0.0	15.8	0	0.0	0.031928480204342274	0.0	1.0	0.0	0.0	0.0	0.0	0.0
1	0.0	0.0	18	0.0	6.56	0	0.3205128205128205	0.0	0.0	0.5	0.0	0.0	0.0	0.0	0.0
0	1.0	0.0	30	0.0	0.0	1	0.0	2.717391304347826	0.0	0.4	0.0	0.0	0.0	0.0	1.6304347826086956
0	0.0	0.0	40	0.0	13.82	0	0.04033884630899556	0.0	0.0	0.0	0.0	0.0	0.0	0.04033884630899556	0.0
0	0.0	0.0	1	0.0	17.18	0	0.0	0.11933174224343675	0.0	0.0	0.0	0.0	0.0	0.0	0.0
1	0.0	0.0	18	0.0555555555555555	13.0	0	0.1297016861219196	0.0	0.0	0.0	0.0	0.0	0.0	0.0	0.0
1	0.0	0.0	0	0.0	17.31	0	0.0	0.35714285714285715	0.0	0.0	0.0	0.0	0.0	0.0	0.0
1	1.0	0.5	39	0.0	103.5	0	0.0	0.0485319097306479	0.0	0.0	0.0	0.0	0.0	0.0	0.012132977432661975
3	0.0	0.0	77	0.5384615384615384	4.72	0	0.641025641025641	0.0	0.0	0.0	0.0	0.0	0.0	0.0	0.0
2	0.0	0.0	41	0.0	13.75	0	0.04037141703673799	0.0	0.0	0.0	0.0	0.0	0.0	0.0	0.0
0	0.0	0.0	24	0.1666666666666666	0.0	1	0.0	0.24509803921568626	0.0	1.0	0.0	0.0	0.0	0.0	0.24509803921568626
0	0.0	0.0	2	0.0	16.05	0	0.053821313240043064	0.0	0.0	0.0	0.0	0.0	0.0	0.0	0.0
2	0.0	0.0	2	0.0476190476190476	16.68	0	0.0	0.21645021645021645	0.0	0.0	0.0	0.0	0.0	0.0	0.0
0	0.0	0.0	17	0.0	0.0	0	0.1582278481012658	0.0	0.0	0.0	0.0	0.0	0.0	0.0	0.0
0	0.0	0.0	18	0.0	0.0	1	0.0	2.1739130434782608	0.0	0.5	0.0	0.0	0.0	0.0	0.0
0	0.0	0.0	29	0.0	0.0	1	0.18083182640144665	0.9345794392523364	0.0	0.8	0.0	0.0	0.0	0.09041591320072333	0.0
1	0.0	0.0	37	0.0	7.5	0	0.5376344086021505	0.0	0.0	0.0	0.0	0.0	0.0	0.0	0.0
2	0.0	0.0	24	0.0555555555555555	16.95	0	0.5235602094240838	0.0	0.0	0.0	0.0	0.0	0.0	0.0	0.0
1	0.0	0.0	40	0.0	15.02	0	0.0	0.026588673225206062	0.0	0.0	0.0	0.0	0.0	0.02464268112370626	0.0
2	0.0	0.0	46	0.0	9.95	0	0.07874015748031496	0.0	0.0	0.0	0.0	0.0	0.0	0.0	0.0
1	0.0	0.0	0	0.0	16.62	0	0.0	0.1718213058419244	0.0	0.5	0.0	0.0	0.0	0.0	0.0
2	0.0	0.0	31	0.0	6.37	0	0.0	0.23255813953488372	0.0	0.0	0.0	0.0	0.0	0.0	0.0
2	0.0	0.0	0	0.0	13.59	0	0.0	0.1564945226917058	0.0	0.0	0.0	0.0	0.0	0.0	0.0
0	0.0	0.0	1	0.0	16.27	0	0.050050050050050046	0.0	0.0	0.0	0.0	0.0	0.0	0.0	0.0
6	0.0	0.0	75	0.0	11.25	0	0.02540650406504065	0.0	0.0	0.0	0.0	0.0	0.0	0.02540650406504065	0.038417210910487894
4	0.0	0.0	45	0.0	15.43	0	0.018545994065281898	0.0	0.0	0.0	0.0	0.0	0.0	0.0	0.0
4	0.0	0.0	16	0.0	15.84	0	0.09823182711198429	0.0	0.0	0.0	0.0	0.0	0.0	0.0	0.0
2	0.0	0.0	19	0.0	8.34	0	0.04299226139294927	0.0	0.0	0.0	0.0	0.0	0.0	0.0	0.0
0	0.0	0.0	16	0.0	0.0	0	0.0	0.3401360544217687	0.0	0.0	0.0	0.0	0.0	0.0	0.0
0	0.0	0.0	14	0.0	0.0	0	0.035448422545196735	0.0	0.0	0.0	0.0	0.0	0.0	0.0	0.0
1	0.0	0.0	0	0.0	16.65	0	0.0	0.16722408026755853	0.0	0.0	0.0	0.0	0.0	0.0	0.0
0	0.0	0.0	21	0.0	9.33	0	0.13774104683195593	0.0	0.0	0.0	0.0	0.0	0.0	0.0	0.0
2	0.0	0.0	2	0.0	9.19	0	0.0	2.2151898734177213	0.0	0.0	0.0	0.0	0.0	0.0	0.0
1	0.0	0.0	11	0.0	11.93	0	0.3436426116838488	0.0	0.0	0.5	0.0	0.0	0.0	0.0	0.0
1	0.0	0.0	0	0.0	9.5	0	0.0	0.1079913606911447	0.0	0.0	0.0	0.0	0.0	0.0	0.0
0	0.0	0.0	22	0.0	8.99	0	0.18181818181818182	0.0	0.0	0.5	0.0	0.0	0.0	0.09090909090909091	0.0
0	1.0	1.0	34	0.0	0.0	0	0.04101722723543889	0.0	0.0	0.0	0.0	0.0	0.0	0.04101722723543889	0.0
1	0.0	0.0	65	0.0	9.4	0	0.6269592476489029	0.0	0.0	0.0	0.0	0.0	0.0	0.0	0.0
1	0.0	0.0	16	0.0	9.38	0	0.19685039370078738	0.0	0.0	0.0	0.0	0.0	0.0	0.0	0.0
1	0.0	0.0	59	0.0	10.5	0	0.9803921568627451	0.0	0.0	0.5	0.0	0.0	0.0	0.0	0.0
1	0.0	0.0	16	0.0	0.5	1	0.6329113924050632	0.0	0.0	1.0	0.0	0.0	0.0	0.0	0.0
1	0.0	0.0	1	0.0	16.68	0	0.0	0.044802867383512544	0.0	0.0	0.0	0.0	0.0	0.0	0.0
1	0.0	0.0	25	0.0	15.64	0	0.0273224043715847	0.0	0.0	0.0	0.0	0.0	0.0	0.0	0.0
1	0.0	0.0	30	0.0485436893203883	17.99	0	0.1126126126126126	0.0	0.0	1.75	0.0	0.0	0.0	0.0	0.0
0	0.0	1.0	17	0.0	0.0	0	0.10672358591248667	0.0	0.0	0.0	0.0	0.0	0.0	0.0	0.0
4	0.0	0.0	39	0.0	15.85	0	0.0	0.008722958827634334	0.0	1.0	0.0	0.0	0.0	0.0	0.0
0	0.0	0.0	10	0.0	0.0	0	2.380952380952381	0.0	0.0	1.0	0.0	0.0	0.0	2.380952380952381	0.0
0	0.0	0.0	23	0.175	0.0	0	0.0	0.017006802721088437	0.0	1.0	0.0	0.0	0.0	0.0	0.0
4	0.0	0.0	46	0.0	13.9	0	0.0	0.0369139904023625	0.0	0.0	0.0	0.0	0.0	0.0	0.0
7	0.0	0.0	5	0.0072727272727272	16.5	0	0.0	0.019984012789768187	0.0	0.5	0.0	0.0	0.0	0.0	0.0
0	0.0	0.0	14	0.0	0.0	0	0.05605381165919283	0.0	0.0	0.0	0.0	0.0	0.0	0.0	0.0
1	0.0	0.0	0	0.0	17.57	0	0.0	0.5703422053231939	0.0	0.0	0.0	0.0	0.0	0.0	0.0
0	0.0	0.0	17	0.0	0.0	0	0.0	0.12484394506866417	0.0	0.0	0.0	0.0	0.0	0.0	0.12484394506866417
2	0.0	0.0	2	0.0	16.05	0	0.5263157894736842	0.0	0.0	0.0	0.0	0.0	0.0	0.0	0.0
1	0.0	0.0	0	0.0	17.38	0	0.0	0.38699690402476783	0.0	0.5	0.0	0.0	0.0	0.0	0.0
2	0.0	0.0	22	0.0	15.75	0	0.027762354247640196	0.0	0.0	0.0	0.0	0.0	0.0	0.0	0.0
6	0.0	0.0	15	0.04	13.26	0	0.0	0.09345794392523366	0.0	0.5	0.0	0.0	0.0	0.0	0.0
2	0.0	0.0	32	0.0	15.5	0	0.0	0.04557885141294439	0.0	0.0	0.0	0.0	0.0	0.0	0.0
2	0.0	0.0	0	0.0	16.84	0	0.0	0.20161290322580647	0.0	0.0	0.0	0.0	0.0	0.0	0.0
1	0.0	0.0	26	0.0	13.97	0	0.05230125523012552	0.0	0.0	0.0	0.0	0.0	0.0	0.05230125523012552	0.0
2	0.0	0.0	35	0.0	12.63	0	0.0	0.04257130693912303	0.0	2.5	0.0	0.0	0.0	0.0	0.0
1	0.0	0.0	0	0.0	16.5	0	0.0	0.16501650165016502	0.0	0.0	0.0	0.0	0.0	0.0	0.0
1	0.5	0.5	54	0.0545454545454545	9.91	1	0.0	1.4044943820224718	0.05	0.85	0.0702247191011236	0.0	0.16666666666666666	0.0	0.0
3	0.0	0.0	37	0.0094339622641509	15.56	0	0.03901677721420211	0.0	0.0	0.0	0.0	0.0	0.0	0.0	0.0
0	0.0	0.0	49	0.0	5.96	0	0.5730659025787965	0.0	0.0	0.125	0.0	0.0	0.0	0.0	0.0
0	0.0	0.0	21	0.0	0.0	1	0.0	1.0273972602739727	0.0	0.6666666666666666	0.0	0.0	0.0	0.0	0.0
4	0.0	0.0	22	0.0	15.99	0	0.0	0.038880248833592534	0.0	0.0	0.0	0.0	0.0	0.0	0.0
1	0.0	0.0	0	0.0	16.33	0	0.0	0.141643059490085	0.0	0.0	0.0	0.0	0.0	0.0	0.0
3	0.0	0.0	41	0.0425531914893617	15.01	0	0.024160425223483932	0.0	0.0	0.0	0.0	0.0	0.0	0.0	0.013027618551328815
0	0.0	0.0	24	0.0	0.0	0	0.18867924528301888	0.0	0.0	0.0	0.0	0.0	0.0	0.09433962264150944	0.0
1	0.0	0.0	65	0.0	9.5	0	0.4132231404958678	0.0	0.0	0.0	0.0	0.0	0.0	0.0	0.0
1	0.0	0.0	15	0.0	10.0	0	0.031746031746031744	0.0	0.0	0.5	0.0	0.0	0.0	0.0	0.0
1	0.0	0.0	13	0.0	6.91	0	0.42016806722689076	0.0	0.0	0.0	0.0	0.0	0.0	0.0	0.0
1	0.0	0.0	0	0.0	16.76	0	0.0	0.2188183807439825	0.0	0.0	0.0	0.0	0.0	0.0	0.0
3	0.0	0.0	2	0.0	17.88	0	0.0	0.20161290322580647	0.0	0.0	0.0	0.0	0.0	0.0	0.0
0	0.0	0.0	31	0.0	0.0	0	0.0	0.06142506142506142	0.0	0.0	0.0	0.0	0.0	0.0	0.03071253071253071
0	0.0	0.0	27	0.0	0.0	1	2.3696682464454977	0.0	0.0	0.75	0.0	0.0	0.0	1.6587677725118484	0.0
2	0.0	0.5	44	0.0	11.38	0	0.07674597083653109	0.0	0.0	0.5	0.0	0.0	0.0	0.0	0.05561735261401557
0	0.0	0.0	46	0.0	4.84	0	1.1111111111111112	0.0	0.0	0.0	0.0	0.0	0.0	0.0	0.0
1	0.0	0.0	15	0.0	10.0	0	0.061576354679802964	0.0	0.0	0.5	0.0	0.0	0.0	0.0	0.0
4	0.0	0.0	30	0.0	12.37	0	0.0	0.10298661174047373	0.0	3.0	0.0	0.0	0.0	0.0	0.051493305870236865
3	0.0	0.0	2	0.0	16.53	0	0.0	0.03031221582297666	0.0	0.0	0.0	0.0	0.0	0.0	0.0
0	1.0	1.0	31	0.0	0.0	0	0.08802816901408451	0.0	0.0	0.0	0.0	0.0	0.0	0.04401408450704226	0.0
3	0.0	0.0	0	0.0	16.57	0	0.0	0.0945179584120983	0.0	0.0	0.0	0.0	0.0	0.0	0.0
3	0.0	0.0	26	0.1	16.35	0	0.0	0.019054878048780487	0.0	0.0	0.0	0.0	0.0	0.0	0.038109756097560975
2	0.0	0.0	9	0.2352941176470588	13.19	0	0.1607717041800643	0.0	0.0	1.0	0.0	0.0	0.0	0.0	0.0
0	0.0	0.0	1	0.0	17.05	0	0.0	0.07077140835102619	0.0	0.0	0.0	0.0	0.0	0.0	0.0
2	0.0	0.0	15	0.0	16.55	0	0.041631973355537054	0.0	0.0	0.0	0.0	0.0	0.0	0.0	0.0
1	0.0	0.0	8	0.0	14.84	0	0.1388888888888889	0.0	0.0	2.0	0.0	0.0	0.0	0.0	0.0
1	0.0	0.0	24	0.0	15.22	0	0.03813882532418002	0.0	0.0	0.0	0.0	0.0	0.0	0.0	0.0
7	0.0	0.0	1	0.0	16.6	0	0.0	0.04302925989672978	0.0	0.0	0.0	0.0	0.0	0.0	0.0
2	0.0	0.0	18	0.0	16.38	0	0.02229157378510923	0.0	0.0	0.0	0.0	0.0	0.0	0.0	0.0
1	0.0	0.0	0	0.0	16.1	0	0.08173273395995097	0.0	0.0	0.25	0.0	0.0	0.0	0.0	0.0
0	1.0	0.0	49	0.0	0.0	0	0.0	0.05605381165919283	0.0	1.0	0.0	0.0	0.0	0.0	0.0
1	0.0	0.0	0	0.0	13.46	0	0.0	0.0	0.0	0.0	0.0	0.0	0.0	0.0	0.0
0	0.0	0.0	37	0.0	0.0	0	0.05970149253731343	0.0	0.0	0.0	0.0	0.0	0.0	0.0	0.0
0	0.0	0.0	19	0.0	0.0	1	0.5361930294906166	0.2881844380403458	0.0	0.75	0.0	0.0	0.0	0.5361930294906166	0.0
5	0.0	0.0	1	0.0	16.71	0	0.0	0.06954102920723226	0.0	0.0	0.0	0.0	0.0	0.0	0.0
2	0.0	0.0	44	0.0	14.61	0	0.0	0.02138122728244601	0.0	0.0	0.0	0.0	0.0	0.0	0.010690613641223005
1	0.0	0.0	0	0.0	9.5	0	0.0	0.25252525252525254	0.0	0.0	0.0	0.0	0.0	0.0	0.0
1	0.0	0.0	8	0.0681818181818181	9.5	0	0.048828125	0.0	0.0	4.0	0.0	0.0	0.0	0.0	0.0
1	0.0	0.0	0	0.0	17.39	0	0.0	2.0	0.0	0.5	0.0	0.0	0.0	0.0	0.0
3	0.0	0.0	53	0.0941828254847645	15.31	0	0.015453562046051616	0.0	0.0	0.5	0.0	0.0	0.0	0.015453562046051616	0.0
1	0.0	0.0	16	0.0	15.12	0	0.05376344086021505	0.0	0.0	0.0	0.0	0.0	0.0	0.026881720430107524	0.0
4	0.0	1.0	58	0.101010101010101	19.37	0	0.06631299734748011	0.0	0.0	0.0	0.0	0.0	0.0	0.0	0.0
1	0.0	1.0	79	0.0	9.9	0	0.0	0.15673981191222572	0.0	0.0	0.0	0.0	0.0	0.0	0.0
0	0.0	0.0	26	0.0	0.0	0	0.0	0.26881720430107525	0.0	0.0	0.0	0.0	0.0	0.0	0.13440860215053763
1	0.0	0.0	34	0.036144578313253004	15.14	0	0.0	0.03556187766714082	0.0	0.0	0.0	0.0	0.0	0.0	0.0
0	0.0	0.0	59	0.0555555555555555	5.2	0	0.1694915254237288	0.0	0.0	0.0	0.0	0.0	0.0	0.0	0.0
1	0.0	0.0	23	0.1481481481481481	12.85	0	0.1017293997965412	0.0	0.0	0.5	0.0	0.0	0.0	0.1017293997965412	0.0
2	0.0	0.0	23	0.0	15.46	0	0.0	0.02226179875333927	0.0	1.0	0.0	0.0	0.0	0.0	0.02226179875333927
1	1.0	0.0	38	0.0725388601036269	0.94	0	0.11869436201780414	0.0	0.0	0.0	0.0	0.0	0.0	0.0	0.0149655791679138
2	0.0	0.0	48	0.0	11.99	0	0.0	0.06426735218508997	0.0	0.0	0.0	0.0	0.0	0.0	0.0
3	0.0	0.0	15	0.0	41.33	0	0.0	0.07403751233958539	0.0	0.0	0.0	0.0	0.0	0.0	0.0
1	0.0	0.0	48	0.0	15.5	0	0.0	0.028901734104046242	0.0	0.0	0.0	0.0	0.0	0.0	0.014450867052023121
3	0.0	0.0	17	0.0	8.95	0	0.2145922746781116	0.0	0.0	0.0	0.0	0.0	0.0	0.0	0.0
6	0.0	0.0	6	0.0384615384615384	16.31	0	0.0	0.10615711252653928	0.0	0.5	0.0	0.0	0.0	0.0	0.0
3	0.0	0.0	17	0.0806451612903225	31.06	0	0.0	0.5681818181818182	0.0	0.0	0.0	0.0	0.0	0.0	0.0
1	0.0	1.0	18	0.0	24.5	0	0.0	0.20746887966804978	0.0	0.0	0.0	0.0	0.0	0.0	0.0
0	0.0	0.0	36	0.3333333333333333	0.0	0	0.8333333333333334	0.0	0.0	0.5	0.0	0.0	0.0	0.0	0.0
2	0.0	0.0	1	0.0	16.96	0	0.0	0.13440860215053763	0.0	0.0	0.0	0.0	0.0	0.0	0.0
3	0.0	0.0	49	0.0	7.96	0	0.07429420505200594	0.0	0.0	0.0	0.0	0.0	0.0	0.11144130757800891	0.0
0	0.0	0.0	59	0.0625	0.0	1	0.16722408026755853	0.44014084507042256	0.0	0.6666666666666666	0.0	0.0	0.0	0.16722408026755853	0.44014084507042256
2	0.0	0.0	18	0.2	10.5	0	0.0	0.15625	0.0	0.0	0.0	0.0	0.0	0.0	0.0
1	0.0	0.0	4	0.1639344262295081	34.77	0	0.0728862973760933	0.0	0.0	0.0	0.0	0.0	0.0	0.0	0.0
2	0.0	0.0	41	0.0608365019011406	14.95	0	0.024850894632206758	0.0	0.0	0.0	0.0	0.0	0.0	0.0	0.0
0	0.0	0.0	34	0.0	9.3	0	0.17905102954341987	0.0	0.0	0.0	0.0	0.0	0.0	0.0	0.0
0	1.0	1.0	21	0.3296703296703296	0.0	0	0.0	0.07246376811594203	0.0	0.0	0.0	0.0	0.0	0.0	0.07246376811594203
1	0.0	1.0	34	0.0	12.0	0	0.04918839153959666	0.0	0.0	0.0	0.0	0.0	0.0	0.02459419576979833	0.0
4	0.0	0.0	56	0.0	8.65	0	0.06153846153846154	0.0	0.0	0.0	0.0	0.0	0.0	0.0	0.0
3	0.0	0.0	49	0.0	8.15	0	0.06896551724137931	0.0	0.0	0.5	0.0	0.0	0.0	0.0	0.0
1	0.0	0.0	0	0.0	16.49	0	0.0	0.13054830287206265	0.0	0.0	0.0	0.0	0.0	0.0	0.0
4	0.0	0.0	40	0.0510204081632653	14.75	0	0.014916467780429593	0.0	0.0	1.0	0.0	0.0	0.0	0.0	0.013315579227696406
1	0.0	0.0	20	0.0	23.0	0	0.4385964912280702	0.0	0.0	0.5	0.0	0.0	0.0	0.0	0.0
0	0.0	0.0	42	0.0	0.0	0	0.0	0.4273504273504274	0.0	0.5	0.0	0.0	0.0	0.0	0.0
0	0.0	0.0	18	0.0840336134453781	15.65	0	0.08503401360544217	0.0	0.0	1.5	0.0	0.0	0.0	0.0	0.0
4	0.0	1.0	10	0.0195121951219512	36.76	0	0.11013215859030838	0.0	0.0	0.6666666666666666	0.0	0.0	0.0	0.0	0.0
1	0.0	0.0	40	0.0	18.38	0	0.058979652020053085	0.0	0.0	0.0	0.0	0.0	0.0	0.029489826010026542	0.0
1	0.0	0.0	61	0.1485148514851485	11.54	0	0.0	0.027427317608337904	0.0	0.0	0.0	0.0	0.0	0.0	0.0
3	0.0	0.0	2	0.0	16.66	0	0.0	0.013819789939192924	0.0	0.0	0.0	0.0	0.0	0.0	0.0
1	0.0	0.0	20	0.0	9.5	0	1.25	0.0	0.0	0.5	0.0	0.0	0.0	0.0	0.0
1	0.0	0.0	21	0.1851851851851851	13.54	0	0.07451564828614009	0.0	0.0	0.0	0.0	0.0	0.0	0.0	0.0
1	1.0	0.0	56	0.0338983050847457	26.2	1	0.0	5.576923076923077	0.0	0.8275862068965517	0.0	0.0	0.0	0.0	0.0
0	0.0	0.0	2	0.0	22.99	0	0.09960159362549802	0.0	0.0	0.0	0.0	0.0	0.0	0.0	0.0
0	1.0	1.0	38	0.0	0.0	1	0.0	1.95822454308094	0.0	0.3333333333333333	0.0	0.0	0.0	0.0	0.0
1	0.0	0.5	44	0.0	2.0	0	0.05060728744939271	0.0	0.0	0.0	0.0	0.0	0.0	0.025303643724696356	0.0
0	0.0	1.0	38	0.0	0.0	0	0.0	0.0657030223390276	0.0	0.0	0.0	0.0	0.0	0.0	0.0328515111695138
0	0.0	0.0	14	0.0	0.0	1	0.0	1.0101010101010102	0.0	1.0	0.0	0.0	0.0	0.0	1.0101010101010102
0	0.0	0.0	17	0.0	0.0	0	0.0	0.29069767441860467	0.0	0.0	0.0	0.0	0.0	0.0	0.29069767441860467
3	0.0	0.0	28	0.081081081081081	15.91	0	0.016742005692281937	0.0	0.0	0.0	0.0	0.0	0.0	0.0	0.0
1	0.0	0.0	27	0.0	9.5	0	0.151285930408472	0.0	0.0	0.5	0.0	0.0	0.0	0.0	0.0
2	0.0	0.0	43	0.234375	12.17	0	0.0	0.08517887563884156	0.0	0.0	0.0	0.0	0.0	0.0	0.04258943781942078
0	0.0	0.0	0	0.0	17.51	0	0.29411764705882354	0.0	0.0	0.0	0.0	0.0	0.0	0.0	0.0
1	0.0	0.0	31	0.0	15.42	0	0.02579979360165119	0.0	0.0	0.5	0.0	0.0	0.0	0.0	0.0
2	0.0	0.0	11	0.0576923076923076	16.57	0	0.010309278350515464	0.0	0.0	3.0	0.0	0.0	0.0	0.0	0.0
1	0.0	0.0	1	0.1428571428571428	22.0	0	0.33557046979865773	0.0	0.0	0.0	0.0	0.0	0.0	0.0	0.0
2	0.0	0.0	45	0.0	29.97	0	0.0	0.13531799729364005	0.0	0.0	0.0	0.0	0.0	0.0	0.06765899864682003
1	0.0	0.0	2	0.0	16.12	0	0.3246753246753247	0.0	0.0	0.0	0.0	0.0	0.0	0.0	0.0
0	0.0	0.0	34	0.0212765957446808	6.75	1	0.025342118601115054	1.0309278350515465	0.0	0.9130434782608695	0.0	0.0	0.0	0.025342118601115054	0.0
0	0.0	0.0	50	0.0	13.21	0	0.02900232018561485	0.0	0.0	0.0	0.0	0.0	0.0	0.0	0.0
7	0.0	0.0	30	0.0	14.63	0	0.0	0.04302925989672978	0.0	0.0	0.0	0.0	0.0	0.0	0.04302925989672978
0	0.0	0.0	2	0.0	16.21	0	0.0	0.01316309069369488	0.0	1.0	0.0	0.0	0.0	0.0	0.0
2	1.0	0.5	60	0.0	85.47	0	0.05830903790087464	0.0	0.0	0.0	0.0	0.0	0.0	0.0	0.0
2	0.0	0.0	56	0.0	8.99	0	0.24509803921568626	0.0	0.0	0.0	0.0	0.0	0.0	0.12254901960784313	0.0
1	0.0	0.0	24	0.0	13.42	0	0.23752969121140144	0.0	0.0	0.0	0.0	0.0	0.0	0.0	0.0
1	0.0	0.0	0	0.4545454545454545	15.69	0	0.0	1.2048192771084338	0.0	0.25	0.0	0.0	0.0	0.0	0.0
2	0.0	0.0	4	0.011142061281337	16.68	0	0.0	0.035056967572304996	0.0	0.0	0.0	0.0	0.0	0.0	0.0
0	0.0	0.0	18	0.0	0.0	0	0.1984126984126984	0.0	0.0	0.0	0.0	0.0	0.0	0.0	0.0
0	0.5	0.0	38	0.0	0.0	1	0.8670520231213872	0.4861111111111111	0.125	0.5	0.06944444444444445	0.0	0.5	0.0	0.0
0	0.0	0.0	18	0.0588235294117647	0.0	0	0.0	0.25510204081632654	0.0	0.0	0.0	0.0	0.0	0.0	0.0
0	0.0	0.0	17	0.0	14.21	0	0.07163323782234957	0.0	0.0	0.0	0.0	0.0	0.0	0.0	0.0
4	0.0	0.0	40	0.0388349514563106	15.39	0	0.0	0.0237925291458482	0.0	0.0	0.0	0.0	0.0	0.009936406995230525	0.0
2	0.0	0.0	34	0.0	10.03	0	0.4716981132075471	0.0	0.0	0.0	0.0	0.0	0.0	0.0	0.0
3	0.0	0.0	0	0.0	16.5	0	0.0	0.08818342151675485	0.0	0.0	0.0	0.0	0.0	0.0	0.0
0	0.0	0.0	14	0.0	0.0	0	0.24875621890547267	0.0	0.0	0.5	0.0	0.0	0.0	0.24875621890547267	0.0
4	0.0	0.0	26	0.0	14.78	0	0.019135093761959435	0.0	0.0	0.0	0.0	0.0	0.0	0.0	0.0
0	0.0	0.0	20	0.0	0.0	0	0.28901734104046245	0.0	0.0	0.0	0.0	0.0	0.0	0.0	0.0
5	0.0	0.0	39	0.0434782608695652	9.87	0	0.07042253521126761	0.0	0.0	0.5	0.0	0.0	0.0	0.035211267605633804	0.0
3	0.0	0.0	2	0.05063291139240499	16.49	0	0.11325028312570781	0.0	0.0	1.0	0.0	0.0	0.0	0.0	0.0
0	0.0	0.0	17	0.0	0.0	0	0.7246376811594204	0.0	0.0	0.0	0.0	0.0	0.0	0.7246376811594204	0.0
3	0.0	0.0	30	0.0	5.86	0	5.714285714285714	0.0	0.0	0.0	0.0	0.0	0.0	0.0	0.0
1	0.0	0.0	17	0.0	9.5	0	0.5319148936170213	0.0	0.0	1.0	0.0	0.0	0.0	0.0	0.0
0	0.0	0.0	1	0.4485981308411215	16.51	0	0.24154589371980678	0.0	0.0	0.0	0.0	0.0	0.0	0.0	0.0
0	0.0	0.0	9	0.0	15.28	0	0.0	0.1020408163265306	0.0	1.0	0.0	0.0	0.0	0.0	0.1020408163265306
1	0.0	0.0	35	0.0	14.18	0	0.0	0.07651109410864575	0.0	0.0	0.0	0.0	0.0	0.0	0.03825554705432287
3	0.0	0.0	40	0.0	14.38	0	0.0	0.04814636494944632	0.0	0.0	0.0	0.0	0.0	0.0	0.0
0	0.0	0.0	16	0.0	0.0	0	0.21052631578947367	0.0	0.0	0.0	0.0	0.0	0.0	0.0	0.0
0	0.0	0.0	20	0.0	0.0	1	0.0	0.0	0.0	0.75	0.0	0.0	0.0	0.0	0.0
4	0.0	0.0	6	0.1777777777777777	16.64	0	0.0	0.022727272727272728	1.0	1.0	0.0	0.0	0.0	0.0	0.0
5	0.0	0.0	0	0.0	16.58	0	0.030845157310302282	0.0	0.0	0.0	0.0	0.0	0.0	0.0	0.0
3	0.0	0.0	63	0.0	11.33	0	0.019387359441644048	0.0	0.0	0.0	0.0	0.0	0.0	0.019387359441644048	0.015625
3	0.0	0.0	18	0.1666666666666666	7.16	0	0.1811594202898551	0.0	0.0	0.0	0.0	0.0	0.0	0.0	0.0
0	0.0	0.0	19	0.0	0.0	0	0.8928571428571428	0.0	0.0	0.0	0.0	0.0	0.0	0.0	0.0
4	1.0	0.0	0	0.0	12.58	0	0.0	0.23640661938534277	0.0	0.0	0.0	0.0	0.0	0.0	0.0
1	0.0	0.0	40	0.0	14.7	0	0.024789291026276646	0.0	0.0	0.0	0.0	0.0	0.0	0.024789291026276646	0.0
2	0.0	0.0	2	0.0	16.64	0	0.0	0.05906674542232723	0.0	0.0	0.0	0.0	0.0	0.0	0.0
2	0.0	0.0	53	0.0883534136546184	14.27	0	0.023663038334122102	0.0	0.0	0.0	0.0	0.0	0.0	0.0	0.0
1	0.0	0.0	0	0.2222222222222222	16.56	0	0.0	0.32894736842105265	0.0	0.0	0.0	0.0	0.0	0.0	0.0
2	0.0	0.0	0	0.0	17.38	0	0.0	1.3888888888888888	0.0	0.0	0.0	0.0	0.0	0.0	0.0
6	0.0	0.0	31	0.0	15.67	0	0.011025358324145534	0.0	0.0	0.0	0.0	0.0	0.0	0.0	0.014983518130056939
6	0.0	0.0	22	0.0	8.72	0	0.12468827930174564	0.0	0.0	0.0	0.0	0.0	0.0	0.0	0.0
0	0.5	0.0	30	0.0	0.0	0	0.0	0.13850415512465375	0.0	0.0	0.0	0.0	0.0	0.0	0.0
0	0.5	0.0	19	0.0	0.0	0	0.0	0.27027027027027023	0.0	0.0	0.0	0.0	0.0	0.0	0.13513513513513511
3	0.0	0.0	37	0.0	15.21	0	0.030835646006783842	0.0	0.0	0.0	0.0	0.0	0.0	0.0	0.0
6	0.0	0.0	3	0.0504201680672268	17.14	0	0.0	0.04897159647404505	0.0	1.0	0.0	0.0	0.0	0.0	0.0
5	0.0	0.0	67	0.0	16.43	0	0.3616636528028933	0.08539709649871904	0.0	0.0	0.0	0.0	0.0	0.0	0.0
7	0.0	0.0	45	0.0	14.99	0	0.0	0.021092596498628984	0.0	0.0	0.0	0.0	0.0	0.0	0.0
1	0.0	0.0	0	0.0	17.21	0	0.0	0.24154589371980678	0.0	0.0	0.0	0.0	0.0	0.0	0.0
2	0.0	0.0	0	0.0	16.36	0	0.04812319538017324	0.0	0.0	0.0	0.0	0.0	0.0	0.0	0.0
3	0.0	0.0	4	0.0	16.72	0	0.01989258006763477	0.0	0.0	0.0	0.0	0.0	0.0	0.0	0.0
1	0.0	0.0	38	0.0	14.45	0	0.0	0.03457814661134163	0.0	1.0	0.0	0.0	0.0	0.0	0.0
3	0.0	0.0	43	0.0139860139860139	15.58	0	0.0	0.4098360655737705	0.0	0.0	0.0	0.0	0.0	0.0	0.0
5	0.0	0.0	64	0.25	9.27	0	0.05333333333333334	0.0	0.0	0.0	0.0	0.0	0.0	0.0	0.0
3	0.0	0.0	0	0.0	16.74	0	0.0	0.15552099533437014	0.0	0.0	0.0	0.0	0.0	0.0	0.0
0	0.0	0.0	27	0.0	0.0	0	0.0	0.45454545454545453	0.0	0.0	0.0	0.0	0.0	0.0	0.0
0	0.0	0.0	24	0.0	0.0	0	0.21008403361344538	0.0	0.0	0.0	0.0	0.0	0.0	0.0	0.0
1	0.0	0.0	19	0.0	15.95	0	0.027210884353741496	0.0	0.0	0.0	0.0	0.0	0.0	0.0	0.0
1	0.0	0.0	20	0.0	7.68	0	0.19569471624266144	0.0	0.0	0.0	0.0	0.0	0.0	0.0	0.0
1	0.0	0.0	0	0.1111111111111111	15.92	0	0.0	3.0	0.0	0.0	0.0	0.0	0.0	0.0	0.0
3	0.0	0.0	0	0.0	16.45	0	0.0	0.07434944237918216	0.0	0.0	0.0	0.0	0.0	0.0	0.0
3	0.0	0.0	7	0.0227272727272727	16.66	0	0.06675567423230974	0.0	0.0	3.5	0.0	0.0	0.0	0.03337783711615487	0.0
2	0.0	0.0	2	0.125	16.41	0	0.0	0.4	0.0	0.0	0.0	0.0	0.0	0.0	0.0
0	0.0	0.0	31	0.0	0.0	0	0.0	0.4098360655737705	0.0	0.0	0.0	0.0	0.0	0.0	0.20491803278688525
3	0.5	1.0	26	0.0	33.79	0	0.0	0.04550970873786408	0.0	0.0	0.0	0.0	0.0	0.0	0.01516990291262136
2	0.0	0.0	56	0.010752688172043001	13.38	0	0.0	0.027144408251900107	0.0	0.0	0.0	0.0	0.0	0.0	0.013572204125950053
5	0.0	0.0	60	0.0	12.68	0	0.03337783711615487	0.02817695125387433	0.0	0.0	0.0	0.0	0.0	0.0	0.0
1	0.0	0.0	0	0.0	16.87	0	0.0	0.27932960893854747	0.0	0.0	0.0	0.0	0.0	0.0	0.0
1	0.0	0.0	0	0.3055555555555556	16.33	0	0.0	0.02304147465437788	0.0	2.0	0.0	0.0	0.0	0.0	0.0
0	1.0	0.0	31	0.0444444444444444	0.0	1	0.3496503496503497	0.18315018315018317	0.14285714285714285	1.0	0.061050061050061055	0.0	0.0	0.3496503496503497	0.0
1	0.0	1.0	0	0.0	9.5	0	0.0	0.4	0.0	0.5	0.0	0.0	0.0	0.0	0.0
1	0.0	0.0	15	0.0	9.5	0	0.6756756756756757	0.0	0.0	0.0	0.0	0.0	0.0	0.0	0.0
2	1.0	1.0	42	0.0	23.43	0	0.03369272237196765	0.0	0.0	0.5	0.0	0.0	0.0	0.016846361185983826	0.0
0	0.0	0.0	18	0.0714285714285714	0.0	0	0.20833333333333334	0.0	0.0	0.0	0.0	0.0	0.0	0.0	0.0
3	0.0	0.0	33	0.0	15.38	0	0.0	0.07614213197969544	0.0	0.0	0.0	0.0	0.0	0.0	0.0
5	0.0	0.0	19	0.0	16.3	0	0.0	0.020755500207555	0.0	0.0	0.0	0.0	0.0	0.0	0.0
0	0.0	0.0	26	0.0909090909090909	0.0	0	0.0	0.4132231404958678	0.0	1.0	0.0	0.0	0.0	0.0	0.0
2	0.0	0.0	45	0.0747663551401869	15.0	0	0.0	0.010900370612600829	0.0	1.0	0.0	0.0	0.0	0.0	0.010900370612600829
2	0.0	0.0	40	0.0462427745664739	11.53	0	0.15511892450879008	0.0	0.0	0.75	0.0	0.0	0.0	0.05170630816959669	0.0
1	0.0	1.0	42	0.0	4.0	0	0.03367003367003367	0.0	0.0	0.5	0.0	0.0	0.0	0.06734006734006734	0.0
1	0.0	0.0	31	0.0	6.0	0	0.6134969325153374	0.0	0.0	0.0	0.0	0.0	0.0	0.0	0.0
3	0.0	0.0	35	0.0	6.73	0	0.1736111111111111	0.0	0.0	0.0	0.0	0.0	0.0	0.0	0.0
1	0.0	0.0	23	0.0	7.34	0	0.11135857461024498	0.0	0.0	0.0	0.0	0.0	0.0	0.11135857461024498	0.0
1	0.0	0.0	6	0.0	7.3	0	1.0416666666666667	0.0	0.0	0.0	0.0	0.0	0.0	0.0	0.0
1	0.0	0.0	75	0.1666666666666666	23.5	0	0.2320185614849188	0.0	0.0	0.5	0.0	0.0	0.0	0.0	0.0
0	0.0	0.0	31	0.0	11.93	0	0.0	0.03337783711615487	0.0	2.0	0.0	0.0	0.0	0.0	0.0
1	0.0	0.0	0	0.0	9.5	0	0.0	0.24630541871921185	0.0	0.0	0.0	0.0	0.0	0.0	0.0
1	0.0	0.0	2	0.0	16.23	0	0.04019292604501608	0.0	0.0	0.0	0.0	0.0	0.0	0.0	0.0
1	0.0	0.0	0	0.0	16.72	0	0.0	0.10893246187363835	0.0	0.0	0.0	0.0	0.0	0.0	0.0
2	0.0	0.0	28	0.0	5.68	0	0.0	0.5747126436781609	0.0	0.0	0.0	0.0	0.0	0.0	0.0
3	0.0	0.0	1	0.0666666666666666	16.34	0	0.0	0.0831946755407654	0.0	0.0	0.0	0.0	0.0	0.0	0.0
1	0.0	0.0	26	0.0909090909090909	9.5	0	6.666666666666667	0.0	0.0	0.25	0.0	0.0	0.0	0.0	0.0
4	0.0	0.0	7	0.0077821011673151	16.14	0	0.028943560057887122	0.0	0.0	0.0	0.0	0.0	0.0	0.0	0.0
3	0.0	0.0	0	0.0666666666666666	17.58	0	0.0	0.4132231404958678	0.0	0.0	0.0	0.0	0.0	0.0	0.0
4	0.0	0.0	22	0.0	15.43	0	0.0	0.030330603579011222	0.0	0.0	0.0	0.0	0.0	0.018335166850018337	0.0
6	0.0	0.0	66	0.0091743119266055	13.12	0	0.02207505518763797	0.0	0.0	0.0	0.0	0.0	0.0	0.0	0.0
2	0.0	0.0	14	0.0	15.56	0	0.0	0.27548209366391185	0.0	0.5	0.0	0.0	0.0	0.0	0.13774104683195593
0	0.0	0.0	18	0.0689655172413793	0.0	0	0.15015015015015015	0.0	0.0	0.0	0.0	0.0	0.0	0.0	0.0
1	0.0	0.0	30	0.0	9.5	0	0.3333333333333333	0.0	0.0	0.0	0.0	0.0	0.0	0.0	0.0
0	0.0	0.0	19	0.0	0.0	0	0.17857142857142858	0.0	0.0	0.0	0.0	0.0	0.0	0.0	0.0
0	0.0	0.0	70	0.0	0.0	0	0.0	0.3333333333333333	0.0	0.0	0.0	0.0	0.0	0.0	0.0
4	0.0	0.0	43	0.0	14.77	0	0.0591715976331361	0.0	0.0	0.0	0.0	0.0	0.0	0.0	0.012303149606299212
2	0.0	0.0	0	0.0	16.02	0	0.0	0.018910741301059	0.0	0.0	0.0	0.0	0.0	0.0	0.0
1	0.0	0.0	0	0.0	16.72	0	0.0	0.10141987829614606	0.0	0.0	0.0	0.0	0.0	0.0	0.0
2	0.0	0.0	40	0.0	15.37	0	0.04807692307692307	0.0	0.0	0.5	0.0	0.0	0.0	0.024038461538461536	0.0
0	0.0	0.0	23	0.0	15.73	0	0.0	0.015590894917368257	0.0	0.0	0.0	0.0	0.0	0.0	0.0
1	0.0	0.0	64	0.0	9.5	0	0.8474576271186441	0.0	0.0	0.0	0.0	0.0	0.0	0.0	0.0
0	0.0	0.0	13	0.0	0.0	1	0.0	0.0	0.0	0.5	0.0	0.0	0.0	0.0	0.0
1	0.0	0.0	17	0.0	9.5	0	0.07662835249042145	0.0	0.0	0.0	0.0	0.0	0.0	0.0	0.0
0	0.0	0.0	39	0.0449438202247191	15.04	0	0.11210762331838565	0.0	0.0	0.5	0.0	0.0	0.0	0.0	0.0
1	0.0	0.0	0	0.0	16.23	0	0.0	0.02402691013935608	0.0	0.0	0.0	0.0	0.0	0.0	0.0
1	0.0	1.0	44	0.064	1.41	0	0.0	0.036297640653357534	0.0	0.0	0.0	0.0	0.0	0.02895193977996526	0.0
1	0.0	1.0	47	0.0844155844155844	12.72	1	0.27427317608337903	0.5959982971477225	0.0	0.5263157894736842	0.0	0.0	0.0	0.19199122325836532	0.4895700297999149
2	1.0	0.0	60	0.0	24.66	1	0.46439628482972134	0.0	0.0	0.9166666666666666	0.0	0.0	0.0	0.0	0.058823529411764705
0	0.0	0.0	48	0.0	13.68	0	0.013061650992685475	0.0	0.0	2.0	0.0	0.0	0.0	0.0	0.026288117770767613
3	0.0	0.0	41	0.0	14.24	0	0.0	0.031595576619273306	0.0	0.0	0.0	0.0	0.0	0.03409478349812479	0.0
3	0.0	1.0	19	0.0	11.99	0	0.0	0.08097165991902834	0.0	0.0	0.0	0.0	0.0	0.0	0.08097165991902834
1	0.0	0.0	0	0.0341880341880341	16.3	0	0.0	0.04120313143798929	0.0	0.5	0.0	0.0	0.0	0.0	0.0
1	0.0	0.0	0	0.0666666666666666	17.37	0	0.0	0.5847953216374269	0.0	0.0	0.0	0.0	0.0	0.0	0.0
0	0.0	0.0	35	0.0	0.0	0	0.0	0.29239766081871343	0.0	0.0	0.0	0.0	0.0	0.0	0.0
1	0.0	0.3333333333333333	22	0.0	13.0	0	0.0	0.06009615384615384	0.0	0.0	0.0	0.0	0.0	0.0	0.0
1	0.0	0.0	5	0.0833333333333333	8.5	0	0.0	0.1798561151079137	0.0	0.0	0.0	0.0	0.0	0.0	0.0
2	0.0	0.0	30	0.0196078431372549	11.04	0	0.0	0.11061946902654868	0.0	0.0	0.0	0.0	0.0	0.0	0.0
0	0.0	0.0	21	0.0	0.0	0	0.0	0.20920502092050208	0.0	1.0	0.0	0.0	0.0	0.0	0.0
0	0.0	0.0	28	0.3846153846153846	0.0	0	0.0	0.4	0.0	0.0	0.0	0.0	0.0	0.0	0.0
0	0.0	0.0	16	0.0	15.35	0	0.14367816091954025	0.0	0.0	0.0	0.0	0.0	0.0	0.0	0.0
1	0.0	0.0	45	0.0	8.95	0	0.07097232079488999	0.0	0.0	2.5	0.0	0.0	0.0	0.0	0.03918495297805643
0	0.0	0.0	47	0.0	13.13	0	0.0	0.03938558487593541	0.0	0.5	0.0	0.0	0.0	0.03480682213713888	0.0
4	0.0	0.0	45	0.0078431372549019	14.95	0	0.0	0.02765486725663717	0.0	0.0	0.0	0.0	0.0	0.0	0.013827433628318585
2	0.0	0.0	0	0.0264900662251655	16.66	0	0.0	0.11435105774728417	0.0	0.25	0.0	0.0	0.0	0.0	0.0
2	0.0	0.0	42	0.1878172588832487	11.89	0	0.06793478260869565	0.0	0.0	0.0	0.0	0.0	0.0	0.06793478260869565	0.0
1	0.0	0.0	34	0.0	5.26	0	0.4132231404958678	0.0	0.0	0.5	0.0	0.0	0.0	0.2066115702479339	0.0
1	0.0	0.0	39	0.0	12.51	0	0.0	0.054229934924078085	0.0	0.0	0.0	0.0	0.0	0.0	0.0
4	0.0	0.0	2	0.0	16.63	0	0.0	0.24154589371980678	0.0	0.0	0.0	0.0	0.0	0.0	0.0
1	0.0	0.0	0	0.0	10.0	0	0.0	0.06920415224913495	0.0	0.0	0.0	0.0	0.0	0.0	0.0
1	0.0	0.0	30	0.0	10.8	0	0.0	0.07507507507507508	0.0	0.5	0.0	0.0	0.0	0.04215851602023609	0.0
0	0.0	0.0	55	0.0	36.64	0	0.05950019833399445	0.0	0.0	0.0	0.0	0.0	0.0	0.0	0.0
1	0.0	0.0	0	0.0	17.27	0	0.0	1.923076923076923	0.0	0.0	0.0	0.0	0.0	0.0	0.0
1	0.0	0.0	39	0.0769230769230769	5.66	0	0.0	0.12091898428053205	0.0	0.0	0.0	0.0	0.0	0.0	0.12091898428053205
1	0.0	0.0	21	0.0	8.01	0	0.04952947003467063	0.0	0.0	0.0	0.0	0.0	0.0	0.04952947003467063	0.0
2	0.0	0.0	33	0.0	14.27	0	0.0	0.0999000999000999	0.0	0.0	0.0	0.0	0.0	0.0	0.0
1	0.0	0.0	0	0.0	16.85	0	0.0	0.35714285714285715	0.0	0.0	0.0	0.0	0.0	0.0	0.0
2	0.0	0.0	44	0.0	15.52	0	0.016854879487611663	0.0	0.0	0.0	0.0	0.0	0.0	0.0	0.0
0	0.0	0.0	41	0.0	0.0	0	0.0	0.05643340857787811	0.0	0.0	0.0	0.0	0.0	0.0	0.0
2	1.0	0.0	5	0.0	7.71	0	0.0	0.5928853754940712	0.0	0.0	0.0	0.0	0.0	0.0	0.0
1	0.0	0.0	0	0.0096153846153846	16.54	0	0.0	0.029411764705882353	0.0	0.0	0.0	0.0	0.0	0.0	0.0
1	0.0	0.0	52	0.0	9.5	0	1.282051282051282	0.0	0.0	0.0	0.0	0.0	0.0	0.0	0.0
3	0.0	0.0	66	0.0	11.03	0	0.046707146193367584	0.0	0.0	0.5	0.0	0.0	0.0	0.0	0.0
1	0.0	0.0	34	0.0	5.33	0	0.5050505050505051	0.0	0.0	0.0	0.0	0.0	0.0	0.0	0.0
4	0.0	0.0	40	0.0	15.29	0	0.0	0.016488046166529265	0.0	0.0	0.0	0.0	0.0	0.0	0.0
7	0.0	0.0	25	0.2977099236641221	15.55	0	0.016202203499675955	0.0	0.0	2.0	0.0	0.0	0.0	0.03240440699935191	0.0
2	0.0	0.0	25	0.1510416666666666	15.84	0	0.0223463687150838	0.0	0.0	1.0	0.0	0.0	0.0	0.0	0.0
1	0.0	0.0	0	0.0	17.91	0	0.0	0.18518518518518517	0.0	3.0	0.0	0.0	0.0	0.0	0.0
1	0.0	0.0	49	0.0352941176470588	13.3	0	0.03215434083601286	0.0	0.0	0.0	0.0	0.0	0.0	0.03215434083601286	0.0
7	0.0	0.0	30	0.0952380952380952	14.65	0	0.023009664058904738	0.0	0.0	0.0	0.0	0.0	0.0	0.0	0.0
3	0.0	0.0	40	0.0	13.41	0	0.0	0.038804811796662786	0.0	1.0	0.0	0.0	0.0	0.0	0.0
1	0.0	0.0	41	0.0	17.44	0	0.0	0.15552099533437014	0.0	0.0	0.0	0.0	0.0	0.0	0.07776049766718507
5	1.0	0.5	48	0.0	15.16	0	0.0	0.035650623885918005	0.0	0.0	0.0	0.0	0.0	0.0	0.035650623885918005
3	0.0	0.0	14	0.0	22.39	0	0.037257824143070044	0.0	0.0	0.0	0.0	0.0	0.0	0.0	0.0
5	0.0	0.0	40	0.0	15.35	0	0.020391517128874388	0.0	0.0	0.0	0.0	0.0	0.0	0.050978792822185974	0.0
2	0.0	0.0	0	0.0	13.6	0	0.03861003861003861	0.0	0.0	0.0	0.0	0.0	0.0	0.0	0.0
1	0.0	0.0	18	0.0	8.67	0	0.19493177387914232	0.0	0.0	0.0	0.0	0.0	0.0	0.0	0.0
2	0.0	0.0	22	0.0	4.79	0	2.5	0.0	0.0	0.0	0.0	0.0	0.0	0.0	0.0
1	0.0	0.0	25	0.0	15.83	0	0.0	0.037064492216456635	0.0	0.5	0.0	0.0	0.0	0.0	0.0
1	0.0	0.0	0	0.0	10.5	0	0.0	0.2145922746781116	0.0	0.5	0.0	0.0	0.0	0.0	0.0
1	1.0	1.0	38	0.0	45.77	0	0.040160642570281124	0.05977286312014345	0.0	0.0	0.0	0.0	0.0	0.020080321285140562	0.0
2	0.0	0.0	29	0.1478873239436619	14.67	0	0.0	0.01490312965722802	0.0	1.0	0.0	0.0	0.0	0.0	0.0
1	1.0	0.5	37	0.03125	155.64	0	0.794701986754967	0.0	0.0	0.6666666666666666	0.0	0.0	0.0	0.0	0.0
1	0.0	0.0	16	0.0909090909090909	9.5	0	0.3246753246753247	0.0	0.0	0.0	0.0	0.0	0.0	0.0	0.0
1	0.0	0.0	20	0.0	15.61	0	0.033046926635822864	0.0	0.0	0.0	0.0	0.0	0.0	0.033046926635822864	0.0
1	0.0	1.0	33	0.017391304347826	13.7	0	0.08278145695364239	0.0	0.0	5.0	0.0	0.0	0.0	0.0	0.0
1	0.0	0.0	0	0.0	16.54	0	0.0	0.20576131687242796	0.0	0.0	0.0	0.0	0.0	0.0	0.0
1	0.0	0.0	0	0.0	10.0	0	0.0	0.18315018315018314	0.0	0.5	0.0	0.0	0.0	0.0	0.0
1	0.0	0.0	32	0.0559440559440559	19.33	0	0.0	0.06381620931716656	0.0	0.0	0.0	0.0	0.0	0.0	0.0
1	0.0	0.0	0	0.0	9.5	0	0.0	0.35335689045936397	0.0	0.0	0.0	0.0	0.0	0.0	0.0
1	0.0	0.0	0	0.4488188976377952	16.42	0	0.2808988764044944	0.0	0.0	3.0	0.0	0.0	0.0	0.0	0.0
4	0.0	0.0	0	0.10869565217391301	20.37	0	0.0	0.061162079510703356	0.0	0.0	0.0	0.0	0.0	0.0	0.0
0	0.0	0.0	0	0.0	16.24	0	0.040032025620496396	0.0	0.0	2.0	0.0	0.0	0.0	0.0	0.0
2	0.0	0.0	16	0.0	26.39	0	0.08726003490401396	0.0	0.0	0.0	0.0	0.0	0.0	0.0	0.0
2	0.0	0.0	45	0.0	7.93	0	0.2	0.0	0.0	0.0	0.0	0.0	0.0	0.0	0.0
1	0.0	0.0	2	0.0	16.2	0	0.12919896640826872	0.0	0.0	0.0	0.0	0.0	0.0	0.0	0.0
2	0.0	0.0	50	0.0	13.46	0	0.0	0.047125353440150806	0.0	0.0	0.0	0.0	0.0	0.0	0.0
1	0.0	0.0	61	0.0	8.51	0	0.1485884101040119	0.0	0.0	0.25	0.0	0.0	0.0	0.0	0.0
2	0.0	0.0	0	0.0416666666666666	16.66	0	0.0	0.1953125	0.0	0.0	0.0	0.0	0.0	0.0	0.0
5	0.0	0.0	26	0.065040650406504	16.29	0	0.0	0.025746652935118432	0.0	0.0	0.0	0.0	0.0	0.0	0.0
3	1.0	1.0	53	0.0	31.1	0	0.20161290322580647	0.0	0.0	0.25	0.0	0.0	0.0	0.0	0.0
0	0.0	0.0	32	0.5789473684210527	0.0	0	0.0	1.923076923076923	0.0	0.0	0.0	0.0	0.0	0.0	0.0
0	0.0	0.0	17	0.0	0.0	0	0.09328358208955223	0.0	0.0	0.0	0.0	0.0	0.0	0.09328358208955223	0.0
1	1.0	0.0	18	0.0843373493975903	19.0	0	0.0	0.111731843575419	0.0	0.0	0.0	0.0	0.0	0.0	0.111731843575419
3	1.0	1.0	3	0.0	9.06	0	0.07892659826361484	0.0	0.0	0.5	0.0	0.0	0.0	0.0	0.0
7	0.0	1.0	34	0.0	22.5	0	0.020475020475020474	0.0	0.0	0.0	0.0	0.0	0.0	0.0	0.0
2	0.0	0.0	7	0.125	15.16	0	0.23148148148148145	0.0	0.0	1.0	0.0	0.0	0.0	0.0	0.0
2	0.0	0.0	0	0.3142857142857143	16.69	0	0.33444816053511706	0.0	0.0	0.0	0.0	0.0	0.0	0.0	0.0
1	0.0	0.0	18	0.0	14.95	0	0.06527415143603132	0.0	0.0	0.0	0.0	0.0	0.0	0.06527415143603132	0.0
3	0.0	1.0	0	0.0	27.26	0	0.0	0.0823045267489712	0.0	0.0	0.0	0.0	0.0	0.0	0.0
1	0.0	0.0	7	0.0357142857142857	16.49	0	0.04338394793926247	0.0	0.0	0.5	0.0	0.0	0.0	0.0	0.0
2	1.0	0.0	39	0.0	20.4	1	0.45413260672116257	1.1306532663316582	0.0	0.5892857142857143	0.0	0.0	0.0	0.31789282470481384	0.0
1	0.0	0.0	34	0.0	21.0	0	0.06180469715698393	0.0	0.0	0.5	0.0	0.0	0.0	0.030902348578491966	0.0
6	0.0	0.0	15	0.0	15.75	0	0.0	0.031113876789047916	0.0	0.5	0.0	0.0	0.0	0.0	0.0
0	0.0	0.0	17	0.0	0.0	0	3.846153846153846	0.0	0.0	0.0	0.0	0.0	0.0	0.0	0.0
4	0.0	0.0	48	0.0	15.7	0	0.0	0.012278978388998036	0.0	0.0	0.0	0.0	0.0	0.0	0.0
2	0.0	0.0	2	0.2222222222222222	24.25	0	0.31545741324921134	0.0	0.0	0.0	0.0	0.0	0.0	0.0	0.0
0	0.0	0.0	51	0.0	15.34	0	0.0	0.008210180623973728	0.0	0.0	0.0	0.0	0.0	0.0	0.0
0	0.0	0.0	30	0.0	15.4	0	0.0299311583358276	0.0	0.0	0.0	0.0	0.0	0.0	0.0	0.0
0	0.0	0.0	0	0.0	16.71	0	0.0	0.3	0.0	0.0	0.0	0.0	0.0	0.0	0.0
3	0.0	0.0	32	0.0	5.98	0	0.47619047619047616	0.0	0.0	0.0	0.0	0.0	0.0	0.0	0.0
1	0.0	0.0	0	0.0	9.5	0	0.0	0.23809523809523808	0.0	0.0	0.0	0.0	0.0	0.0	0.0
2	0.0	0.0	2	0.0	16.75	0	0.3676470588235294	0.0	0.0	0.0	0.0	0.0	0.0	0.0	0.0
10	0.0	0.0	31	0.0	15.77	0	0.0	0.016644474034620507	0.0	0.0	0.0	0.0	0.0	0.018460402436773122	0.008322237017310254
1	0.0	0.0	23	0.559322033898305	7.98	0	0.0	0.11737089201877934	0.0	0.5	0.0	0.0	0.0	0.2347417840375587	0.0
4	0.0	0.0	37	0.0092592592592592	14.92	0	0.02579979360165119	0.0	0.0	0.5	0.0	0.0	0.0	0.0	0.0
0	0.0	0.0	18	0.0	0.0	0	0.0	0.0778816199376947	0.0	0.5	0.0	0.0	0.0	0.0	0.0
1	0.0	0.0	27	0.0	9.47	0	0.2976190476190476	0.0	0.0	0.25	0.0	0.0	0.0	0.0	0.0
2	0.0	0.0	30	0.0	5.91	0	0.0	0.20491803278688525	0.0	0.0	0.0	0.0	0.0	0.0	0.20491803278688525
1	0.0	0.0	1	0.0	16.26	0	0.04906771344455348	0.0	0.0	0.0	0.0	0.0	0.0	0.0	0.0
7	0.0	0.0	38	0.0	13.97	0	0.019201228878648235	0.0	0.0	0.0	0.0	0.0	0.0	0.0	0.0
3	0.0	0.0	77	0.0	7.16	0	0.0	0.038669760247486466	0.0	3.0	0.0	0.0	0.0	0.0	0.0
0	0.0	1.0	16	0.1818181818181818	0.0	1	3.658536585365854	0.0	0.0	1.0	0.0	0.0	0.0	0.0	0.0
0	0.0	0.0	17	0.0	0.0	0	0.6944444444444444	0.0	0.0	0.0	0.0	0.0	0.0	0.6944444444444444	0.0
0	0.0	0.0	34	0.0161290322580645	13.97	0	0.11160714285714285	0.0	0.0	0.0	0.0	0.0	0.0	0.055803571428571425	0.0
2	0.0	0.0	0	0.0	16.73	0	0.034831069313827935	0.0	0.0	0.0	0.0	0.0	0.0	0.0	0.0
1	1.0	0.0	2	0.0606060606060606	23.5	0	0.0	0.046511627906976744	0.0	0.5	0.0	0.0	0.0	0.0	0.0
18	0.0	0.0	43	0.0117647058823529	15.73	0	0.048046124279308135	0.0	0.0	0.3333333333333333	0.0	0.0	0.0	0.0	0.0
1	0.0	0.0	0	0.1851851851851851	16.73	0	0.027808676307007785	0.0	0.0	4.0	0.0	0.0	0.0	0.0	0.0
1	0.0	0.0	18	0.1	15.0	0	0.0	0.2252252252252252	0.0	0.0	0.0	0.0	0.0	0.0	0.2252252252252252
3	0.0	0.0	35	0.0	16.02	0	0.0	0.011125945705384959	0.0	1.0	0.0	0.0	0.0	0.0	0.011125945705384959
1	0.0	0.0	0	0.0	10.0	0	0.0	0.7751937984496123	0.0	0.0	0.0	0.0	0.0	0.0	0.0
4	0.0	0.0	4	0.1065989847715736	16.03	0	0.05078720162519045	0.0	0.0	0.5	0.0	0.0	0.0	0.0	0.0
0	1.0	0.0	33	0.0	0.0	1	0.4854368932038835	0.47554347826086957	0.07692307692307693	0.6923076923076923	0.06793478260869565	0.0	1.0	0.16181229773462785	0.0
0	0.0	1.0	20	0.0	0.0	0	0.2222222222222222	0.0	0.0	0.0	0.0	0.0	0.0	0.0	0.0
1	0.0	0.0	0	0.0	9.5	0	0.0	0.3597122302158274	0.0	0.0	0.0	0.0	0.0	0.0	0.0
2	0.5	1.0	52	0.0245398773006134	25.82	0	0.1072961373390558	0.0	0.0	0.0	0.0	0.0	0.0	0.1072961373390558	0.0
0	1.0	1.0	33	0.0771704180064308	31.3	0	0.0	0.04928536224741252	0.0	0.6666666666666666	0.0	0.0	0.0	0.0	0.0
0	0.0	0.0	15	0.0	0.0	1	0.0	0.6676557863501483	0.0	0.4444444444444444	0.0	0.0	0.0	0.0	0.0
5	0.0	0.0	22	0.0	15.88	0	0.024582104228121928	0.0	0.0	0.5	0.0	0.0	0.0	0.0	0.0
4	0.0	0.0	33	0.0	15.37	0	0.0	0.01707067258449983	0.0	0.0	0.0	0.0	0.0	0.0	0.0
0	0.0	0.0	1	0.4354066985645933	0.0	0	0.0	0.07407407407407407	1.0	1.0	0.0	0.0	0.0	0.0	0.0
2	0.0	0.0	7	0.0	10.96	0	0.0	1.004016064257028	0.0	0.0	0.0	0.0	0.0	0.0	0.0
1	0.0	0.0	46	0.2307692307692307	5.13	0	2.5210084033613445	0.0	0.0	0.0	0.0	0.0	0.0	0.0	0.0
2	0.0	0.0	2	0.0	16.66	0	0.0	0.1272264631043257	0.0	0.0	0.0	0.0	0.0	0.0	0.0
1	0.0	0.0	22	0.0	16.48	0	0.010683760683760684	0.0	0.0	0.0	0.0	0.0	0.0	0.0	0.0
1	0.0	0.0	61	0.0	4.66	0	0.49019607843137253	0.0	0.0	0.0	0.0	0.0	0.0	0.0	0.0
0	0.0	0.0	19	0.1505376344086021	0.0	0	0.0	0.034352456200618345	0.0	0.0	0.0	0.0	0.0	0.0	0.0
0	0.0	0.0	17	0.0	0.0	0	0.39370078740157477	0.0	0.0	0.0	0.0	0.0	0.0	0.0	0.0
1	0.0	0.0	33	0.0	15.02	0	0.03253090435914119	0.0	0.0	0.0	0.0	0.0	0.0	0.0	0.0
2	0.0	0.0	31	0.0	15.12	0	0.0	0.07535795026375283	0.0	0.0	0.0	0.0	0.0	0.0	0.018839487565938208
6	0.0	0.0	47	0.0	15.13	0	0.01036699149906697	0.0	0.0	1.0	0.0	0.0	0.0	0.05183495749533486	0.0
0	0.0	0.0	0	0.0	17.32	0	0.0	0.4347826086956522	0.0	0.0	0.0	0.0	0.0	0.0	0.0
2	0.0	0.0	0	0.0	16.31	0	0.0	0.12195121951219513	0.0	0.0	0.0	0.0	0.0	0.0	0.0
2	0.0	0.0	48	0.2230769230769231	10.84	0	0.03868471953578336	0.0	0.0	0.0	0.0	0.0	0.0	0.0	0.04145936981757877
1	0.0	0.0	2	0.0	16.21	0	0.0	0.020695364238410598	0.0	0.0	0.0	0.0	0.0	0.0	0.0
3	0.0	0.0	48	0.0	12.64	0	0.041254125412541254	0.0	0.0	0.0	0.0	0.0	0.0	0.0	0.0
1	0.0	0.0	10	0.0350877192982456	50.66	1	0.0	0.790513833992095	0.0	1.25	0.0	0.0	0.0	0.0	0.790513833992095
5	0.0	0.0	33	0.0	15.89	0	0.01830831197363603	0.0	0.0	0.0	0.0	0.0	0.0	0.009154155986818015	0.0
2	0.0	0.0	68	0.1666666666666666	4.69	0	0.0	0.6666666666666666	1.0	0.0	0.0	0.0	0.0	0.0	0.0
1	0.0	0.0	2	0.0	7.54	0	0.0	0.09765625	0.0	0.0	0.0	0.0	0.0	0.0	0.0
3	0.0	0.0	45	0.0136518771331058	15.68	0	0.007390983000739097	0.0	0.0	0.0	0.0	0.0	0.0	0.0	0.011228385358185492
1	0.0	0.0	14	0.0	9.5	0	0.29069767441860467	0.0	0.0	0.0	0.0	0.0	0.0	0.0	0.0
1	0.0	0.0	0	0.0	17.12	0	0.0	0.21551724137931036	0.0	0.0	0.0	0.0	0.0	0.0	0.0
1	0.0	1.0	0	0.0	11.31	0	0.0	0.07961783439490445	0.0	0.0	0.0	0.0	0.0	0.0	0.0
1	0.0	0.0	19	0.0	14.22	0	0.08547008547008547	0.0	0.0	0.0	0.0	0.0	0.0	0.0	0.0
0	0.0	0.0	50	0.04	0.0	1	0.5847953216374269	0.0	0.0	0.875	0.0	0.0	0.0	0.4385964912280702	0.0
1	0.0	0.0	0	0.0	17.29	0	0.0	0.4716981132075471	0.0	0.5	0.0	0.0	0.0	0.0	0.0
0	0.0	0.0	38	0.0095238095238095	14.94	0	0.0	0.021720243266724587	0.0	0.0	0.0	0.0	0.0	0.0	0.0
4	0.0	0.0	30	0.0	15.41	0	0.0	0.09704027171276079	0.0	0.0	0.0	0.0	0.0	0.0	0.0
5	0.0	0.0	42	0.0	14.91	0	0.0	0.04459308807134894	0.0	0.0	0.0	0.0	0.0	0.014480162177816391	0.0
2	0.0	0.0	2	0.0	16.4	0	0.684931506849315	0.0	0.0	0.5	0.0	0.0	0.0	0.0	0.0
3	0.0	0.0	63	0.0	13.06	0	0.030807147258163893	0.0	0.0	0.5	0.0	0.0	0.0	0.0	0.0
2	0.0	0.0	30	0.12	10.43	1	0.03926187671770711	1.016260162601626	0.0	0.5	0.0	0.0	0.0	0.03926187671770711	0.7113821138211383
2	0.0	0.0	7	0.1818181818181818	20.4	0	0.0	0.275735294117647	0.0	0.0	0.0	0.0	0.0	0.0	0.0
8	0.0	0.0	43	0.0	16.28	0	0.010054293183189223	0.0	0.0	0.0	0.0	0.0	0.0	0.0	0.006598917777484493
2	0.0	0.0	17	0.0	12.03	0	0.0	0.28735632183908044	0.0	0.0	0.0	0.0	0.0	0.0	0.0
2	0.0	0.0	37	0.0	15.82	0	0.1890359168241966	0.0	0.0	0.0	0.0	0.0	0.0	0.0	0.0
0	0.0	0.0	36	0.0	0.0	0	0.2577319587628866	0.0	0.0	0.0	0.0	0.0	0.0	0.0	0.0
1	0.0	0.0	1	0.0512820512820512	16.79	0	0.0	0.14641288433382138	0.0	1.0	0.0	0.0	0.0	0.0	0.0
4	0.0	0.0	74	0.0	12.13	0	0.0	0.03581661891117478	0.0	0.0	0.0	0.0	0.0	0.0	0.0
0	0.0	1.0	31	0.0	0.0	0	0.06402048655569782	0.0	0.0	0.0	0.0	0.0	0.0	0.0	0.0
1	0.0	0.0	0	0.0298507462686567	16.59	0	0.0	0.046970408642555195	0.0	0.0	0.0	0.0	0.0	0.0	0.0
0	0.0	0.0	17	0.0	0.0	0	0.20576131687242796	0.0	0.0	0.0	0.0	0.0	0.0	0.0	0.0
2	0.0	0.0	0	0.0	18.87	0	0.0	0.01907668828691339	0.0	0.0	0.0	0.0	0.0	0.0	0.0
1	0.0	0.0	15	0.0	9.46	0	0.25252525252525254	0.0	0.0	0.0	0.0	0.0	0.0	0.0	0.0
0	0.0	0.0	19	0.2051282051282051	0.0	0	0.04935834155972359	0.0	0.0	0.0	0.0	0.0	0.0	0.0	0.0
4	0.0	0.0	47	0.0	6.38	0	0.23696682464454977	0.0	0.0	0.5	0.0	0.0	0.0	0.0	0.0
1	0.0	0.0	66	0.0555555555555555	5.18	0	0.0	0.7692307692307693	0.0	0.0	0.0	0.0	0.0	0.0	0.0
1	0.5	1.0	18	0.03125	24.0	0	0.0	0.035248501938667604	0.0	0.0	0.0	0.0	0.0	0.0	0.017624250969333802
0	0.0	0.0	48	0.0	0.0	0	0.22371364653243847	0.3076923076923077	0.0	0.0	0.0	0.0	0.0	0.0	0.0
0	0.0	0.0	26	0.0222222222222222	0.0	0	0.0	0.03912363067292645	0.0	0.0	0.0	0.0	0.0	0.0	0.0
0	1.0	0.0	18	0.0	0.0	0	0.0	0.20604395604395603	0.0	0.3333333333333333	0.0	0.0	0.0	0.0	0.0
2	0.0	0.0	49	0.0	5.86	0	0.0	1.1857707509881423	0.0	0.16666666666666666	0.0	0.0	0.0	0.0	0.0
3	0.0	0.0	74	0.0	10.16	0	0.0	0.034223134839151265	0.0	0.0	0.0	0.0	0.0	0.0	0.0
1	0.0	0.0	43	0.0	6.65	0	0.0	0.14084507042253522	0.0	0.0	0.0	0.0	0.0	0.0	0.0
3	0.0	0.0	42	0.0	16.02	0	0.0	0.007349698662354844	0.0	0.0	0.0	0.0	0.0	0.0	0.0
3	0.0	0.0	3	0.0	16.11	0	0.0	0.03834355828220859	0.0	1.0	0.0	0.0	0.0	0.0	0.0
16	0.0	0.0	65	0.0	4.91	0	0.0	0.6172839506172839	0.0	0.5	0.0	0.0	0.0	0.0	0.0
2	0.0	0.0	1	0.2009345794392523	16.04	0	0.0	0.02135383301302584	0.0	1.0	0.0	0.0	0.0	0.0	0.0
3	0.0	0.0	2	0.0178571428571428	16.11	0	0.06361323155216285	0.0	0.0	0.5	0.0	0.0	0.0	0.0	0.0
3	0.0	0.0	16	0.0	16.44	0	0.0	0.03125	0.0	0.0	0.0	0.0	0.0	0.0	0.0
0	0.0	0.0	4	0.3114754098360656	0.0	0	0.1020408163265306	0.0	0.0	1.0	0.0	0.0	0.0	0.0	0.0
5	0.0	0.0	40	0.0166666666666666	13.06	0	0.046598322460391424	0.0	0.0	0.5	0.0	0.0	0.0	0.0	0.0
1	1.0	0.0	31	0.0	15.08	0	0.0	0.30959752321981426	0.0	0.0	0.0	0.0	0.0	0.0	0.0
1	0.0	0.0	0	0.0206185567010309	16.76	0	0.0	0.13297872340425532	0.0	0.0	0.0	0.0	0.0	0.0	0.0
1	0.0	0.0	0	0.0	17.25	0	0.0	1.1363636363636365	0.0	0.0	0.0	0.0	0.0	0.0	0.0
2	0.0	0.0	0	0.0	16.72	0	0.0	0.011412919424788861	0.0	0.0	0.0	0.0	0.0	0.0	0.0
4	0.0	0.0	0	0.0084745762711864	16.24	0	0.0	0.03215434083601286	0.0	0.0	0.0	0.0	0.0	0.0	0.0
0	0.0	0.0	23	0.2	0.0	0	0.5434782608695652	0.0	0.0	0.0	0.0	0.0	0.0	0.0	0.0
7	0.0	0.0	43	0.0	11.47	0	0.020712510356255178	0.0	0.0	0.0	0.0	0.0	0.0	0.0	0.0
0	0.0	1.0	46	0.0	11.46	1	0.0	1.5151515151515151	0.0	0.3333333333333333	0.0	0.0	0.0	0.0	0.3787878787878788
4	0.0	0.0	22	0.0	15.76	0	0.0	0.07352941176470588	0.0	0.0	0.0	0.0	0.0	0.0	0.0
0	0.0	0.0	45	0.0	15.08	0	0.022893772893772892	0.0	0.0	0.0	0.0	0.0	0.0	0.011446886446886446	0.0
4	0.5	0.5	0	0.0	22.57	0	0.04151100041511	0.0	0.0	0.0	0.0	0.0	0.0	0.0	0.0
4	0.0	0.0	38	0.0	15.36	0	0.0	0.015151515151515152	0.0	0.5	0.0	0.0	0.0	0.010813148788927335	0.0
1	0.0	0.0	17	0.0	9.5	0	0.2747252747252747	0.0	0.0	0.0	0.0	0.0	0.0	0.0	0.0
2	0.0	0.0	18	0.0	8.34	0	0.18656716417910446	0.0	0.0	0.0	0.0	0.0	0.0	0.0	0.0
0	0.0	0.0	18	0.0	0.0	0	0.0	0.06587615283267458	0.0	0.0	0.0	0.0	0.0	0.0	0.0
4	0.3333333333333333	1.0	22	0.05063291139240499	26.72	0	0.0	0.020751193193608634	0.0	0.0	0.0	0.0	0.0	0.0	0.0
1	0.0	1.0	39	0.0	34.99	0	0.11210762331838565	0.0	0.0	0.5	0.0	0.0	0.0	0.0	0.0
0	0.0	0.5	48	0.0	0.0	0	0.05399568034557235	0.0	0.0	0.0	0.0	0.0	0.0	0.0	0.0
0	0.0	0.0	2	0.1450381679389313	16.3	0	0.10723860589812333	0.0	0.0	0.25	0.0	0.0	0.0	0.0	0.0
0	0.0	0.0	2	0.0	16.67	0	0.0511770726714432	0.0	0.0	1.0	0.0	0.0	0.0	0.0	0.0
1	0.0	0.0	31	0.0074626865671641	10.56	1	0.13687915526007038	0.7194244604316548	0.0	0.5517241379310345	0.0	0.0	0.0	0.019554165037152915	0.0
1	0.0	0.3333333333333333	19	0.0	3.3	0	0.0	0.057175528873642086	0.0	0.0	0.0	0.0	0.0	0.0	0.0
0	0.0	0.0	18	0.3333333333333333	0.0	0	0.0	1.2195121951219512	0.0	0.0	0.0	0.0	0.0	0.0	1.2195121951219512
4	0.0	0.0	43	0.0	13.47	0	0.10224948875255624	0.0	0.0	0.0	0.0	0.0	0.0	0.10224948875255624	0.0
4	0.0	0.0	22	0.0	15.92	0	0.0	0.030303030303030304	0.0	0.0	0.0	0.0	0.0	0.0	0.0
1	0.0	0.0	55	0.0	12.04	0	0.035701535166012134	0.0	0.0	1.0	0.0	0.0	0.0	0.0	0.0
3	0.0	0.0	49	0.5243902439024389	6.86	0	0.3105590062111801	0.0	0.0	0.0	0.0	0.0	0.0	0.15527950310559005	0.0
3	0.0	0.0	16	0.0	6.82	0	0.37037037037037035	0.0	0.0	0.0	0.0	0.0	0.0	0.0	0.0
2	0.0	0.0	42	0.0	13.87	0	0.03531073446327684	0.0	0.0	0.0	0.0	0.0	0.0	0.0	0.01750700280112045
0	0.0	0.0	17	0.0	0.0	0	0.1597444089456869	0.0	0.0	0.0	0.0	0.0	0.0	0.0	0.0
0	0.0	0.0	12	0.0869565217391304	0.0	0	0.25510204081632654	0.0	0.0	1.0	0.0	0.0	0.0	0.0	0.0
1	0.0	0.0	39	0.0	23.1	0	0.5050505050505051	0.0	0.0	0.0	0.0	0.0	0.0	0.5050505050505051	0.0
0	0.0	0.0	9	0.4525547445255474	16.2	0	0.0	0.041220115416323165	0.0	1.0	0.0	0.0	0.0	0.14641288433382138	0.0
2	0.0	0.0	20	0.1555555555555555	10.14	0	0.0	0.2747252747252747	0.0	1.0	0.0	0.0	0.0	0.0	0.0
1	0.0	0.0	0	0.1428571428571428	16.36	0	0.0	0.13192612137203166	0.0	0.0	0.0	0.0	0.0	0.0	0.0
0	0.0	0.0	25	0.0	15.89	0	0.02442598925256473	0.0	0.0	0.0	0.0	0.0	0.0	0.012212994626282366	0.0
3	0.0	0.0	2	0.0	16.25	0	0.0	0.035823034210997674	0.0	0.0	0.0	0.0	0.0	0.0	0.0
4	0.0	0.0	2	0.0	16.1	0	0.06775067750677508	0.0	0.0	0.0	0.0	0.0	0.0	0.0	0.0
0	0.0	0.0	14	0.0	0.0	0	0.059844404548174746	0.0	0.0	0.0	0.0	0.0	0.0	0.0	0.0
1	0.0	1.0	12	0.0	4.53	1	3.316326530612245	0.0	0.0	0.46153846153846156	0.0	0.0	0.0	0.0	0.0
1	0.0	0.0	48	0.0	5.62	0	0.1510574018126888	0.0	0.0	0.0	0.0	0.0	0.0	0.0755287009063444	0.0
4	0.0	0.0	1	0.0033898305084745	16.62	0	0.0	0.009940357852882704	0.0	0.0	0.0	0.0	0.0	0.0	0.0
3	0.0	0.0	21	0.0	11.59	0	0.12285012285012284	0.0	0.0	0.0	0.0	0.0	0.0	0.0	0.0
1	0.0	0.0	22	0.0	9.43	0	0.12315270935960593	0.0	0.0	0.0	0.0	0.0	0.0	0.0	0.0
2	0.0	0.0	0	0.0	18.29	0	0.10526315789473684	0.0	0.0	9.0	0.0	0.0	0.0	0.0	0.0
0	0.0	0.0	16	0.0562248995983935	16.03	0	0.06230529595015576	0.0	0.0	0.0	0.0	0.0	0.0	0.0	0.0
0	0.0	0.0	44	0.0085470085470085	15.02	0	0.02338087444470423	0.0	0.0	0.5	0.0	0.0	0.0	0.0	0.0
0	0.0	0.0	20	0.0	0.0	0	0.0	0.12315270935960593	0.0	0.0	0.0	0.0	0.0	0.0	0.0
3	0.0	0.0	3	0.0	16.87	0	0.0	0.1724137931034483	0.0	0.0	0.0	0.0	0.0	0.0	0.0
1	0.0	0.0	20	0.0	15.65	0	0.0339328130302002	0.0	0.0	0.0	0.0	0.0	0.0	0.0	0.0
3	0.0	0.0	0	0.0	17.47	0	0.0	0.2840909090909091	0.0	0.0	0.0	0.0	0.0	0.0	0.0
8	0.0	0.0	66	0.0	14.15	0	0.020815986677768527	0.0	0.0	0.0	0.0	0.0	0.0	0.0	0.0
2	0.0	0.0	27	0.0	11.16	0	0.0	0.07733952049497293	0.0	0.0	0.0	0.0	0.0	0.0	0.0
0	0.0	0.0	26	0.4064516129032258	0.0	0	0.11547344110854503	0.0	0.0	0.5	0.0	0.0	0.0	0.0	0.0
1	0.0	0.0	27	0.0	14.69	0	0.11337868480725623	0.0	0.0	0.0	0.0	0.0	0.0	0.056689342403628114	0.0
2	0.0	0.0	20	0.0	7.59	0	0.0	0.3448275862068966	0.0	0.0	0.0	0.0	0.0	0.0	0.0
4	0.0	0.0	61	0.0401146131805157	15.2	0	0.007199424046076313	0.0	0.0	0.0	0.0	0.0	0.0	0.014398848092152626	0.016691704223001168
0	0.0	0.0	36	0.0140845070422535	0.0	0	0.0	0.044722719141323794	0.0	0.0	0.0	0.0	0.0	0.0	0.0
1	0.0	0.0	10	0.0	26.35	0	0.0	0.12019230769230768	0.0	1.0	0.0	0.0	0.0	0.0	0.0
3	0.0	0.0	59	0.0	31.42	0	0.0617283950617284	0.0	0.0	0.0	0.0	0.0	0.0	0.0	0.0
1	0.0	0.0	0	0.0085470085470085	16.17	0	0.027472527472527472	0.0	0.0	0.0	0.0	0.0	0.0	0.0	0.0
2	0.0	0.0	13	0.0555555555555555	13.14	0	0.11655011655011654	0.0	0.0	2.0	0.0	0.0	0.0	0.0	0.0
4	0.0	0.0	19	0.0	15.3	0	0.0702247191011236	0.0	0.0	0.0	0.0	0.0	0.0	0.0702247191011236	0.0
2	0.0	0.0	33	0.0055555555555555	16.22	0	0.0	0.0317208564631245	0.0	0.25	0.0	0.0	0.0	0.0	0.0
0	0.0	0.0	39	0.0289855072463768	14.05	0	0.0	0.13761467889908258	0.0	0.6666666666666666	0.0	0.0	0.0	0.0	0.09174311926605504
1	0.0	0.0	19	0.0	12.88	0	0.10834236186348863	0.0	0.0	0.5	0.0	0.0	0.0	0.0	0.0
1	0.0	0.0	35	0.0	5.17	0	0.0	0.4	0.0	0.0	0.0	0.0	0.0	0.0	0.0
2	0.0	0.0	0	0.0	16.47	0	0.0	0.4385964912280702	0.0	1.0	0.0	0.0	0.0	0.0	0.0
2	0.0	0.0	36	0.0	15.26	0	0.029163021289005542	0.0	0.0	0.0	0.0	0.0	0.0	0.0	0.0
1	0.0	0.0	24	0.0	6.8	0	0.0	0.22123893805309736	0.0	0.0	0.0	0.0	0.0	0.0	0.0
5	0.0	0.0	26	0.0	15.84	0	0.0	0.07674597083653108	0.0	0.0	0.0	0.0	0.0	0.0	0.0
1	0.0	0.0	6	0.2352941176470588	15.83	0	0.20242914979757085	0.0	0.0	0.3333333333333333	0.0	0.0	0.0	0.0	0.0
1	0.0	0.0	0	0.032258064516129	9.5	0	0.0	0.13333333333333333	0.0	0.0	0.0	0.0	0.0	0.0	0.0
1	0.0	0.0	41	0.0	15.62	0	0.019065776930409912	0.0	0.0	0.5	0.0	0.0	0.0	0.019065776930409912	0.0
3	0.0	0.0	43	0.0	15.73	0	0.0	0.023169601482854497	0.0	0.0	0.0	0.0	0.0	0.0	0.023169601482854497
5	0.0	0.0	7	0.0377358490566037	16.47	0	0.2620545073375262	0.0	0.0	0.2	0.0	0.0	0.0	0.0	0.0
0	0.0	0.0	2	0.0717948717948717	16.61	0	0.029429075927015894	0.0	0.0	0.0	0.0	0.0	0.0	0.0	0.0
2	0.0	0.0	1	0.0	16.72	0	0.0	0.02782415136338342	0.0	0.0	0.0	0.0	0.0	0.0	0.0
3	0.0	0.0	13	0.0	13.09	0	0.22026431718061673	0.0	0.0	0.0	0.0	0.0	0.0	0.0	0.0
1	0.0	0.0	0	0.0	17.14	0	0.0	0.17921146953405018	0.0	0.0	0.0	0.0	0.0	0.0	0.0
0	0.0	0.0	20	0.0	0.0	0	0.3846153846153846	0.0	0.0	1.0	0.0	0.0	0.0	0.0	0.0
1	0.0	0.0	2	0.1142857142857142	16.65	0	0.21978021978021978	0.0	0.0	1.0	0.0	0.0	0.0	0.0	0.0
4	0.5	0.3333333333333333	60	0.0	12.01	1	1.1307767944936087	0.0	0.0	0.6086956521739131	0.0	0.0	0.0	0.049164208456243856	0.066815144766147
3	0.0	0.0	63	0.0	13.81	0	0.028993911278631487	0.0	0.0	0.0	0.0	0.0	0.0	0.0	0.0
5	0.0	0.0	2	0.0	16.29	0	0.08896797153024912	0.0	0.0	0.5	0.0	0.0	0.0	0.0	0.0
1	0.0	0.0	0	0.0	9.5	0	0.0	2.2388059701492535	0.0	0.0	0.0	0.0	0.0	0.0	0.0
1	0.0	0.0	50	0.0	9.5	0	0.1388888888888889	0.0	0.0	0.0	0.0	0.0	0.0	0.0	0.0
0	0.0	1.0	4	0.3571428571428571	16.02	0	0.0	0.6637168141592921	0.0	0.16666666666666666	0.0	0.0	0.0	0.0	0.0
1	0.0	0.0	0	0.0	16.87	0	0.0	0.2347417840375587	0.0	0.0	0.0	0.0	0.0	0.0	0.0
5	0.0	0.0	27	0.0	10.87	0	0.08019246190858059	0.0	0.0	0.0	0.0	0.0	0.0	0.0	0.0
2	0.0	0.0	0	0.0	17.02	0	0.0	0.20986358866736624	0.0	0.25	0.0	0.0	0.0	0.0	0.0
0	0.0	0.0	16	0.0	0.0	0	0.0	0.16233766233766234	0.0	0.0	0.0	0.0	0.0	0.0	0.0
2	0.0	0.0	39	0.0	14.43	0	0.0	0.043271311120726956	0.0	0.5	0.0	0.0	0.0	0.0	0.0
3	0.0	0.0	53	0.0	14.73	0	0.0	0.016345210853220007	0.0	0.0	0.0	0.0	0.0	0.0	0.0
2	0.0	0.0	14	0.024390243902439	16.51	0	0.0	0.021767522855899	0.0	0.0	0.0	0.0	0.0	0.0	0.0
1	0.0	0.0	12	0.0	12.2	0	0.16447368421052633	0.0	0.0	1.0	0.0	0.0	0.0	0.0	0.0
0	0.0	0.0	26	0.0	0.0	0	0.0	0.2645502645502646	0.0	0.0	0.0	0.0	0.0	0.0	0.1322751322751323
3	0.0	0.0	22	0.0	13.26	0	0.08333333333333333	0.0	0.0	0.5	0.0	0.0	0.0	0.0	0.0
2	0.0	0.0	37	0.0	20.81	0	0.38910505836575876	0.0	0.0	1.0	0.0	0.0	0.0	0.0	0.0
2	0.0	0.0	18	0.0	16.49	0	0.0	0.03496503496503496	0.0	0.0	0.0	0.0	0.0	0.0	0.0
0	0.0	0.0	15	0.2727272727272727	0.0	1	0.0	0.5319148936170213	0.0	2.0	0.0	0.0	0.0	0.0	0.5319148936170213
3	0.0	0.0	0	0.0	16.91	0	0.0	0.35714285714285715	0.0	0.0	0.0	0.0	0.0	0.0	0.0
4	0.0	0.0	20	0.0	12.0	0	0.12004801920768307	0.0	0.0	0.0	0.0	0.0	0.0	0.0	0.0
3	0.0	0.0	35	0.0	13.92	0	0.05885815185403179	0.0	0.0	0.0	0.0	0.0	0.0	0.0	0.0
4	0.0	0.0	41	0.0	15.7	0	0.016116035455278004	0.0	0.0	0.0	0.0	0.0	0.0	0.008058017727639002	0.0
0	0.0	0.0	15	0.0	0.0	0	0.29069767441860467	0.0	0.0	0.0	0.0	0.0	0.0	0.0	0.0
3	0.0	0.0	0	0.0392156862745098	16.31	0	0.0	0.11737089201877934	0.0	0.0	0.0	0.0	0.0	0.0	0.0
2	0.0	0.0	0	0.0	18.16	0	0.0	0.08635578583765112	1.0	3.5	0.0	0.0	0.0	0.0	0.0
5	0.0	0.0	0	0.0	16.16	0	0.0	0.011757789535567314	0.0	0.0	0.0	0.0	0.0	0.0	0.0
3	0.5	0.5	32	0.0	11.9	0	0.0	0.026518164942985943	0.0	0.0	0.0	0.0	0.0	0.0	0.0
6	0.0	0.0	42	0.0	15.26	0	0.0	0.023413720440177945	0.0	0.0	0.0	0.0	0.0	0.0	0.011706860220088973
0	0.0	0.0	23	0.0357142857142857	14.5	1	0.6243996157540826	0.10638297872340426	0.0	1.0666666666666667	0.0	0.0	0.0	0.0	0.10638297872340426
3	0.5	1.0	32	0.13	42.73	0	0.0	0.05353319057815846	0.0	0.0	0.0	0.0	0.0	0.0	0.04014989293361884
2	0.0	0.0	0	0.0	16.2	0	0.0	0.02759381898454746	0.0	0.0	0.0	0.0	0.0	0.0	0.0
3	0.0	0.0	0	0.0294117647058823	10.74	0	0.0	0.09124087591240876	0.0	0.0	0.0	0.0	0.0	0.0	0.0
6	0.0	0.0	64	0.0	14.49	0	0.0	0.017969451931716084	0.0	0.0	0.0	0.0	0.0	0.0	0.0
1	0.0	0.0	19	0.0	7.5	0	0.054288816503800214	0.0	0.0	0.0	0.0	0.0	0.0	0.0	0.0
2	0.0	0.0	2	0.0476190476190476	16.65	0	0.0	0.1160092807424594	0.0	0.0	0.0	0.0	0.0	0.0	0.0
2	0.5	0.0	41	0.0	46.6	0	0.06951685783802572	0.0	0.0	0.0	0.0	0.0	0.0	0.01737921445950643	0.0
2	0.0	0.0	80	0.0666666666666666	8.98	0	0.1510574018126888	0.0	0.0	0.0	0.0	0.0	0.0	0.0	0.09174311926605504
4	0.0	0.0	19	0.0	16.56	0	0.00862217623728229	0.0	0.0	0.0	0.0	0.0	0.0	0.0	0.0
2	0.0	0.0	17	0.0	15.97	0	0.0	0.025284450063211127	0.0	0.0	0.0	0.0	0.0	0.0	0.0
3	0.0	0.0	30	0.0601503759398496	13.71	0	0.058513750731421885	0.0	0.0	0.0	0.0	0.0	0.0	0.0	0.0
1	0.0	0.0	37	0.0	6.9	0	0.0	0.2032520325203252	0.0	0.0	0.0	0.0	0.0	0.0	0.0
3	0.0	0.0	25	0.0	11.57	0	0.09124087591240876	0.0	0.0	0.0	0.0	0.0	0.0	0.0	0.0
2	0.0	0.0	29	0.0	8.93	0	0.0	0.6493506493506493	0.0	0.0	0.0	0.0	0.0	0.0	0.3246753246753247
3	0.5	0.0	35	0.0	22.82	0	0.0	0.07616146230007616	0.0	0.25	0.0	0.0	0.0	0.0	0.0
0	0.0	0.0	9	0.0	0.0	1	50.0	0.0	0.0	1.0	0.0	0.0	0.0	50.0	0.0
4	0.0	0.0	24	0.0	15.6	0	0.015610365282547611	0.0	0.0	0.0	0.0	0.0	0.0	0.015610365282547611	0.0
0	0.0	0.0	34	0.0	0.0	0	0.0	0.49751243781094534	0.0	0.0	0.0	0.0	0.0	0.0	0.0
3	0.0	0.0	21	0.0	14.04	0	0.0	0.1126126126126126	0.0	3.0	0.0	0.0	0.0	0.0	0.0
2	0.0	0.0	16	0.0	7.11	0	0.2293577981651376	0.0	0.0	0.0	0.0	0.0	0.0	0.0	0.0
0	0.0	0.0	31	0.0	0.0	0	0.36496350364963503	0.0	0.0	0.0	0.0	0.0	0.0	0.0	0.0
5	0.0	0.0	33	0.0	16.01	0	0.016992353440951572	0.0	0.0	0.0	0.0	0.0	0.0	0.016992353440951572	0.018656716417910446
1	0.0	0.0	46	0.0	4.88	0	6.521739130434782	0.0	0.0	0.3333333333333333	0.0	0.0	0.0	0.0	0.0
1	0.0	0.0	30	0.0114942528735632	14.42	0	0.017711654268508677	0.0	0.0	0.0	0.0	0.0	0.0	0.0	0.0
2	0.0	0.0	16	0.0	16.18	0	0.023348120476301658	0.0	0.0	0.0	0.0	0.0	0.0	0.0	0.0
3	0.0	0.0	20	0.25	6.36	0	0.0	0.6024096385542169	0.0	0.5	0.0	0.0	0.0	0.0	0.6024096385542169
1	0.0	0.0	33	0.1666666666666666	19.0	0	0.4273504273504274	0.0	0.0	0.0	0.0	0.0	0.0	0.0	0.0
5	0.0	0.0	26	0.0	15.82	0	0.0	0.025967281225655676	0.0	0.0	0.0	0.0	0.0	0.0	0.0
3	1.0	0.2	48	0.0	0.83	1	1.2541410317084714	0.0	0.0	0.8301886792452831	0.0	0.0	0.0	0.0	0.024715768660405337
1	0.0	0.0	10	0.2758620689655172	14.6	0	0.0998003992015968	0.0	0.0	2.0	0.0	0.0	0.0	0.0	0.0
6	0.0	0.0	42	0.0	15.42	0	0.0	0.01492982979994028	0.0	0.0	0.0	0.0	0.0	0.009373828271466066	0.00746491489997014
0	0.0	0.0	24	0.3454545454545454	0.0	0	0.2192982456140351	0.0	0.0	0.0	0.0	0.0	0.0	0.0	0.0
1	0.0	0.0	19	0.0266666666666666	15.0	0	0.0	0.06540222367560497	0.0	0.0	0.0	0.0	0.0	0.0	0.0
0	0.0	0.0	18	0.0	0.0	0	1.0638297872340425	0.0	0.0	0.0	0.0	0.0	0.0	1.0638297872340425	0.0
3	0.0	0.0	19	0.1111111111111111	6.19	0	0.4098360655737705	0.0	0.0	0.0	0.0	0.0	0.0	0.0	0.0
4	0.0	0.0	16	0.0093457943925233	15.94	0	0.0	0.021598272138228944	0.0	0.0	0.0	0.0	0.0	0.0	0.0
1	0.0	0.0	34	0.0	10.0	0	0.3846153846153846	0.0	0.0	0.0	0.0	0.0	0.0	0.0	0.0
0	0.0	0.0	26	0.0	0.0	0	0.07315288953913679	0.0	0.0	0.0	0.0	0.0	0.0	0.0	0.0
0	0.0	0.0	18	0.0	0.0	0	0.0	0.06180469715698393	0.0	0.0	0.0	0.0	0.0	0.0	0.0
1	0.0	0.0	0	0.0	9.5	0	0.0	0.1002004008016032	0.0	0.0	0.0	0.0	0.0	0.0	0.0
1	0.0	0.0	28	0.2647058823529412	13.58	0	0.028344671201814057	0.0	0.0	0.0	0.0	0.0	0.0	0.0	0.0
2	0.3333333333333333	0.0	52	0.2521008403361344	13.56	0	0.0	0.3717472118959108	0.0	0.0	0.0	0.0	0.0	0.0	0.0
2	0.0	0.0	15	0.0	7.58	0	0.23584905660377356	0.0	0.0	0.0	0.0	0.0	0.0	0.0	0.0
0	0.0	0.0	18	0.0	0.0	0	0.8264462809917356	0.0	0.0	0.0	0.0	0.0	0.0	0.8264462809917356	0.0
3	0.0	0.0	0	0.0	16.89	0	0.0	0.058343057176196034	0.0	1.5	0.0	0.0	0.0	0.0	0.0
1	1.0	0.0	18	0.0	7.5	0	0.0	0.13513513513513511	0.0	0.5	0.0	0.0	0.0	0.0	0.06756756756756756
0	0.0	0.0	32	0.0	6.19	0	0.0	1.7857142857142856	0.0	1.0	0.0	0.0	0.0	0.0	0.0
0	0.0	0.0	16	0.0	0.0	0	0.07153075822603719	0.0	0.0	0.0	0.0	0.0	0.0	0.0	0.0
2	0.0	0.0	19	0.0	14.38	0	0.0	0.039824771007566706	0.0	0.0	0.0	0.0	0.0	0.0	0.0
0	0.0	0.0	16	0.1428571428571428	12.6	0	0.0	0.6172839506172839	1.0	4.5	0.0	0.0	0.0	0.0	0.0
1	0.0	0.0	0	0.0188679245283018	16.64	0	0.0	0.06226650062266501	0.0	0.5	0.0	0.0	0.0	0.0	0.0
2	0.0	0.0	33	0.0	15.61	0	0.0	0.06385696040868455	0.0	0.0	0.0	0.0	0.0	0.0	0.031928480204342274
1	0.0	0.0	0	0.0	16.66	0	0.04098360655737705	0.0	0.0	0.0	0.0	0.0	0.0	0.0	0.0
0	0.0	1.0	44	0.0	0.0	0	1.36986301369863	0.0	0.0	0.5	0.0	0.0	0.0	0.0	0.0
3	0.0	1.0	9	0.0177777777777777	20.17	0	0.14819205690574985	0.0	0.0	0.4	0.0	0.0	0.0	0.0	0.0
0	0.0	0.0	28	0.0	0.0	0	0.0	0.1858736059479554	0.0	0.5	0.0	0.0	0.0	0.0	0.1858736059479554
3	0.5	0.5	18	0.0943396226415094	7.5	0	0.0	0.023640661938534282	0.0	0.0	0.0	0.0	0.0	0.0	0.0
0	0.0	0.0	18	0.0	0.0	0	1.3333333333333333	0.0	0.0	0.0	0.0	0.0	0.0	0.0	0.0
2	0.0	0.0	23	0.0	15.58	0	0.03275466754012447	0.0	0.0	0.0	0.0	0.0	0.0	0.0	0.0
1	0.0	0.0	20	0.0	12.84	0	0.17006802721088435	0.0	0.0	0.0	0.0	0.0	0.0	0.0	0.0
4	0.0	0.0	47	0.0	14.46	0	0.0	0.02414875633904854	0.0	0.5	0.0	0.0	0.0	0.0	0.02414875633904854
6	0.0	0.0	42	0.0	15.15	0	0.0	0.023663038334122102	0.0	0.0	0.0	0.0	0.0	0.0	0.023663038334122102
3	0.0	0.0	33	0.0	13.61	0	0.0	0.053163211057947905	0.0	0.0	0.0	0.0	0.0	0.0	0.0
0	0.0	0.0	17	0.0	0.0	1	2.1739130434782608	0.0	0.0	1.0	0.0	0.0	0.0	0.0	0.0
2	0.0	0.0	12	0.1928251121076233	36.6	0	0.0	0.022381378692927483	0.0	2.0	0.0	0.0	0.0	0.0	0.0
1	0.0	0.0	19	0.0	14.62	0	0.0353356890459364	0.0	0.0	0.0	0.0	0.0	0.0	0.0	0.0
3	0.0	0.0	52	0.0	15.17	0	0.016969285593076533	0.0	0.0	0.0	0.0	0.0	0.0	0.0	0.009906875371507827
0	0.0	0.0	26	0.0	0.0	0	0.0	0.05	0.0	0.0	0.0	0.0	0.0	0.0	0.05
5	0.0	0.0	35	0.0	15.46	0	0.0	0.02202158114952654	0.0	0.0	0.0	0.0	0.0	0.011984659635666348	0.0
1	0.3333333333333333	0.6666666666666666	1	0.0	15.6	0	0.0	0.06525285481239805	0.0	0.0	0.0	0.0	0.0	0.0	0.0
3	0.0	0.0	42	0.1294964028776978	14.37	0	0.0	0.08103727714748785	0.0	0.0	0.0	0.0	0.0	0.0	0.0
5	0.0	0.0	25	0.0	21.09	0	0.0	0.11127596439169139	0.0	0.0	0.0	0.0	0.0	0.0	0.0
1	0.0	0.0	25	0.0	15.46	0	0.13729977116704806	0.0	0.0	1.0	0.0	0.0	0.0	0.0	0.0
5	0.0	0.0	3	0.0	16.19	0	0.0	0.09881422924901187	0.0	0.0	0.0	0.0	0.0	0.0	0.0
1	0.0	0.0	42	0.25	1.0	1	0.0	1.923076923076923	0.0	1.0	0.0	0.0	0.0	0.9090909090909091	0.9615384615384615
0	0.0	0.0	58	0.0333333333333333	0.0	0	0.0	0.3976143141153081	1.0	0.25	0.0	0.0	0.0	0.0	0.0
2	0.0	0.0	4	0.0324324324324324	16.81	0	0.0	0.041050903119868636	0.0	1.0	0.0	0.0	0.0	0.0	0.0
2	0.0	0.0	3	0.0481927710843373	16.54	0	0.05235602094240837	0.0	0.0	3.0	0.0	0.0	0.0	0.0	0.0
1	0.0	0.0	17	0.0	9.5	0	0.33112582781456956	0.0	0.0	0.0	0.0	0.0	0.0	0.0	0.0
2	0.0	0.0	14	0.0	12.29	0	0.15479876160990713	0.0	0.0	0.5	0.0	0.0	0.0	0.0	0.0
1	1.0	0.0	29	0.0	23.5	0	0.03014772384684956	0.0	0.0	0.0	0.0	0.0	0.0	0.03014772384684956	0.0
3	0.0	0.0	46	0.0	13.78	0	0.05689900426742532	0.0	0.0	0.0	0.0	0.0	0.0	0.0	0.0
4	0.0	0.0	14	0.052863436123348	15.74	0	0.0	0.023529411764705882	0.0	0.0	0.0	0.0	0.0	0.0	0.0
4	0.0	0.0	28	0.1979695431472081	12.16	0	0.030432136335970784	0.0	0.0	0.5	0.0	0.0	0.0	0.030432136335970784	0.0
0	0.0	0.0	16	0.0	0.0	0	0.12690355329949238	0.0	0.0	0.0	0.0	0.0	0.0	0.0	0.0
1	0.0	0.0	14	0.1125827814569536	15.61	0	0.02183406113537118	0.0	0.0	0.0	0.0	0.0	0.0	0.0	0.0
2	0.0	0.0	19	0.0	15.53	0	0.0	0.06313131313131314	0.0	0.25	0.0	0.0	0.0	0.019592476489028215	0.0
4	0.0	0.0	29	0.13609467455621302	14.96	0	0.0	0.037965072133637055	0.0	0.0	0.0	0.0	0.0	0.0	0.037965072133637055
0	0.0	0.0	43	0.1363636363636363	0.0	1	0.41050903119868637	0.06459948320413436	0.0	0.4166666666666667	0.0	0.0	0.0	0.0	0.03229974160206718
2	0.0	0.0	58	0.0	6.13	0	0.11086474501108648	0.0	0.0	0.0	0.0	0.0	0.0	0.0	0.0
5	0.0	0.0	43	0.0157480314960629	12.9	0	0.04382120946538125	0.0	0.0	0.0	0.0	0.0	0.0	0.021910604732690624	0.0
1	0.0	0.0	35	0.0	9.5	0	0.12531328320802004	0.0	0.0	0.0	0.0	0.0	0.0	0.0	0.0
1	0.0	0.0	51	0.0	14.06	0	0.0	0.010451505016722408	0.0	0.0	0.0	0.0	0.0	0.0	0.0
1	0.5	1.0	0	0.0	10.37	0	0.0	0.14749262536873156	0.0	0.0	0.0	0.0	0.0	0.0	0.0
4	0.5	0.0	64	0.0	16.37	0	0.028433323855558714	0.01984914648670107	0.0	0.0	0.0	0.0	0.0	0.0	0.0
0	0.0	0.0	34	0.0	4.83	0	0.0	0.0	0.0	0.0	0.0	0.0	0.0	0.0	0.0
3	0.0	0.0	42	0.0	14.94	0	0.0	0.032467532467532464	0.0	0.5	0.0	0.0	0.0	0.0	0.0
0	0.0	0.0	46	0.0	6.08	0	0.4273504273504274	0.0	0.0	0.25	0.0	0.0	0.0	0.0	0.0
0	0.5	0.5	25	0.1659751037344398	0.0	0	0.0	0.02997601918465228	0.0	0.0	0.0	0.0	0.0	0.0	0.0
0	0.0	0.0	19	0.0	0.0	0	0.23584905660377356	0.0	0.0	0.0	0.0	0.0	0.0	0.0	0.0
2	0.0	0.0	52	0.2	5.06	0	3.6697247706422016	0.0	0.0	0.0	0.0	0.0	0.0	0.0	0.0
2	0.0	0.0	0	0.0	20.51	0	0.0	1.3513513513513513	0.0	1.0	0.0	0.0	0.0	0.0	0.0
5	0.0	0.0	24	0.0	8.16	0	0.1773049645390071	0.0	0.0	0.5	0.0	0.0	0.0	0.0	0.0
1	0.0	0.0	0	0.0	9.5	0	0.0	1.4285714285714286	0.0	1.0	0.0	0.0	0.0	0.0	0.0
1	0.0	0.0	64	0.011049723756905999	11.15	0	0.03736920777279521	0.0	0.0	0.5	0.0	0.0	0.0	0.0	0.0
1	0.0	0.0	59	0.0	14.78	0	0.05230125523012552	0.0	0.0	0.0	0.0	0.0	0.0	0.0	0.0
0	1.0	0.0	19	0.0	0.0	0	0.35587188612099646	0.0	0.0	0.0	0.0	0.0	0.0	0.0	0.0
0	1.0	0.0	17	0.2105263157894736	27.78	0	0.0	0.6329113924050632	0.0	0.0	0.0	0.0	0.0	0.0	0.0
1	0.0	0.0	0	0.0	16.51	0	0.0	0.48721071863580995	0.0	0.0	0.0	0.0	0.0	0.0	0.0
1	0.0	0.0	0	0.0	9.5	0	0.0	0.09689922480620154	0.0	0.0	0.0	0.0	0.0	0.0	0.0
1	0.0	0.0	28	0.0	15.91	0	0.0	0.045004500450045004	0.0	0.0	0.0	0.0	0.0	0.0	0.0
0	0.0	0.0	23	0.125	0.0	0	0.0	0.7142857142857143	0.0	0.0	0.0	0.0	0.0	0.0	0.0
3	0.0	0.0	39	0.1551724137931034	15.17	0	0.0	0.04418912947414936	0.0	0.0	0.0	0.0	0.0	0.0	0.06628369421122404
1	0.0	0.0	26	0.0	15.92	0	0.022920009168003665	0.0	0.0	0.0	0.0	0.0	0.0	0.022920009168003665	0.0
1	0.0	0.0	15	0.0	9.5	0	3.7037037037037033	0.0	0.0	0.0	0.0	0.0	0.0	0.0	0.0
5	0.0	0.0	1	0.0	17.22	0	0.0	0.3048780487804878	0.0	0.0	0.0	0.0	0.0	0.0	0.0
6	0.0	0.0	32	0.0	15.47	0	0.0	0.028993911278631487	0.0	0.0	0.0	0.0	0.0	0.0	0.0
1	0.0	0.0	22	0.0	16.07	0	0.0	0.0415973377703827	0.0	0.5	0.0	0.0	0.0	0.0	0.0415973377703827
0	0.0	0.0	20	0.0	0.0	0	0.0	0.11682242990654206	0.0	0.0	0.0	0.0	0.0	0.0	0.11682242990654206
1	0.0	0.0	49	0.1428571428571428	9.5	0	8.695652173913043	0.0	0.0	0.0	0.0	0.0	0.0	0.0	0.0
0	0.0	1.0	24	0.0909090909090909	0.0	1	1.4705882352941178	0.10869565217391305	0.0	0.4166666666666667	0.0	0.0	0.0	0.0	0.10869565217391305
4	0.0	0.0	0	0.0084388185654008	16.22	0	0.029507229271171435	0.0	0.0	0.0	0.0	0.0	0.0	0.0	0.0
0	0.0	0.0	35	0.0	14.99	0	0.06718172657037286	0.0	0.0	0.0	0.0	0.0	0.0	0.0	0.0
1	0.0	0.0	33	0.0377358490566037	9.95	0	0.0	0.5154639175257733	0.0	0.5	0.0	0.0	0.0	0.0	0.0
4	0.0	0.0	1	0.0059347181008902	16.42	0	0.0	0.017467248908296942	0.0	0.0	0.0	0.0	0.0	0.0	0.0
1	0.0	0.0	0	0.0	17.72	0	0.0	0.7352941176470588	0.0	0.0	0.0	0.0	0.0	0.0	0.0
0	0.0	0.0	22	0.0	6.6	0	0.3205128205128205	0.0	0.0	0.5	0.0	0.0	0.0	0.0	0.0
2	0.0	0.0	30	0.0	6.6	0	0.1488095238095238	0.0	0.0	0.0	0.0	0.0	0.0	0.0	0.0
2	1.0	0.0	52	0.0202020202020202	0.63	1	2.0833333333333335	0.0	0.0	1.2352941176470589	0.0	0.0	0.0	0.0	0.03397893306150187
3	0.0	0.0	22	0.0	15.26	0	0.0	0.030129557095510698	0.0	0.0	0.0	0.0	0.0	0.0	0.0
2	0.0	0.0	47	0.0	12.26	0	0.0	0.017642907551164433	0.0	0.0	0.0	0.0	0.0	0.0	0.017642907551164433
1	0.0	0.0	20	0.0	15.98	0	0.0	0.024618414574101428	0.0	0.5	0.0	0.0	0.0	0.0	0.0
1	0.3333333333333333	1.0	38	0.0	44.41	0	0.0	0.08186655751125665	0.0	0.0	0.0	0.0	0.0	0.0	0.04093327875562833
1	0.0	0.0	0	0.0	16.78	0	0.0	0.4098360655737705	0.0	0.5	0.0	0.0	0.0	0.0	0.0
0	0.0	0.0	18	0.0	0.0	0	0.0	0.5319148936170213	0.0	0.0	0.0	0.0	0.0	0.0	0.0
1	0.0	0.0	20	0.0	38.31	0	0.0	0.055991041433370664	0.0	0.0	0.0	0.0	0.0	0.0	0.0
4	0.0	0.0	21	0.0	15.78	0	0.0	0.023073373327180433	0.0	0.0	0.0	0.0	0.0	0.0	0.0
0	0.0	0.0	26	0.0	0.0	0	0.0	0.0	0.0	0.0	0.0	0.0	0.0	0.0	0.0
4	1.0	1.0	44	0.0344827586206896	10.15	0	0.47846889952153115	0.0	0.0	0.0	0.0	0.0	0.0	0.0	0.018031013342949872
1	0.0	0.0	0	0.0	10.0	0	0.0	0.1718213058419244	0.0	0.0	0.0	0.0	0.0	0.0	0.0
0	1.0	0.0	41	0.0	0.0	0	0.13736263736263735	0.0	0.0	0.0	0.0	0.0	0.0	0.13736263736263735	0.0
3	0.0	0.0	37	0.0	14.24	0	0.03779289493575208	0.0	0.0	0.0	0.0	0.0	0.0	0.01889644746787604	0.0
1	0.0	0.0	10	0.2307692307692307	9.72	0	0.78125	0.0	0.0	1.0	0.0	0.0	0.0	0.0	0.0
1	0.0	0.0	40	0.0	8.92	0	0.0	0.11135857461024498	0.0	0.0	0.0	0.0	0.0	0.0	0.05567928730512249
0	0.0	0.0	2	0.2647058823529412	16.45	0	0.08	0.0	0.0	1.0	0.0	0.0	0.0	0.0	0.0
2	0.0	0.0	16	0.0	16.11	0	0.0	0.07616146230007616	0.0	0.0	0.0	0.0	0.0	0.0	0.0
1	1.0	0.0	33	0.2428571428571428	21.21	0	0.12690355329949238	0.0	0.0	0.0	0.0	0.0	0.0	0.06345177664974619	0.0
4	0.0	0.0	17	0.2	5.02	0	3.3333333333333335	0.0	0.0	0.0	0.0	0.0	0.0	0.0	0.0
1	0.0	0.0	0	0.0	16.81	0	0.0	0.15337423312883436	0.0	0.0	0.0	0.0	0.0	0.0	0.0
3	0.0	1.0	36	0.0	20.8	0	0.06222775357809583	0.0	0.0	0.0	0.0	0.0	0.0	0.0	0.0
6	0.0	0.0	44	0.0	13.52	0	0.06839945280437756	0.0	0.0	0.5	0.0	0.0	0.0	0.0	0.0
0	0.0	0.0	40	0.0	15.46	0	0.02370791844476055	0.0	0.0	0.0	0.0	0.0	0.0	0.011853959222380275	0.0
20	0.0	0.0	23	0.0	16.22	0	0.0	0.009641342074816815	0.0	5.0	0.0	0.0	0.0	0.0	0.0
3	0.0	0.0	28	0.0	15.43	0	0.0	0.03572704537334763	0.0	1.0	0.0	0.0	0.0	0.02876042565429968	0.03572704537334763
2	0.0	0.0	7	0.075268817204301	16.32	0	0.03961965134706815	0.0	0.0	2.0	0.0	0.0	0.0	0.0	0.0
0	0.0	0.0	15	0.0	0.0	0	0.0	0.7692307692307692	0.0	0.0	0.0	0.0	0.0	0.0	0.0
3	0.0	0.0	18	0.0	13.07	0	0.09551098376313276	0.0	0.0	0.0	0.0	0.0	0.0	0.0	0.0
3	0.0	0.0	62	0.0	10.12	0	0.16025641025641024	0.0	0.0	0.5	0.0	0.0	0.0	0.0	0.0
3	0.0	0.0	24	0.0	16.03	0	0.018066847335140017	0.0	0.0	0.0	0.0	0.0	0.0	0.009033423667570008	0.0
1	0.0	1.0	32	0.0	0.98	0	0.052429220552254456	0.0	0.0	0.3333333333333333	0.0	0.0	0.0	0.017476406850751487	0.0
0	0.0	0.0	36	0.0909090909090909	0.0	0	0.0	0.10101010101010101	0.0	0.5	0.0	0.0	0.0	0.0	0.050505050505050504
3	0.0	0.0	43	0.0	13.72	0	0.0	0.2617801047120419	0.0	0.0	0.0	0.0	0.0	0.0	0.0
0	0.0	0.0	17	0.0	0.0	0	0.0684931506849315	0.0	0.0	0.0	0.0	0.0	0.0	0.0	0.0
3	0.0	0.0	48	0.0	15.16	0	0.021767522855899	0.0	0.0	0.0	0.0	0.0	0.0	0.0	0.0
0	0.0	0.0	10	0.1111111111111111	0.0	0	0.1838235294117647	0.0	0.0	1.0	0.0	0.0	0.0	0.1838235294117647	0.0
1	0.0	0.0	16	0.1111111111111111	5.46	0	0.7936507936507936	0.0	0.0	0.0	0.0	0.0	0.0	0.0	0.0
1	0.0	0.0	39	0.0	5.6	0	0.0	0.4464285714285714	0.0	1.0	0.0	0.0	0.0	0.0	0.2232142857142857
2	0.0	0.0	0	0.0	17.23	0	0.0	0.15151515151515152	0.0	0.5	0.0	0.0	0.0	0.0	0.0
11	0.0	0.0	77	0.0	13.53	0	0.046652670865407045	0.0	0.0	0.0	0.0	0.0	0.0	0.0	0.0
6	0.0	0.0	47	0.0	15.78	0	0.0	0.017959770114942528	0.0	0.0	0.0	0.0	0.0	0.0	0.008979885057471264
3	0.0	0.0	44	0.0	6.55	0	0.13020833333333334	0.0	0.0	0.5	0.0	0.0	0.0	0.0	0.0
4	0.0	0.0	62	0.0	27.63	0	0.35842293906810035	0.0	0.0	0.0	0.0	0.0	0.0	0.0	0.0
3	0.0	0.0	31	0.0	7.87	0	0.11135857461024498	0.0	0.0	0.5	0.0	0.0	0.0	0.0	0.0
0	0.0	0.0	27	0.0	14.83	0	0.041999160016799666	0.0	0.0	0.0	0.0	0.0	0.0	0.041999160016799666	0.0
3	0.0	0.0	15	0.0	9.57	0	0.17482517482517484	0.0	0.0	0.0	0.0	0.0	0.0	0.0	0.0
0	0.0	0.0	12	0.2105263157894736	0.0	0	0.2590673575129534	0.0	1.0	1.0	0.0	0.0	0.0	0.0	0.0
0	0.0	0.0	24	0.0	0.0	0	0.0	0.3472222222222222	0.0	0.0	0.0	0.0	0.0	0.0	0.1736111111111111
0	0.0	0.0	19	0.1818181818181818	0.0	0	1.0416666666666667	0.0	0.0	0.0	0.0	0.0	0.0	0.0	0.0
5	0.0	0.0	71	0.0	13.09	0	0.025974025974025976	0.0	0.0	0.0	0.0	0.0	0.0	0.0	0.011684973124561814
0	1.0	0.0	35	0.0	0.0	0	0.0	0.050505050505050504	0.0	0.0	0.0	0.0	0.0	0.0	0.050505050505050504
3	0.0	0.0	44	0.0	12.03	0	0.033738191632928474	0.0	0.0	1.0	0.0	0.0	0.0	0.0	0.0
3	0.0	0.0	39	0.0858895705521472	14.49	0	0.0	0.040783034257748776	0.0	0.0	0.0	0.0	0.0	0.0	0.040783034257748776
4	0.0	0.0	2	0.0891089108910891	16.31	0	0.0	0.01631055292774425	0.0	2.0	0.0	0.0	0.0	0.0	0.0
1	0.0	0.0	0	0.1	17.29	0	0.0	0.32894736842105265	0.0	0.0	0.0	0.0	0.0	0.0	0.0
1	0.0	0.0	1	0.0	16.19	0	0.0	0.06203473945409429	0.0	0.0	0.0	0.0	0.0	0.0	0.0
1	0.0	0.0	19	0.0	31.71	0	0.24570024570024568	0.0	0.0	0.0	0.0	0.0	0.0	0.0	0.0
0	0.0	0.0	0	0.0	16.37	0	0.0	0.1510574018126888	0.0	0.5	0.0	0.0	0.0	0.0	0.0
1	0.0	0.0	4	0.0	14.61	0	0.0	2.127659574468085	0.0	0.0	0.0	0.0	0.0	0.0	0.0
2	0.0	0.0	23	0.0	8.14	0	0.9138381201044387	0.0	0.0	0.5714285714285714	0.0	0.0	0.0	0.0	0.0
8	0.0	0.0	0	0.1029411764705882	16.88	0	0.0	0.050226017076845805	0.0	0.0	0.0	0.0	0.0	0.0	0.0
1	0.0	0.0	1	0.3396226415094339	16.42	0	0.15748031496062992	0.0	0.0	0.0	0.0	0.0	0.0	0.0	0.0
2	1.0	0.5	38	0.0	72.95	0	0.0	0.04715868898844613	0.0	0.0	0.0	0.0	0.0	0.0	0.0
0	0.0	1.0	34	0.0	0.0	0	0.030525030525030528	0.0	0.0	0.0	0.0	0.0	0.0	0.0	0.0
1	0.0	0.0	36	0.0	0.83	1	1.3779527559055118	0.0	0.0	1.0	0.0	0.0	0.0	0.0	0.06622516556291391
2	0.0	0.0	18	0.0	15.92	0	0.012042389210019266	0.0	0.0	1.0	0.0	0.0	0.0	0.0	0.0
1	0.0	0.0	37	0.0	8.26	0	0.08326394671107411	0.0	0.0	0.0	0.0	0.0	0.0	0.0	0.0
1	0.0	0.0	80	0.0	5.97	0	6.0606060606060606	0.0	0.0	0.0	0.0	0.0	0.0	0.0	0.0
6	0.0	0.0	34	0.0	5.19	0	0.0	0.15772870662460567	0.0	0.0	0.0	0.0	0.0	0.0	0.15772870662460567
0	1.0	1.0	33	0.3162393162393162	0.0	0	0.07052186177715092	0.0	0.0	0.0	0.0	0.0	0.0	0.0	0.0
1	0.0	0.0	15	0.0	9.5	0	0.13175230566534915	0.0	0.0	0.0	0.0	0.0	0.0	0.0	0.0
3	0.0	0.0	29	0.0	15.85	0	0.0	0.019470404984423675	0.0	0.0	0.0	0.0	0.0	0.018102824040550324	0.0
2	0.0	0.0	4	0.2621359223300971	16.41	0	0.08445945945945946	0.0	0.0	0.0	0.0	0.0	0.0	0.0	0.0
1	0.0	0.0	18	0.0	15.91	0	0.07867820613690008	0.0	0.0	0.5	0.0	0.0	0.0	0.0	0.0
3	0.0	0.0	49	0.0	13.96	0	0.0	0.032	0.0	0.0	0.0	0.0	0.0	0.0	0.016
1	0.0	0.0	39	0.2053571428571428	15.25	0	0.0	0.08316008316008315	0.0	4.75	0.0	0.0	0.0	0.0	0.0
3	1.0	0.5	38	0.0	17.0	0	0.06093845216331505	0.0	0.0	0.0	0.0	0.0	0.0	0.030469226081657527	0.0
3	0.3333333333333333	0.0	30	0.0	20.91	0	0.03204101249599487	0.0	0.0	0.0	0.0	0.0	0.0	0.016020506247997435	0.0
2	0.0	0.0	0	0.0	16.86	0	0.0	0.12437810945273634	0.0	0.0	0.0	0.0	0.0	0.0	0.0
3	0.0	0.0	15	0.0	16.62	0	0.057937427578215524	0.0	0.0	0.25	0.0	0.0	0.0	0.0	0.0
1	0.0	0.0	1	0.0625	16.75	0	0.0	0.12658227848101264	0.0	1.0	0.0	0.0	0.0	0.0	0.0
0	0.0	0.0	0	0.0	16.63	0	0.01012555690562981	0.0	0.0	0.0	0.0	0.0	0.0	0.0	0.0
1	0.0	0.0	19	0.0	10.0	0	0.2577319587628866	0.0	0.0	0.0	0.0	0.0	0.0	0.0	0.0
4	0.0	0.0	26	0.0	15.94	0	0.022321428571428572	0.0	0.0	0.0	0.0	0.0	0.0	0.0	0.0
3	0.0	0.0	10	0.1089588377723971	16.33	0	0.019876764062810574	0.0	0.0	2.5	0.0	0.0	0.0	0.0	0.0
1	0.0	0.0	30	0.25	4.74	0	50.0	0.0	0.0	0.0	0.0	0.0	0.0	0.0	0.0
1	0.0	0.0	46	0.0	13.55	0	0.027314941272876262	0.0	0.0	0.5	0.0	0.0	0.0	0.0	0.03313452617627568
1	0.0	0.0	1	0.0533333333333333	17.3	0	0.06954102920723226	0.0	0.0	5.5	0.0	0.0	0.0	0.0	0.0
1	0.0	0.0	0	0.1132075471698113	17.03	0	0.0	0.25728987993138935	0.0	0.0	0.0	0.0	0.0	0.0	0.0
1	0.0	0.0	0	0.1	9.5	0	0.0	150.0	0.0	0.0	0.0	0.0	0.0	0.0	0.0
3	0.0	0.0	39	0.024793388429752	15.88	0	0.0	0.027404768429706766	0.0	0.0	0.0	0.0	0.0	0.0	0.0
2	0.0	0.0	18	0.0	5.83	0	0.0	0.6944444444444444	0.0	0.0	0.0	0.0	0.0	0.0	0.0
2	0.0	0.0	13	0.0	8.27	0	0.36496350364963503	0.0	0.0	1.0	0.0	0.0	0.0	0.0	0.0
4	0.0	0.0	0	0.043859649122807	16.13	0	0.027240533914464723	0.0	0.0	0.0	0.0	0.0	0.0	0.0	0.0
0	0.0	0.0	0	0.0	16.28	0	0.013224014810896587	0.0	0.0	0.0	0.0	0.0	0.0	0.0	0.0
2	0.0	0.0	44	0.0	5.91	0	0.19379844961240308	0.0	0.0	0.0	0.0	0.0	0.0	0.09689922480620154	0.0
2	0.0	0.0	34	0.0	15.21	0	0.028843380444188056	0.0	0.0	0.5	0.0	0.0	0.0	0.0	0.0
0	1.0	0.0	28	0.0	0.0	0	0.058892815076560655	0.0	0.0	0.0	0.0	0.0	0.0	0.058892815076560655	0.0
1	0.0	0.0	0	0.0	17.15	0	0.0	1.346153846153846	0.0	0.0	0.0	0.0	0.0	0.0	0.0
1	0.0	0.0	60	0.0	5.17	0	0.10482180293501049	0.0	0.0	0.0	0.0	0.0	0.0	0.0	0.0
2	0.0	0.0	14	0.0	14.31	0	0.37037037037037035	0.0	0.0	0.5	0.0	0.0	0.0	0.0	0.0
3	0.0	0.0	40	0.0	15.25	0	0.0	0.01633186346562143	0.0	0.0	0.0	0.0	0.0	0.0	0.0
1	0.0	0.0	2	0.0	16.78	0	0.02701242571582928	0.0	0.0	0.0	0.0	0.0	0.0	0.0	0.0
2	0.0	0.0	40	0.0	9.26	0	0.0	0.07352941176470588	0.0	0.5	0.0	0.0	0.0	0.0	0.0
1	0.0	0.0	17	0.0	15.0	0	0.0	0.14925373134328357	0.0	0.0	0.0	0.0	0.0	0.0	0.0
0	0.0	0.0	8	0.4285714285714285	0.0	0	0.0	1.7241379310344829	0.0	1.0	0.0	0.0	0.0	0.0	0.0
3	0.0	0.0	25	0.0	15.42	0	0.0	0.027262813522355506	0.0	0.5	0.0	0.0	0.0	0.0	0.0
2	1.0	1.0	40	0.0277777777777777	29.0	0	0.04764173415912339	0.0	0.0	0.0	0.0	0.0	0.0	0.0	0.0
0	0.0	0.0	15	0.2857142857142857	0.0	0	0.0	0.8064516129032259	0.0	0.0	0.0	0.0	0.0	0.0	0.0
1	0.0	0.0	0	0.375	17.14	0	0.0	0.5617977528089888	0.0	0.0	0.0	0.0	0.0	0.0	0.0
4	0.0	0.0	33	0.0	15.17	0	0.02881014116969173	0.0	0.0	0.0	0.0	0.0	0.0	0.014405070584845865	0.0
0	0.0	0.0	16	0.1333333333333333	0.0	0	0.0	0.21645021645021645	0.0	0.0	0.0	0.0	0.0	0.0	0.0
0	1.0	1.0	2	0.1450980392156863	29.02	0	0.05572582892170521	0.0	0.0	0.0	0.0	0.0	0.0	0.0	0.0
2	0.0	0.0	4	0.0	17.59	0	0.0	0.16025641025641024	0.0	0.0	0.0	0.0	0.0	0.0	0.0
3	0.0	0.0	0	0.0410958904109589	17.58	0	0.0	0.29481132075471694	0.0	0.9	0.0	0.0	0.0	0.0	0.0
0	0.0	0.0	8	0.2403846153846154	0.0	0	0.05649717514124294	0.0	0.0	1.5	0.0	0.0	0.0	0.0	0.0
4	0.0	0.0	21	0.3531914893617021	16.17	0	0.11806375442739078	0.0	0.0	1.0	0.0	0.0	0.0	0.0	0.0
1	0.0	0.0	0	0.0	16.28	0	0.0	0.07541478129713423	0.0	0.0	0.0	0.0	0.0	0.0	0.0
3	0.0	0.0	44	0.0	5.34	0	0.4291845493562232	0.0	0.0	0.0	0.0	0.0	0.0	0.0	0.0
2	0.0	0.0	24	0.0	9.67	0	0.6302521008403361	0.0	0.0	0.0	0.0	0.0	0.0	0.0	0.0
1	0.0	0.0	0	0.0	16.52	0	0.0	0.17006802721088435	0.0	0.0	0.0	0.0	0.0	0.0	0.0
1	0.0	0.0	0	0.0	16.22	0	0.0	0.10121457489878542	0.0	0.0	0.0	0.0	0.0	0.0	0.0
1	0.0	0.0	0	0.0	16.98	0	0.0	0.3472222222222222	0.0	0.5	0.0	0.0	0.0	0.0	0.0
0	1.0	0.0	42	0.1379310344827586	23.61	0	0.0	0.16778523489932887	0.0	0.0	0.0	0.0	0.0	0.0	0.0
1	0.0	0.0	0	0.0	18.3	0	0.04266211604095563	0.0	0.0	3.0	0.0	0.0	0.0	0.0	0.0
2	0.0	0.0	1	0.1842105263157894	16.21	0	0.0	0.07855459544383346	0.0	0.0	0.0	0.0	0.0	0.0	0.0
3	0.0	0.0	35	0.0571428571428571	15.92	0	0.0	0.02390057361376673	0.0	0.0	0.0	0.0	0.0	0.0	0.011950286806883365
1	0.0	0.0	30	0.0	9.31	0	0.0	0.7936507936507937	0.0	0.0	0.0	0.0	0.0	0.0	0.0
0	0.0	0.0	20	0.0	0.0	0	0.0	0.20833333333333334	0.0	0.0	0.0	0.0	0.0	0.0	0.0
0	0.0	0.0	22	0.0	0.0	0	0.0	0.3184713375796178	0.0	0.5	0.0	0.0	0.0	0.0	0.0
1	0.0	0.0	22	0.0	15.11	0	0.0	0.029904306220095697	0.0	0.0	0.0	0.0	0.0	0.0	0.0
3	0.0	0.0	30	0.0	15.6	0	0.0	0.013526308670363857	0.0	0.5	0.0	0.0	0.0	0.0	0.0
2	0.0	0.0	20	0.0126582278481012	14.99	0	0.060024009603841535	0.0	0.0	0.0	0.0	0.0	0.0	0.0	0.0
1	0.0	0.0	38	0.0	9.5	0	0.09578544061302682	0.0	0.0	0.0	0.0	0.0	0.0	0.0	0.0
1	0.0	0.0	17	0.0	15.0	0	0.053908355795148244	0.0	0.0	0.0	0.0	0.0	0.0	0.0	0.0
1	0.0	0.0	0	0.05	16.79	0	0.0	0.20491803278688525	0.0	0.0	0.0	0.0	0.0	0.0	0.0
4	0.0	0.0	45	0.0	14.05	0	0.03465003465003465	0.0	0.0	1.0	0.0	0.0	0.0	0.0	0.0
4	0.0	0.0	0	0.0	16.6	0	0.01884303749764462	0.0	0.0	0.0	0.0	0.0	0.0	0.0	0.0
4	0.0	0.0	1	0.0	16.53	0	0.03824091778202677	0.0	0.0	0.0	0.0	0.0	0.0	0.0	0.0
1	0.0	0.0	0	0.0	16.69	0	0.0	0.42194092827004215	0.0	0.0	0.0	0.0	0.0	0.0	0.0
2	0.0	0.0	30	0.0	12.91	0	0.16181229773462785	0.0	0.0	0.0	0.0	0.0	0.0	0.08090614886731393	0.0
2	0.0	0.0	36	0.0	14.58	0	0.0	0.05955926146515784	0.0	0.0	0.0	0.0	0.0	0.0	0.02977963073257892
1	0.0	0.0	0	0.0	9.5	0	0.0	1.3888888888888888	0.0	0.0	0.0	0.0	0.0	0.0	0.0
2	0.0	0.0	0	0.0	16.52	0	0.0	0.2469135802469136	0.0	0.0	0.0	0.0	0.0	0.0	0.0
0	0.0	0.0	43	0.0344827586206896	0.0	1	0.0	50.0	0.0	0.75	0.0	0.0	0.0	0.0	3.125
1	1.0	0.0	38	0.04	0.94	0	0.06700167504187604	0.0	0.0	0.0	0.0	0.0	0.0	0.0	0.0
1	0.0	0.0	42	0.2303030303030303	14.06	0	0.0	0.0350385423966363	0.0	0.0	0.0	0.0	0.0	0.0	0.0
0	1.0	1.0	21	0.0	0.0	0	0.0	0.021958717610891524	0.0	0.0	0.0	0.0	0.0	0.0	0.0
1	0.0	0.0	20	0.4285714285714285	8.96	0	0.0	1.2658227848101264	0.0	0.5	0.0	0.0	0.0	0.0	0.0
1	0.0	0.0	0	0.0	17.11	0	0.0	0.2747252747252747	0.0	0.5	0.0	0.0	0.0	0.0	0.0
0	0.0	0.0	37	0.0	15.24	0	0.0	0.029708853238265005	0.0	0.5	0.0	0.0	0.0	0.0	0.0
3	0.0	0.0	52	0.0	4.6	0	50.0	0.0	0.0	0.5	0.0	0.0	0.0	0.0	0.0
2	0.0	0.0	2	0.0	17.11	0	0.0	0.11990407673860912	0.0	0.0	0.0	0.0	0.0	0.0	0.0
1	0.0	0.0	1	0.0	8.96	0	0.0	1.3157894736842106	0.0	0.0	0.0	0.0	0.0	0.0	0.0
1	0.0	0.0	41	0.0	12.0	0	0.13812154696132597	0.0	0.0	0.0	0.0	0.0	0.0	0.06906077348066299	0.0
2	0.0	0.0	0	0.0	17.39	0	0.0	0.40322580645161293	0.0	0.5	0.0	0.0	0.0	0.0	0.0
2	0.0	0.0	57	0.0	8.67	0	0.0	0.02453385672227674	0.0	0.0	0.0	0.0	0.0	0.0	0.0
1	0.0	0.0	45	0.0	2.0	0	0.0	0.09891196834817013	0.0	1.0	0.0	0.0	0.0	0.0	0.09891196834817013
0	0.0	1.0	30	0.0175438596491228	0.0	0	0.12448132780082986	0.0	0.0	0.0	0.0	0.0	0.0	0.04149377593360996	0.0
1	0.0	0.0	36	0.188235294117647	11.0	0	0.05387931034482759	0.0	0.0	0.0	0.0	0.0	0.0	0.0	0.0
4	0.0	0.0	16	0.0	16.14	0	0.031826861871419476	0.0	0.0	3.0	0.0	0.0	0.0	0.0	0.0
1	0.0	0.0	12	0.0	9.88	0	0.0	0.18518518518518517	0.0	0.5	0.0	0.0	0.0	0.0	0.0
1	1.0	1.0	1	0.0	17.44	0	0.5154639175257733	0.0	0.0	0.0	0.0	0.0	0.0	0.0	0.0
6	0.0	0.0	33	0.0	16.22	0	0.0	0.018328445747800584	0.0	0.0	0.0	0.0	0.0	0.0	0.0
1	0.0	0.0	0	0.0	16.56	0	0.0	0.23696682464454977	0.0	0.0	0.0	0.0	0.0	0.0	0.0
0	0.0	0.0	19	0.6190476190476191	0.0	0	0.14705882352941177	0.0	0.0	1.0	0.0	0.0	0.0	0.0	0.0
0	0.0	0.0	16	0.0	0.0	0	0.0	0.19455252918287938	0.0	0.0	0.0	0.0	0.0	0.0	0.0
1	0.0	0.0	1	0.0151515151515151	16.22	0	0.021734405564007825	0.0	0.0	0.0	0.0	0.0	0.0	0.0	0.0
1	1.0	1.0	2	0.0	8.96	0	0.0	0.030111412225233364	0.0	0.5	0.0	0.0	0.0	0.0	0.0
4	0.5	0.0	39	0.0774410774410774	22.95	0	0.02508780732563974	0.0	0.0	0.25	0.0	0.0	0.0	0.0	0.0
3	0.0	0.0	33	0.1021897810218978	13.71	0	0.09082652134423251	0.0	0.0	0.0	0.0	0.0	0.0	0.09082652134423251	0.0
3	0.0	0.0	64	0.0	10.1	0	1.2195121951219512	0.0	0.0	0.0	0.0	0.0	0.0	0.0	0.0
3	0.0	0.0	29	0.074074074074074	9.7	0	0.0931098696461825	0.0	0.0	0.0	0.0	0.0	0.0	0.0	0.05841121495327103
1	0.0	0.0	18	0.0130718954248366	1.5	0	0.0	0.04046944556859571	0.0	0.0	0.0	0.0	0.0	0.0	0.0
4	0.0	1.0	32	0.0	15.01	0	0.0	0.02344116268166901	0.0	1.0	0.0	0.0	0.0	0.0	0.0
1	0.0	0.0	16	0.1363636363636363	9.5	0	0.1251564455569462	0.0	0.0	0.0	0.0	0.0	0.0	0.0	0.0
0	0.0	0.0	20	0.0	0.0	0	0.0	0.0	0.0	0.0	0.0	0.0	0.0	0.0	0.0
5	0.0	0.0	20	0.0838323353293413	15.87	0	0.06301197227473221	0.0	0.0	0.25	0.0	0.0	0.0	0.0	0.0
0	0.0	0.0	15	0.0	0.0	0	0.0	0.8928571428571428	0.0	0.0	0.0	0.0	0.0	0.0	0.0
3	0.0	0.0	1	0.0088105726872246	16.31	0	0.024844720496894408	0.0	0.0	1.0	0.0	0.0	0.0	0.0	0.0
0	0.0	0.0	15	0.0416666666666666	0.0	0	0.15772870662460567	0.0	0.0	1.0	0.0	0.0	0.0	0.0	0.0
1	0.0	0.0	17	0.0	9.78	0	0.0	0.30864197530864196	0.0	0.0	0.0	0.0	0.0	0.0	0.0
2	0.0	0.0	48	0.0	5.95	0	0.121654501216545	0.0	0.0	0.0	0.0	0.0	0.0	0.121654501216545	0.0
0	0.0	0.0	18	0.1428571428571428	0.0	0	0.08156606851549755	0.0	0.0	0.0	0.0	0.0	0.0	0.08156606851549755	0.0
0	0.0	0.0	3	0.0	16.63	0	0.03288391976323578	0.0	0.0	0.0	0.0	0.0	0.0	0.0	0.0
3	0.0	0.0	19	0.0	7.25	0	0.0	0.20746887966804978	0.0	0.0	0.0	0.0	0.0	0.0	0.0
2	0.0	0.0	15	0.0803571428571428	15.82	0	0.0	0.022747952684258416	0.0	0.0	0.0	0.0	0.0	0.0	0.0
2	0.0	0.0	14	0.0	9.62	0	0.390625	0.0	0.0	0.0	0.0	0.0	0.0	0.0	0.0
1	0.0	0.0	20	0.0	4.95	0	1.1904761904761905	0.0	0.0	0.0	0.0	0.0	0.0	0.0	0.0
0	0.0	0.0	29	0.0	0.0	0	0.4464285714285714	0.0	0.0	0.0	0.0	0.0	0.0	0.4464285714285714	0.0
2	0.0	0.0	27	0.0085836909871244	15.93	0	0.0	0.03041362530413625	0.0	0.0	0.0	0.0	0.0	0.0	0.03041362530413625
3	0.0	0.0	0	0.0	17.48	0	0.0	0.4310344827586207	0.0	0.0	0.0	0.0	0.0	0.0	0.0
2	0.0	0.0	16	0.0	11.83	0	0.11337868480725623	0.0	0.0	0.5	0.0	0.0	0.0	0.0	0.0
1	0.0	0.0	4	0.0	10.0	0	0.22271714922048996	0.0	0.0	0.0	0.0	0.0	0.0	0.0	0.0
1	1.0	0.0	21	0.1690140845070422	5.5	0	0.0	0.08613264427217916	0.0	0.0	0.0	0.0	0.0	0.0	0.08613264427217916
1	0.0	0.0	48	0.025	8.64	0	0.0625	0.0	0.0	0.0	0.0	0.0	0.0	0.0	0.0
2	0.0	0.0	0	0.1	140.08	0	0.0	2.941176470588235	0.0	0.0	0.0	0.0	0.0	0.0	0.0
3	0.0	0.0	0	0.0	17.27	0	0.0	0.4	0.0	0.5	0.0	0.0	0.0	0.0	0.0
0	0.5	0.5	4	0.0	24.09	0	0.009650646593321752	0.026219192448872573	0.0	0.0	0.0	0.0	0.0	0.0	0.0
5	0.0	0.0	15	0.0	15.84	0	0.0379794910748196	0.0	0.0	0.0	0.0	0.0	0.0	0.0	0.0
1	1.0	0.0	50	0.0	4.5	0	0.05583472920156337	0.0	0.0	0.0	0.0	0.0	0.0	0.027917364600781685	0.0
1	0.0	0.0	1	0.0	16.64	0	0.19011406844106465	0.0	0.0	0.0	0.0	0.0	0.0	0.0	0.0
2	0.5	1.0	29	0.0	13.33	1	2.34375	0.0	0.0	0.8888888888888888	0.0	0.0	0.0	0.0	0.0385951370127364
2	0.0	0.0	14	0.3333333333333333	6.81	0	0.0	0.3048780487804878	0.0	0.0	0.0	0.0	0.0	0.0	0.0
0	0.0	0.0	19	0.25	0.0	1	50.0	0.0	0.0	0.75	0.0	0.0	0.0	0.0	0.0
3	0.0	0.0	25	0.0	10.43	0	0.16611295681063123	0.0	0.0	0.5	0.0	0.0	0.0	0.0	0.0
2	0.0	0.0	34	0.0389105058365758	15.15	0	0.037893141341417205	0.0	0.0	0.5	0.0	0.0	0.0	0.0	0.0
1	0.0	0.0	21	0.3298969072164948	11.02	0	0.0	0.14204545454545456	0.0	0.0	0.0	0.0	0.0	0.0	0.14204545454545456
2	0.0	0.0	40	0.0818713450292397	14.02	0	0.042265426880811495	0.0	0.0	0.0	0.0	0.0	0.0	0.0	0.0
2	0.0	0.0	0	0.0266666666666666	23.4	0	0.046685340802987856	0.0	0.0	0.0	0.0	0.0	0.0	0.0	0.0
0	1.0	1.0	23	0.0363636363636363	0.0	0	0.0	0.07633587786259542	0.0	1.0	0.0	0.0	0.0	0.0	0.0
1	0.0	0.0	19	0.0625	1.89	0	0.0	0.24449877750611249	0.0	0.0	0.0	0.0	0.0	0.0	0.24449877750611249
1	0.0	0.0	33	0.0	15.05	0	0.0	0.031456432840515886	0.0	0.0	0.0	0.0	0.0	0.0	0.0
1	0.0	0.5	25	0.0	10.15	1	2.0408163265306123	0.0	0.0	0.6666666666666666	0.0	0.0	0.0	0.0	0.0
2	0.0	0.0	0	0.0	16.26	0	0.0	0.054945054945054944	0.0	0.0	0.0	0.0	0.0	0.0	0.0
1	1.0	0.0	0	0.0	9.5	0	0.0	0.14326647564469913	0.0	0.0	0.0	0.0	0.0	0.0	0.0
1	0.0	0.0	17	0.0	10.58	0	0.2145922746781116	0.0	0.0	1.0	0.0	0.0	0.0	0.2145922746781116	0.0
4	0.0	0.0	64	0.0	14.77	0	0.0	0.013829345871940256	0.0	0.0	0.0	0.0	0.0	0.0	0.0
0	0.0	1.0	28	0.0	0.0	0	0.04257130693912303	0.0	0.0	0.0	0.0	0.0	0.0	0.0	0.0
0	0.0	0.0	15	0.0	0.0	0	0.0	0.2604166666666667	0.0	0.0	0.0	0.0	0.0	0.0	0.0
2	0.0	0.0	50	0.0	14.62	0	0.022609088853719195	0.0	0.0	0.0	0.0	0.0	0.0	0.0	0.0
2	0.0	0.0	39	0.0	13.03	0	0.0	0.042789901583226354	0.0	0.0	0.0	0.0	0.0	0.0	0.021394950791613177
4	0.0	0.0	0	0.0	18.35	0	0.0	0.08849557522123894	0.0	9.5	0.0	0.0	0.0	0.0	0.0
9	0.0	0.0	42	0.0	15.05	0	0.021290185224611454	0.0	0.0	0.0	0.0	0.0	0.0	0.0	0.0
1	0.0	0.0	30	0.0	3.77	0	0.0	0.20833333333333334	0.0	0.0	0.0	0.0	0.0	0.0	0.0
3	1.0	1.0	49	0.0	30.3	0	0.04992511233150274	0.0	0.0	0.0	0.0	0.0	0.0	0.02496255616575137	0.0
3	1.0	1.0	43	0.0	30.13	0	0.0	0.10952902519167579	0.0	0.0	0.0	0.0	0.0	0.12363996043521266	0.0
1	0.0	0.0	18	0.0333333333333333	16.3	0	0.0	0.009407337723424272	0.0	0.0	0.0	0.0	0.0	0.0	0.0
0	0.0	1.0	20	0.0	0.0	0	0.0	0.09823182711198429	0.0	0.5	0.0	0.0	0.0	0.0	0.0
2	0.0	0.0	35	0.0	13.63	0	0.03695491500369549	0.0	0.0	0.0	0.0	0.0	0.0	0.0	0.0
7	0.0	0.0	13	0.0	16.08	0	0.02144542140253056	0.0	0.0	0.0	0.0	0.0	0.0	0.0	0.0
2	0.0	0.0	2	0.1428571428571428	17.24	0	0.3436426116838488	0.0	0.0	2.0	0.0	0.0	0.0	0.0	0.0
2	0.0	0.0	37	0.0	15.7	0	0.01736714136853074	0.0	0.0	1.0	0.0	0.0	0.0	0.0	0.028985507246376812
2	0.0	0.0	36	0.0	17.24	0	0.37593984962406013	0.0	0.0	0.0	0.0	0.0	0.0	0.0	0.0
2	0.0	0.0	42	0.0232558139534883	15.08	0	0.0	0.33783783783783783	0.0	0.8333333333333334	0.0	0.0	0.0	0.0	0.02815315315315315
1	0.0	0.0	20	0.032258064516129	12.5	0	0.1079913606911447	0.0	0.0	0.0	0.0	0.0	0.0	0.0	0.0
3	0.0	0.0	0	0.0	16.55	0	0.0	0.10718113612004287	0.0	0.0	0.0	0.0	0.0	0.0	0.0
0	0.25	0.25	0	0.0	23.83	0	0.07339449541284404	0.0	0.0	0.0	0.0	0.0	0.0	0.0	0.0
1	1.0	1.0	36	0.0196078431372549	23.86	1	0.0	0.7923930269413629	0.0	0.7	0.0	0.0	0.0	0.0	0.0
1	0.0	0.0	10	0.1818181818181818	4.0	1	1.1111111111111112	0.0	0.0	2.0	0.0	0.0	0.0	0.0	0.0
3	0.0	0.0	33	0.0363636363636363	14.7	0	0.04098360655737705	0.0	0.0	0.0	0.0	0.0	0.0	0.0	0.014080540692762603
1	0.0	0.0	0	0.0	16.58	0	0.0	0.11350737797956867	0.0	0.0	0.0	0.0	0.0	0.0	0.0
2	0.0	0.0	42	0.1677852348993288	14.04	0	0.038804811796662786	0.0	0.0	1.0	0.0	0.0	0.0	0.05820721769499418	0.0
3	0.0	0.0	38	0.0	14.52	0	0.0	0.04462293618920125	0.0	0.0	0.0	0.0	0.0	0.0	0.0
2	0.0	0.0	19	0.0	8.59	0	0.16611295681063123	0.0	0.0	0.0	0.0	0.0	0.0	0.0	0.0
1	0.0	0.0	16	0.0	9.5	0	0.3546099290780142	0.0	0.0	0.0	0.0	0.0	0.0	0.0	0.0
7	0.0	0.0	16	0.0	18.32	0	0.05099439061703213	0.0	0.0	0.25	0.0	0.0	0.0	0.0	0.0
3	0.0	0.0	21	0.0	15.93	0	0.0	0.0594883997620464	0.0	0.0	0.0	0.0	0.0	0.022660321776569226	0.0
1	0.0	0.0	45	0.0	15.14	0	0.0	0.0286368843069874	0.0	0.0	0.0	0.0	0.0	0.0	0.0
1	0.0	0.0	22	0.0	9.9	0	0.0	0.2857142857142857	0.0	0.0	0.0	0.0	0.0	0.0	0.0
1	0.0	0.0	48	0.0	4.5	0	0.0	0.2717391304347826	0.0	0.0	0.0	0.0	0.0	0.06896551724137931	0.0
1	0.0	0.0	18	0.0	19.85	0	1.0775862068965518	0.0	0.0	0.2	0.0	0.0	0.0	0.21551724137931036	0.0
0	0.0	0.0	21	0.0	0.0	0	0.0	0.27548209366391185	0.0	0.0	0.0	0.0	0.0	0.0	0.0
0	1.0	0.0	20	0.1666666666666666	0.0	0	0.0	0.7142857142857143	0.0	0.0	0.0	0.0	0.0	0.0	0.35714285714285715
3	0.0	0.0	68	0.1628664495114006	13.94	0	1.1038289065194895	0.0	0.0	0.203125	0.0	0.0	0.0	0.0	0.0
4	0.0	0.0	44	0.0124223602484472	15.5	0	0.0	0.032658393207054215	0.0	0.0	0.0	0.0	0.0	0.0	0.0
0	0.0	0.0	2	0.0957446808510638	16.39	0	0.0	0.030275507114744173	0.0	1.0	0.0	0.0	0.0	0.0	0.0
5	0.0	0.0	48	0.0	22.48	0	0.03807348181991243	0.0	0.0	0.0	0.0	0.0	0.0	0.0	0.0
1	0.0	0.0	22	0.0	20.27	0	0.0	0.45454545454545453	0.0	0.0	0.0	0.0	0.0	0.0	0.45454545454545453
1	0.0	0.0	17	0.0	10.0	0	0.29411764705882354	0.0	0.0	0.0	0.0	0.0	0.0	0.0	0.0
0	0.0	0.0	19	0.0	15.25	0	0.06920415224913495	0.0	0.0	0.0	0.0	0.0	0.0	0.0	0.0
0	0.0	0.0	3	0.18032786885245897	16.19	0	0.0	0.03045066991473812	0.0	1.0	0.0	0.0	0.0	0.0	0.0
2	0.0	0.0	53	0.0	8.69	0	0.0	0.2857142857142857	0.0	0.0	0.0	0.0	0.0	0.0	0.07142857142857142
0	0.0	0.0	15	0.0	0.0	0	0.0	0.12330456226880396	0.0	0.0	0.0	0.0	0.0	0.0	0.0
2	0.0	0.0	45	0.425531914893617	5.67	0	0.20964360587002098	0.0	0.0	1.0	0.0	0.0	0.0	0.10482180293501049	0.0
0	0.0	0.0	41	0.0625	25.03	0	0.0	0.3184713375796178	0.0	0.0	0.0	0.0	0.0	0.0	0.0
0	0.0	0.0	18	0.0	0.0	0	0.03323363243602526	0.0	0.0	0.5	0.0	0.0	0.0	0.03323363243602526	0.0
3	0.0	0.0	42	0.0	15.23	0	0.0123334977799704	0.0	0.0	0.0	0.0	0.0	0.0	0.0246669955599408	0.0
2	0.0	0.0	0	0.0	16.62	0	0.04719207173194903	0.0	0.0	0.0	0.0	0.0	0.0	0.0	0.0
1	0.0	0.0	13	0.0	5.88	0	2.0833333333333335	0.0	0.0	0.5	0.0	0.0	0.0	0.0	0.0
4	0.0	0.0	31	0.0597014925373134	14.54	0	0.0	0.04892367906066536	0.0	5.0	0.0	0.0	0.0	0.0	0.0
1	0.0	0.0	0	0.0	10.5	0	0.0	0.47058823529411764	0.0	0.0	0.0	0.0	0.0	0.0	0.0
2	0.0	0.0	2	0.0	17.0	0	0.0	0.1610305958132045	0.0	0.0	0.0	0.0	0.0	0.0	0.0
1	0.0	0.0	22	0.0	12.96	0	0.1557632398753894	0.0	0.0	0.0	0.0	0.0	0.0	0.0	0.0
1	0.0	1.0	38	0.0	12.0	0	0.05175983436853002	0.0	0.0	0.5	0.0	0.0	0.0	0.0	0.0
5	0.0	0.0	43	0.0	15.03	0	0.025627883136852894	0.0	0.0	0.0	0.0	0.0	0.0	0.0	0.009914733293674401
1	0.0	0.0	47	0.0	15.66	0	0.012403870007442322	0.0	0.0	0.0	0.0	0.0	0.0	0.0	0.0
1	0.5	0.5	0	0.0	27.81	0	0.018168604651162792	0.0	0.0	0.0	0.0	0.0	0.0	0.0	0.0
3	1.0	0.0	0	0.044776119402985	17.85	0	0.0	0.047619047619047616	0.0	0.0	0.0	0.0	0.0	0.0	0.0
0	0.0	0.0	16	0.0	0.0	0	0.29239766081871343	0.0	0.0	0.5	0.0	0.0	0.0	0.0	0.0
1	0.0	0.0	32	0.0	1.0	0	0.06489292667099286	0.0	0.0	0.0	0.0	0.0	0.0	0.03244646333549643	0.0
0	0.0	0.0	9	0.0	0.0	0	0.0	0.3333333333333333	0.0	1.0	0.0	0.0	0.0	0.0	0.0
2	0.0	0.0	21	0.0	8.75	0	0.20576131687242796	0.0	0.0	0.5	0.0	0.0	0.0	0.0	0.0
0	0.0	0.0	1	0.0	16.05	0	0.017328019407381736	0.0	0.0	0.5	0.0	0.0	0.0	0.0	0.0
0	0.0	0.0	29	0.1538461538461538	0.0	0	0.2222222222222222	0.0	0.0	0.0	0.0	0.0	0.0	0.2222222222222222	0.0
1	0.0	0.0	0	0.0	9.5	0	0.0	0.5617977528089888	0.0	0.0	0.0	0.0	0.0	0.0	0.0
0	0.0	0.0	1	0.0	16.54	0	0.0265041081367612	0.0	0.0	0.5	0.0	0.0	0.0	0.0	0.0
0	0.0	0.0	2	0.3571428571428571	16.65	0	0.27624309392265195	0.0	0.0	0.0	0.0	0.0	0.0	0.0	0.0
3	0.0	0.0	2	0.0	16.61	0	0.0	0.06684491978609625	0.0	0.0	0.0	0.0	0.0	0.0	0.0
2	0.0	0.0	48	0.0	12.6	0	0.04084967320261438	0.0	0.0	0.0	0.0	0.0	0.0	0.0	0.0
2	0.0	0.0	19	0.0	15.98	0	0.0	0.020652622883106153	0.0	2.0	0.0	0.0	0.0	0.0	0.0
8	0.0	0.0	48	0.0	14.84	0	0.0	0.05827505827505827	0.0	0.0	0.0	0.0	0.0	0.0	0.029137529137529136
2	0.0	0.0	0	0.0	16.29	0	0.0617283950617284	0.0	0.0	0.0	0.0	0.0	0.0	0.0	0.0
3	0.0	0.0	37	0.0	14.21	0	0.0	0.015664160401002505	0.0	0.0	0.0	0.0	0.0	0.0	0.0
4	0.0	0.0	66	0.1061946902654867	12.55	0	0.0	0.03676470588235294	0.0	0.0	0.0	0.0	0.0	0.0	0.0
3	0.0	0.0	40	0.0	13.82	0	0.0	0.023969319271332695	0.0	0.0	0.0	0.0	0.0	0.01644195988161789	0.023969319271332695
2	0.6666666666666666	1.0	23	0.0	12.66	0	0.0334001336005344	0.0	0.0	1.0	0.0	0.0	0.0	0.0	0.0
1	0.0	0.0	27	0.0	11.5	0	0.0	0.7299270072992701	0.0	0.0	0.0	0.0	0.0	0.0	0.0
2	0.0	0.5	66	0.0	10.23	1	2.361111111111111	0.0	0.0	0.11764705882352941	0.0	0.0	0.0	1.1111111111111112	0.0
1	0.0	0.0	15	0.0	10.43	0	0.12853470437017994	0.0	0.0	0.0	0.0	0.0	0.0	0.0	0.0
3	0.0	0.0	40	0.2690355329949238	14.7	0	0.030469226081657527	0.0	0.0	0.0	0.0	0.0	0.0	0.0	0.013333333333333334
0	0.0	0.0	34	0.0144927536231884	14.66	0	0.03032140691328078	0.0	0.0	0.0	0.0	0.0	0.0	0.01516070345664039	0.0
1	0.0	0.0	0	0.1666666666666666	17.19	0	0.0	0.2631578947368421	0.0	0.0	0.0	0.0	0.0	0.0	0.0
2	0.0	0.0	40	0.0	12.17	0	0.05141388174807198	0.0	0.0	0.0	0.0	0.0	0.0	0.0	0.0
3	0.0	0.0	2	0.0	22.86	0	0.0	0.17793594306049823	0.0	0.0	0.0	0.0	0.0	0.0	0.0
0	0.0	0.3333333333333333	46	0.0	12.44	1	0.49544193420531113	1.1829652996845426	0.03636363636363636	0.8181818181818182	0.0	0.03963535473642489	0.3333333333333333	0.4359889021006738	0.0
0	0.0	0.0	33	0.0	8.89	0	0.08726003490401396	0.0	0.0	0.0	0.0	0.0	0.0	0.0	0.0
2	0.0	0.0	0	0.0	16.21	0	0.0	0.09823182711198429	0.0	0.0	0.0	0.0	0.0	0.0	0.0
4	0.0	0.0	80	0.0	8.79	0	0.0	1.048951048951049	0.0	0.0	0.0	0.0	0.0	0.0	0.0
3	0.0	0.0	0	0.2298850574712643	16.62	0	0.0	0.012462612163509473	0.0	1.0	0.0	0.0	0.0	0.0	0.0
1	0.0	0.0	17	0.0	15.54	0	0.048239266763145196	0.0	0.0	0.0	0.0	0.0	0.0	0.0	0.0
9	0.0	0.0	40	0.0	15.54	0	0.0	0.009521995810321844	0.0	0.0	0.0	0.0	0.0	0.03980891719745223	0.009521995810321844
0	0.0	0.5	28	0.0232558139534883	40.63	0	0.0594883997620464	0.0	0.0	0.25	0.0	0.0	0.0	0.0297441998810232	0.0
0	0.0	0.0	32	0.0	16.02	0	0.0	0.028058361391694726	0.0	0.0	0.0	0.0	0.0	0.0	0.0
1	0.0	0.0	0	0.0	9.5	0	0.0	1.1111111111111112	0.0	0.5	0.0	0.0	0.0	0.0	0.0
3	0.0	0.0	0	0.0	16.4	0	0.0	0.10695187165775401	0.0	0.5	0.0	0.0	0.0	0.0	0.0
3	0.3333333333333333	0.0	43	0.0	10.92	0	0.07493443237167478	0.0	0.0	0.0	0.0	0.0	0.0	0.0	0.016305233980107615
0	0.0	0.0	46	0.0	0.0	0	0.11737089201877934	0.0	0.0	0.0	0.0	0.0	0.0	0.0	0.0
0	0.0	0.0	20	0.0	0.0	0	0.0	1.7857142857142856	0.0	0.0	0.0	0.0	0.0	0.0	0.0
0	0.0	0.0	66	0.4032258064516129	20.0	0	0.6172839506172839	0.0	1.0	1.0	0.0	0.0	0.0	0.0	0.0
0	1.0	0.0	31	0.1904761904761904	0.0	0	0.0	0.36496350364963503	0.0	0.5	0.0	0.0	0.0	0.0	0.0
0	0.5	0.5	46	0.0495495495495495	18.49	0	0.1213101496158512	0.0	0.0	1.1666666666666667	0.0	0.0	0.0	0.020218358269308533	0.0
2	0.0	0.0	40	0.1611111111111111	13.89	0	0.05546311702717693	0.0	0.0	0.0	0.0	0.0	0.0	0.0	0.013888888888888888
2	0.0	0.0	25	0.0625	7.46	0	0.23809523809523808	0.0	0.0	4.0	0.0	0.0	0.0	0.0	0.0
1	0.0	0.0	23	0.1739130434782608	7.32	0	0.7936507936507936	0.0	0.0	2.5	0.0	0.0	0.0	0.0	0.0
2	0.0	0.0	26	0.2857142857142857	14.35	0	0.06305170239596469	0.0	0.0	0.0	0.0	0.0	0.0	0.0	0.0
4	0.0	0.0	44	0.0	15.34	0	0.009632055480639569	0.0	0.0	0.0	0.0	0.0	0.0	0.009632055480639569	0.0
0	0.0	0.0	19	0.0	0.0	0	0.07132667617689016	0.0	0.0	0.0	0.0	0.0	0.0	0.0	0.0
0	0.0	1.0	39	0.017094017094017	0.0	0	0.0	0.08841732979664013	0.0	0.0	0.0	0.0	0.0	0.0	0.0
1	0.0	0.0	23	0.0869565217391304	15.66	0	0.025866528711846873	0.0	0.0	0.0	0.0	0.0	0.0	0.0	0.0
1	0.0	0.0	17	0.1818181818181818	5.9	0	1.3888888888888888	0.0	0.0	2.0	0.0	0.0	0.0	0.0	0.0
0	0.0	0.0	19	0.0	0.0	0	0.04205214465937763	0.0	0.0	0.0	0.0	0.0	0.0	0.0	0.0
3	0.0	0.0	1	0.0	16.35	0	0.0	0.18796992481203006	0.0	0.0	0.0	0.0	0.0	0.0	0.0
2	0.0	0.0	19	0.0	15.35	0	0.0	0.05125576627370579	0.0	0.0	0.0	0.0	0.0	0.0	0.0
1	0.0	0.0	25	0.0512820512820512	5.66	0	0.14367816091954022	0.0	0.0	0.0	0.0	0.0	0.0	0.0	0.0
7	0.0	0.0	17	0.040650406504065005	16.02	0	0.026048450117218024	0.0	0.0	0.5	0.0	0.0	0.0	0.0	0.0
0	0.0	0.0	33	0.0	15.24	0	0.026518164942985943	0.0	0.0	0.0	0.0	0.0	0.0	0.0	0.0
2	0.0	0.0	33	0.0	28.44	0	0.0	0.01774937877174299	0.0	0.0	0.0	0.0	0.0	0.0	0.0
3	0.0	0.0	34	0.0833333333333333	5.68	0	0.4464285714285714	0.0	0.0	0.0	0.0	0.0	0.0	0.0	0.0
2	0.0	0.0	68	0.0	11.92	0	0.03607503607503608	0.0	0.0	0.0	0.0	0.0	0.0	0.0	0.0
3	0.0	0.0	35	0.018018018018018004	11.09	0	0.08857395925597875	0.0	0.0	0.5	0.0	0.0	0.0	0.0	0.02575991756826378
3	0.0	0.0	1	0.0	16.63	0	0.0	0.07347538574577517	0.0	0.0	0.0	0.0	0.0	0.0	0.0
3	1.0	0.0	31	0.0	14.05	0	0.0	0.05588673621460507	0.0	0.0	0.0	0.0	0.0	0.0	0.018628912071535022
0	0.0	0.0	45	0.0	10.86	0	0.0	0.02653927813163482	0.0	0.0	0.0	0.0	0.0	0.0	0.0
1	0.0	0.0	38	0.0655737704918032	8.6	0	0.04748338081671415	0.0	0.0	0.0	0.0	0.0	0.0	0.04748338081671415	0.0
6	0.0	0.0	21	0.0	15.28	0	0.0	0.023629489603024575	0.0	0.0	0.0	0.0	0.0	0.0	0.023629489603024575
0	1.0	0.0	18	0.0	0.0	0	0.0	0.2008032128514056	0.0	0.0	0.0	0.0	0.0	0.0	0.0
1	0.0	0.0	43	0.0	15.33	0	0.0	0.022172949002217293	0.0	0.5	0.0	0.0	0.0	0.0	0.0
2	0.0	0.0	36	0.0	6.74	0	0.12626262626262627	0.0	0.0	0.0	0.0	0.0	0.0	0.06313131313131314	0.0
1	0.0	0.0	0	0.0	16.91	0	0.0	0.2976190476190476	0.0	0.0	0.0	0.0	0.0	0.0	0.0
4	0.0	0.0	40	0.0495867768595041	11.32	0	0.054764512595837894	0.0	0.0	2.0	0.0	0.0	0.0	0.0	0.0
3	0.0	0.0	16	0.0	11.56	0	0.0	1.2396694214876034	0.0	0.6666666666666666	0.0	0.0	0.0	0.0	0.0
2	0.0	0.0	2	0.0	66.41	0	0.06734006734006734	0.0	0.0	0.0	0.0	0.0	0.0	0.0	0.0
1	0.0	1.0	42	0.0	6.27	1	0.22407170294494239	1.0018785222291797	0.02564102564102564	0.8717948717948718	0.0	0.03201024327784891	0.0	0.2560819462227913	0.0
2	0.0	0.0	0	0.0	18.45	0	0.0	0.2347417840375587	0.0	0.0	0.0	0.0	0.0	0.0	0.0
5	0.0	0.0	2	0.0	16.95	0	0.010820168794633196	0.0	0.0	0.0	0.0	0.0	0.0	0.0	0.0
1	0.0	0.0	18	0.0681818181818181	10.0	0	0.06195786864931846	0.0	0.0	0.0	0.0	0.0	0.0	0.0	0.0
0	0.0	0.0	35	0.1566265060240964	26.87	0	0.0	0.0968054211035818	0.0	0.5	0.0	0.0	0.0	0.015873015873015872	0.0
1	0.0	0.0	0	0.0	15.49	0	0.0	2.3255813953488373	0.0	0.0	0.0	0.0	0.0	0.0	0.0
2	0.0	0.0	15	0.0	9.67	0	0.6172839506172839	0.0	0.0	0.0	0.0	0.0	0.0	0.0	0.0
4	0.0	0.0	20	0.0	15.36	0	0.02009646302250804	0.0	0.0	1.0	0.0	0.0	0.0	0.04019292604501608	0.0
2	0.0	0.0	19	0.05	17.7	0	0.21413276231263384	0.0	0.0	1.0	0.0	0.0	0.0	0.0	0.0
3	0.0	0.0	0	0.0097560975609756	16.23	0	0.016644474034620507	0.0	0.0	0.0	0.0	0.0	0.0	0.0	0.0
2	1.0	1.0	61	0.0930232558139534	6.12	1	0.20804438280166437	0.49751243781094534	0.0	1.0	0.0	0.0	0.5	0.0	0.12437810945273634
0	0.0	0.0	17	0.2	0.0	0	0.0	0.684931506849315	0.0	0.0	0.0	0.0	0.0	0.0	0.684931506849315
2	0.0	0.0	0	0.25	16.69	0	0.025826446280991736	0.0	0.0	0.0	0.0	0.0	0.0	0.0	0.0
0	1.0	0.0	17	0.028169014084507005	0.0	0	0.0	0.07727975270479134	0.0	0.0	0.0	0.0	0.0	0.0	0.07727975270479134
1	0.0	0.0	20	0.0	12.0	0	0.5649717514124294	0.0	0.0	1.0	0.0	0.0	0.0	0.0	0.0
1	0.0	0.0	1	0.0	17.27	0	0.3787878787878788	0.0	0.0	1.0	0.0	0.0	0.0	0.0	0.0
2	0.0	0.0	61	0.0	24.61	0	0.0	0.2008032128514056	0.0	0.5	0.0	0.0	0.0	0.0	0.0
1	0.0	0.0	28	0.0	5.15	0	0.45454545454545453	0.0	0.0	0.0	0.0	0.0	0.0	0.0	0.0
0	0.0	0.0	15	0.0555555555555555	0.0	0	0.0	0.18181818181818182	0.0	0.0	0.0	0.0	0.0	0.0	0.0
1	0.0	0.0	27	0.0	11.58	0	0.07616146230007616	0.0	0.0	0.0	0.0	0.0	0.0	0.0	0.0
1	0.0	0.0	42	0.0	12.76	0	0.0	0.03707823507601039	0.0	0.0	0.0	0.0	0.0	0.0	0.018539117538005193
0	0.0	0.0	21	0.0	0.0	0	1.282051282051282	0.0	0.0	0.0	0.0	0.0	0.0	0.0	0.0
2	0.0	0.0	0	0.0097402597402597	16.32	0	0.0	0.01818181818181818	0.0	0.0	0.0	0.0	0.0	0.0	0.0
1	0.0	0.0	22	0.0	6.37	0	0.30120481927710846	0.0	0.0	0.5	0.0	0.0	0.0	0.0	0.0
1	0.0	0.0	28	0.0	18.0	0	0.0	0.13736263736263735	0.0	0.0	0.0	0.0	0.0	0.0	0.0
0	0.0	0.0	28	0.0	14.95	1	0.0	0.8620689655172414	0.0	1.6666666666666667	0.0	0.0	0.0	0.0	0.0
5	0.0	0.0	70	0.1	13.6	0	0.0	0.040551500405515	0.0	0.0	0.0	0.0	0.0	0.0	0.0
0	0.0	0.0	30	0.1538461538461538	31.18	0	0.0	0.5	0.0	0.0	0.0	0.0	0.0	0.0	0.0
0	0.0	0.0	32	0.0	0.0	0	0.0	0.0	0.0	0.0	0.0	0.0	0.0	0.0	0.0
4	0.0	0.0	66	0.0	4.98	0	0.4098360655737705	0.0	0.0	0.0	0.0	0.0	0.0	0.0	0.0
1	0.0	0.0	35	0.0	15.93	0	0.016801075268817203	0.0	0.0	0.0	0.0	0.0	0.0	0.0	0.020470829068577275
1	0.0	0.0	15	0.0	5.25	0	50.0	0.0	0.0	0.0	0.0	0.0	0.0	0.0	0.0
0	0.0	0.0	8	0.136986301369863	0.0	0	0.042826552462526764	0.0	0.0	1.0	0.0	0.0	0.0	0.021413276231263382	0.0
2	0.0	0.0	8	0.0285714285714285	28.65	0	0.1079913606911447	0.0	0.0	1.0	0.0	0.0	0.0	0.0	0.0
3	0.0	0.0	46	0.0458015267175572	11.35	0	0.0591715976331361	0.0	0.0	0.0	0.0	0.0	0.0	0.0591715976331361	0.02003205128205128
2	0.0	0.0	32	0.0	15.11	0	0.035137034434293744	0.0	0.0	0.0	0.0	0.0	0.0	0.017568517217146872	0.0
0	0.0	1.0	59	0.0	0.0	0	0.06285355122564425	0.0	0.0	0.0	0.0	0.0	0.0	0.03142677561282212	0.0
0	0.0	0.0	19	0.0	0.0	0	0.2293577981651376	0.0	0.0	0.0	0.0	0.0	0.0	0.2293577981651376	0.0
1	0.0	0.0	6	0.0769230769230769	16.59	0	0.040551500405515	0.0	0.0	2.0	0.0	0.0	0.0	0.0	0.0
1	0.0	0.0	0	0.0	16.73	0	0.0	0.47619047619047616	0.0	0.0	0.0	0.0	0.0	0.0	0.0
1	0.0	0.0	19	0.15625	13.46	0	0.09633911368015413	0.0	0.0	0.5	0.0	0.0	0.0	0.0	0.0
3	0.0	0.0	34	0.0	15.38	0	0.022893772893772892	0.0	0.0	0.5	0.0	0.0	0.0	0.0	0.0
2	0.0	0.0	1	0.0	16.35	0	0.14556040756914118	0.0	0.0	0.0	0.0	0.0	0.0	0.0	0.0
6	0.0	0.0	2	0.1159793814432989	16.36	0	0.022331397945511387	0.0	0.0	3.0	0.0	0.0	0.0	0.0	0.0
0	0.0	0.0	18	0.0529100529100529	0.0	0	0.06837606837606838	0.0	0.0	0.0	0.0	0.0	0.0	0.0	0.0
1	0.0	0.0	19	0.125	9.5	0	0.2032520325203252	0.0	0.0	0.5	0.0	0.0	0.0	0.0	0.0
2	0.0	0.0	0	0.0	16.26	0	0.0	0.04484304932735426	0.0	0.5	0.0	0.0	0.0	0.0	0.0
3	0.0	0.0	50	0.0258064516129032	15.31	0	0.0	0.018730099269526127	0.0	0.0	0.0	0.0	0.0	0.00865650969529086	0.0
10	0.0	0.0	40	0.0	15.52	0	0.01867762420620097	0.0	0.0	0.0	0.0	0.0	0.0	0.028016436309301458	0.006744907594765952
2	0.0	0.0	35	0.0389610389610389	14.19	0	0.07993605115907275	0.0	0.0	0.0	0.0	0.0	0.0	0.07993605115907275	0.0
1	0.0	0.0	0	0.0	16.29	0	0.0	0.1488095238095238	0.0	0.0	0.0	0.0	0.0	0.0	0.0
4	0.0	0.0	34	0.0	15.65	0	0.03110419906687403	0.0	0.0	0.25	0.0	0.0	0.0	0.0	0.013469827586206897
0	0.0	1.0	31	0.0	0.0	1	4.545454545454546	0.0	0.0	1.0	0.0	0.0	0.0	0.0	0.0
3	0.0	0.0	21	0.0	15.72	0	0.03158559696778269	0.0	0.0	0.5	0.0	0.0	0.0	0.0	0.0
1	0.0	0.0	51	0.0	9.5	0	0.4807692307692307	0.0	0.0	0.0	0.0	0.0	0.0	0.0	0.0
1	0.0	0.0	29	0.0	16.5	0	0.0	0.4385964912280702	0.0	0.0	0.0	0.0	0.0	0.0	0.0
9	0.0	0.0	80	0.0303030303030303	5.48	0	0.16129032258064516	0.0	0.0	0.0	0.0	0.0	0.0	0.0	0.0
2	0.0	0.0	37	0.0	10.28	0	0.05500550055005501	0.0	0.0	0.0	0.0	0.0	0.0	0.0	0.0
1	0.0	0.0	32	0.0	15.64	0	0.0	0.00860733344809778	0.0	0.0	0.0	0.0	0.0	0.0	0.00860733344809778
5	0.0	0.0	0	0.0	16.75	0	0.0	0.11682242990654206	0.0	0.0	0.0	0.0	0.0	0.0	0.0
6	0.0	0.0	18	0.0	14.89	0	0.0	0.07621951219512195	0.0	0.0	0.0	0.0	0.0	0.0	0.0
1	0.0	0.0	1	0.0	17.91	0	0.05770340450086556	0.0	0.0	7.0	0.0	0.0	0.0	0.0	0.0
3	0.0	0.0	36	0.0	15.72	0	0.0	0.027255382938130283	0.0	0.0	0.0	0.0	0.0	0.0	0.0
2	0.0	0.0	3	0.0933333333333333	18.03	0	0.10638297872340426	0.0	0.0	4.0	0.0	0.0	0.0	0.0	0.0
2	0.0	0.0	20	0.0	13.47	0	0.09813542688910697	0.0	0.0	0.0	0.0	0.0	0.0	0.0	0.0
2	0.0	0.0	26	0.0	4.71	1	0.0	0.37493304767005886	0.0	0.7142857142857143	0.0	0.0	0.0	0.0	0.0
3	0.0	0.0	32	0.0	20.48	0	0.0	0.15432098765432098	0.0	0.5	0.0	0.0	0.0	0.0	0.0
4	0.0	0.0	3	0.0128205128205128	16.62	0	0.0	0.025866528711846873	0.0	3.0	0.0	0.0	0.0	0.0	0.0
0	0.0	0.0	18	0.0	0.0	0	0.0	0.04512635379061372	0.0	0.0	0.0	0.0	0.0	0.0	0.0
2	0.0	0.0	17	0.0833333333333333	9.15	0	0.0	0.2976190476190476	0.0	0.0	0.0	0.0	0.0	0.0	0.2976190476190476
2	0.0	0.0	62	0.0	4.73	0	0.9615384615384615	0.0	0.0	1.0	0.0	0.0	0.0	0.0	0.0
1	0.0	0.0	8	0.0	16.21	0	0.0	0.025693730729701953	0.0	0.5	0.0	0.0	0.0	0.0	0.0
1	0.0	0.0	22	0.0	12.0	0	0.2824858757062147	0.0	0.0	0.5	0.0	0.0	0.0	0.0	0.0
2	0.0	0.0	14	0.0	12.97	0	0.14285714285714285	0.0	0.0	0.0	0.0	0.0	0.0	0.0	0.0
2	0.0	0.0	0	0.0	17.78	0	0.0	1.8518518518518516	0.0	0.0	0.0	0.0	0.0	0.0	0.0
2	0.0	0.0	36	0.0	15.53	0	0.01989258006763477	0.0	0.0	0.5	0.0	0.0	0.0	0.009946290033817385	0.0
6	0.0	0.0	32	0.0	15.69	0	0.00895736295234683	0.0	0.0	1.0	0.0	0.0	0.0	0.0	0.0
6	0.0	0.0	27	0.0	15.77	0	0.022573363431151242	0.0	0.0	0.0	0.0	0.0	0.0	0.0	0.0
1	0.0	0.0	16	0.0	0.94	0	0.0	0.4716981132075471	0.0	0.0	0.0	0.0	0.0	0.0	0.0
2	0.0	0.0	1	0.0	16.49	0	0.5882352941176471	0.0	0.0	0.0	0.0	0.0	0.0	0.0	0.0
2	0.0	0.0	22	0.0192307692307692	14.67	0	0.0	0.04549590536851683	0.0	0.0	0.0	0.0	0.0	0.0	0.0
3	0.0	0.0	33	0.0	15.19	0	0.025786487880350695	0.0	0.0	0.0	0.0	0.0	0.0	0.0	0.0
2	0.0	0.0	14	0.0	11.15	0	0.06414368184733804	0.0	0.0	0.0	0.0	0.0	0.0	0.0	0.0
0	0.0	0.0	16	0.0	0.0	0	0.3787878787878788	0.0	0.0	0.0	0.0	0.0	0.0	0.0	0.0
0	1.0	0.0	30	0.0	0.0	0	0.043591979075850044	0.0	0.0	0.0	0.0	0.0	0.0	0.0	0.0
4	0.0	0.0	7	0.0	16.57	0	0.00825218682950982	0.0	0.0	0.0	0.0	0.0	0.0	0.0	0.0
0	0.0	0.0	21	0.0	4.95	0	0.0	0.0	0.0	0.0	0.0	0.0	0.0	0.0	0.0
6	0.0	0.0	67	0.0	12.62	0	0.0	0.027412280701754388	0.0	0.0	0.0	0.0	0.0	0.0	0.0
1	0.0	0.0	34	0.0	15.53	0	0.0	0.05175983436853002	0.0	0.0	0.0	0.0	0.0	0.0	0.0
3	0.0	0.0	37	0.0	14.35	0	0.04154549231408392	0.0	0.0	0.0	0.0	0.0	0.0	0.02077274615704196	0.0
1	0.0	0.0	0	0.0	9.5	0	0.0	0.1663893510815308	0.0	1.0	0.0	0.0	0.0	0.0	0.0
1	0.0	0.0	24	0.0	5.73	0	0.819672131147541	0.0	0.0	0.0	0.0	0.0	0.0	0.0	0.0
1	0.0	0.0	0	0.0	17.17	0	0.0	0.7633587786259541	0.0	0.0	0.0	0.0	0.0	0.0	0.0
2	0.0	1.0	27	0.0	8.18	0	0.0	0.06675567423230974	0.0	0.0	0.0	0.0	0.0	0.03531073446327684	0.0
5	0.0	0.0	66	0.0	15.62	0	0.021164021164021163	0.0	0.0	0.0	0.0	0.0	0.0	0.0	0.0064061499039077515
2	1.0	1.0	0	0.0	12.67	0	0.0	0.6593406593406593	0.0	0.0	0.0	0.0	0.0	0.0	0.0
1	0.0	0.0	5	0.0	16.19	0	0.02299908003679853	0.0	0.0	0.0	0.0	0.0	0.0	0.0	0.0
2	0.0	0.0	49	0.0	15.21	0	0.0	0.0273224043715847	0.0	0.5	0.0	0.0	0.0	0.0	0.0
3	0.0	0.0	2	0.25	16.89	0	0.0	0.4166666666666667	0.0	0.5	0.0	0.0	0.0	0.0	0.0
2	0.0	0.0	18	0.017391304347826	15.57	0	0.0	0.05063291139240506	0.0	0.0	0.0	0.0	0.0	0.0	0.05063291139240506
1	0.0	0.0	14	0.0	16.5	0	0.0	0.17793594306049823	0.0	0.0	0.0	0.0	0.0	0.0	0.0
2	0.0	0.0	19	0.0	14.9	0	0.13458950201884254	0.0	0.0	0.0	0.0	0.0	0.0	0.06729475100942127	0.0
7	0.0	0.0	39	0.0	15.14	0	0.0	0.04496402877697842	0.0	0.0	0.0	0.0	0.0	0.0	0.04496402877697842
0	0.0	0.0	30	0.16	0.0	0	0.0	0.17605633802816903	0.0	0.5	0.0	0.0	0.0	0.0	0.0
1	0.0	0.0	38	0.0	10.0	0	0.08499787505312367	0.0	0.0	0.25	0.0	0.0	0.0	0.0	0.0
1	1.0	1.0	5	0.0888888888888888	9.43	0	0.0	0.13020833333333334	0.0	0.0	0.0	0.0	0.0	0.0	0.0
2	0.0	0.0	16	0.0601851851851851	15.78	0	0.03897116134060795	0.0	0.0	0.5	0.0	0.0	0.0	0.0	0.0
4	0.0	0.0	55	0.0	10.0	0	0.0	0.03015681544028951	0.0	4.0	0.0	0.0	0.0	0.0	0.03015681544028951
1	0.0	0.0	42	0.3554216867469879	13.95	0	0.0	0.07782101167315175	0.0	0.0	0.0	0.0	0.0	0.0	0.038910505836575876
0	0.0	0.0	12	0.0	0.0	0	0.4098360655737705	0.0	0.0	0.0	0.0	0.0	0.0	0.0	0.0
3	0.0	0.0	47	0.0	4.76	0	0.5813953488372093	0.0	0.0	0.5	0.0	0.0	0.0	0.0	0.0
0	0.0	0.0	48	0.0459770114942528	9.71	0	0.02873563218390805	0.0	0.0	4.0	0.0	0.0	0.0	0.0	0.0
1	0.0	0.0	17	0.0238095238095238	36.09	0	0.1582278481012658	0.0	0.0	0.0	0.0	0.0	0.0	0.0	0.0
2	0.25	1.0	37	0.0	24.16	0	0.0	0.07104795737122559	0.0	0.0	0.0	0.0	0.0	0.0	0.0
1	0.0	0.0	25	0.0	9.23	0	0.06944444444444445	0.0	0.0	1.0	0.0	0.0	0.0	0.06944444444444445	0.0
0	0.0	0.0	40	0.0237388724035608	15.78	0	0.016160310277957335	0.0	0.0	0.5	0.0	0.0	0.0	0.0	0.0
0	0.0	0.0	34	0.0	10.44	1	2.7027027027027026	0.3	0.0	0.5	0.0	0.0	0.0	2.59009009009009	0.0
2	0.0	0.0	22	0.0	15.38	0	0.03998400639744102	0.0	0.0	0.5	0.0	0.0	0.0	0.0	0.0
1	0.0	0.0	66	0.0	10.64	0	1.2195121951219512	0.0	0.0	0.0	0.0	0.0	0.0	0.0	0.0
0	0.0	1.0	47	0.0	21.66	1	0.0	0.5474452554744526	0.0	1.1666666666666667	0.0	0.0	0.0	0.0	0.04562043795620438
0	1.0	0.0	21	0.0	0.0	0	0.0	0.019149751053236307	0.0	0.0	0.0	0.0	0.0	0.0	0.0
2	0.0	0.0	41	0.0	10.9	0	0.055401662049861494	0.0	0.0	0.0	0.0	0.0	0.0	0.055401662049861494	0.0
0	0.0	0.0	16	0.0	0.0	0	0.0	0.6172839506172839	0.0	0.0	0.0	0.0	0.0	0.0	0.0
3	0.0	0.0	29	0.0	14.7	0	0.0415973377703827	0.0	0.0	0.0	0.0	0.0	0.0	0.0	0.0
2	0.0	0.0	51	0.0	13.07	0	0.0	0.02720348204570185	0.0	0.0	0.0	0.0	0.0	0.0	0.02720348204570185
7	0.5	0.3333333333333333	0	0.0	21.96	0	0.0	0.06058770069675856	0.0	0.0	0.0	0.0	0.0	0.0	0.0
0	1.0	0.0	19	0.0	0.0	0	0.08650519031141868	0.0	0.0	0.5	0.0	0.0	0.0	0.08650519031141868	0.0
0	0.0	0.0	10	0.0	16.62	0	0.0	0.009462528387585161	0.0	3.0	0.0	0.0	0.0	0.0	0.0
4	0.0	0.0	41	0.0	6.43	0	0.0	0.13297872340425532	0.0	0.5	0.0	0.0	0.0	0.0	0.0
0	0.0	0.0	26	0.0416666666666666	12.23	0	0.08264462809917356	0.0	0.0	0.0	0.0	0.0	0.0	0.0	0.0
0	1.0	0.5	14	0.0	0.0	0	0.0	0.14245014245014245	0.0	0.0	0.0	0.0	0.0	0.0	0.0
3	0.0	0.0	16	0.0	16.36	0	0.0	0.02224199288256228	0.0	0.0	0.0	0.0	0.0	0.021645021645021644	0.0
3	0.0	0.0	6	0.0902777777777777	16.26	0	0.11961722488038279	0.0	0.0	0.0	0.0	0.0	0.0	0.0	0.0
2	0.0	0.0	53	0.5555555555555556	4.76	0	0.0	1.6129032258064517	0.0	0.5	0.0	0.0	0.0	0.0	0.0
3	0.0	0.0	49	0.0222222222222222	8.73	0	0.0	0.06418485237483953	0.0	0.0	0.0	0.0	0.0	0.036153289949385395	0.0
1	0.0	0.0	0	0.0	17.48	0	0.0	0.8064516129032259	0.0	0.0	0.0	0.0	0.0	0.0	0.0
7	0.0	0.0	60	0.028169014084507005	11.96	0	0.0	0.03143665513989312	0.0	0.0	0.0	0.0	0.0	0.0	0.0
0	0.0	0.0	30	0.0	7.86	0	0.0	0.09208103130755065	0.0	0.0	0.0	0.0	0.0	0.0	0.0
0	0.0	0.0	20	0.0526315789473684	0.0	0	0.0	0.07163323782234957	0.0	0.0	0.0	0.0	0.0	0.0	0.0
3	0.0	0.0	41	0.0512820512820512	14.72	0	0.047528517110266164	0.0	0.0	7.0	0.0	0.0	0.0	0.0	0.0
1	0.0	0.0	27	0.0	6.0	0	0.45924225028702637	0.0	0.0	0.75	0.0	0.0	0.0	0.0	0.0
0	0.0	0.0	0	0.5714285714285714	12.0	0	0.16339869281045752	0.0	0.0	1.0	0.0	0.0	0.0	0.0	0.0
0	0.0	0.0	18	0.3505154639175257	14.82	0	0.055279159756771695	0.0	0.0	2.5	0.0	0.0	0.0	0.027639579878385848	0.0
0	0.0	0.0	11	0.0	13.33	0	0.0	0.20833333333333334	0.0	2.0	0.0	0.0	0.0	0.0	0.0
0	0.0	0.0	32	0.4117647058823529	5.36	0	0.0	1.1235955056179776	0.0	1.0	0.0	0.0	0.0	0.0	0.0
1	1.0	1.0	39	0.0	20.64	1	0.5418422636965684	0.4146919431279621	0.0	0.96875	0.0	0.0	0.0	0.12040939193257075	0.0
0	0.0	0.0	0	0.0106382978723404	16.67	0	0.0	0.09178522257916476	0.0	0.0	0.0	0.0	0.0	0.0	0.0
1	0.0	0.0	35	0.0	5.46	0	0.21645021645021645	0.0	0.0	0.0	0.0	0.0	0.0	0.0	0.0
2	0.0	0.0	16	0.0	15.55	0	0.10460251046025104	0.0	0.0	1.0	0.0	0.0	0.0	0.0	0.0
4	0.0	0.0	66	0.0	13.92	0	0.0	0.022321428571428572	0.0	0.5	0.0	0.0	0.0	0.0	0.011160714285714286
1	0.0	0.0	34	0.1666666666666666	9.5	0	0.5263157894736842	0.0	0.0	0.0	0.0	0.0	0.0	0.0	0.0
1	0.0	1.0	29	0.0	22.0	0	0.4273504273504274	0.0	0.0	0.5	0.0	0.0	0.0	0.0	0.0
1	0.0	0.0	0	0.0	16.69	0	0.0	0.2777777777777778	0.0	0.0	0.0	0.0	0.0	0.0	0.0
1	0.0	0.0	33	0.0	12.97	0	0.07418397626112759	0.0	0.0	0.0	0.0	0.0	0.0	0.0	0.0
3	0.0	0.0	43	0.0	11.47	0	0.05564830272676684	0.0	0.0	0.0	0.0	0.0	0.0	0.05564830272676684	0.0
2	0.0	0.0	2	0.0	15.38	0	0.07418397626112759	0.0	0.0	0.0	0.0	0.0	0.0	0.0	0.0
1	0.0	0.0	1	0.0	16.28	0	0.01887504718761797	0.0	0.0	0.5	0.0	0.0	0.0	0.0	0.0
6	0.0	0.0	39	0.0	14.98	0	0.03474635163307853	0.0	0.0	0.0	0.0	0.0	0.0	0.0	0.0
1	0.0	0.0	16	0.3137254901960784	6.5	0	0.0	0.1388888888888889	0.0	0.0	0.0	0.0	0.0	0.0	0.0
4	0.0	0.0	58	0.0	15.65	0	0.03947108742845865	0.0	0.0	0.0	0.0	0.0	0.0	0.0	0.0
2	0.0	0.0	19	0.0	18.4	0	0.029171528588098017	0.0	0.0	0.5	0.0	0.0	0.0	0.0	0.0
1	0.0	0.0	0	0.0	17.3	0	0.0	1.824817518248175	0.0	0.0	0.0	0.0	0.0	0.0	0.0
0	0.0	0.0	35	0.0	15.23	0	0.026518164942985943	0.0	0.0	0.5	0.0	0.0	0.0	0.013259082471492972	0.0
6	0.0	0.0	18	0.0	15.9	0	0.022578460149017838	0.0	0.0	0.0	0.0	0.0	0.0	0.0	0.0
2	0.0	1.0	39	0.0	58.76	0	0.044762757385854966	0.0	0.0	0.0	0.0	0.0	0.0	0.0	0.0
5	0.0	0.0	0	0.0	17.26	0	0.0	0.8474576271186441	0.0	0.0	0.0	0.0	0.0	0.0	0.0
4	0.0	0.0	61	0.0	8.04	0	0.061919504643962855	0.0	0.0	0.0	0.0	0.0	0.0	0.0	0.0
2	0.0	0.0	0	0.0	16.69	0	0.0	0.07604562737642585	0.0	0.0	0.0	0.0	0.0	0.0	0.0
1	0.0	0.0	0	0.0	13.73	0	0.0	2.0	0.0	0.0	0.0	0.0	0.0	0.0	0.0
1	0.0	0.0	0	0.0	9.5	0	0.0	0.8928571428571428	0.0	0.0	0.0	0.0	0.0	0.0	0.0
1	0.0	0.0	19	0.0	20.0	0	0.0	0.06548788474132286	0.0	0.0	0.0	0.0	0.0	0.0	0.0
5	0.0	0.0	36	0.0	11.92	0	0.10570824524312895	0.0	0.0	0.0	0.0	0.0	0.0	0.0	0.021542438604049977
0	0.0	1.0	52	0.0	0.0	1	0.6722689075630252	0.0	0.0	0.625	0.0	0.0	0.0	0.42016806722689076	0.0
2	0.0	0.0	37	0.0	15.16	0	0.011193194537721066	0.0	0.0	1.0	0.0	0.0	0.0	0.0	0.0
2	0.0	0.0	2	0.0	16.56	0	0.0	0.10775862068965518	0.0	0.0	0.0	0.0	0.0	0.0	0.0
0	0.0	0.0	21	0.0	0.0	0	0.0	0.053134962805526036	0.0	0.0	0.0	0.0	0.0	0.0	0.0
0	0.0	0.0	2	0.0	16.23	0	0.2717391304347826	0.0	0.0	0.0	0.0	0.0	0.0	0.0	0.0
1	0.0	0.0	15	0.0	7.51	0	1.0101010101010102	0.0	0.0	1.5	0.0	0.0	0.0	0.0	0.0
4	0.0	0.0	1	0.0	16.64	0	0.0	0.1362397820163488	0.0	0.0	0.0	0.0	0.0	0.0	0.0
4	0.0	0.0	48	0.0	15.58	0	0.0	0.004635638791025403	0.0	0.0	0.0	0.0	0.0	0.012565971349585323	0.0
3	0.0	0.0	0	0.0	15.17	0	0.0	0.11013215859030837	0.0	0.0	0.0	0.0	0.0	0.0	0.0
0	0.0	0.0	46	0.0	0.0	0	0.0	0.04382120946538125	0.0	0.0	0.0	0.0	0.0	0.0	0.0
0	0.0	0.0	17	0.0	0.0	0	0.06369426751592357	0.0	0.0	0.0	0.0	0.0	0.0	0.0	0.0
1	0.0	0.0	64	0.0	10.0	0	0.2710027100271003	0.0	0.0	0.0	0.0	0.0	0.0	0.0	0.0
0	0.0	0.0	8	0.1379310344827586	22.0	0	0.0	0.22123893805309736	0.0	2.0	0.0	0.0	0.0	0.0	0.0
5	0.0	0.0	33	0.0119047619047619	14.43	0	0.03731343283582089	0.0	0.0	0.0	0.0	0.0	0.0	0.018656716417910446	0.0
1	0.0	0.0	0	0.0	17.12	0	0.0	0.0481000481000481	0.0	0.0	0.0	0.0	0.0	0.0	0.0
3	0.0	0.0	56	0.0	12.95	0	0.03056234718826406	0.0	0.0	0.0	0.0	0.0	0.0	0.0	0.0
6	0.0	0.0	47	0.0423452768729641	15.66	0	0.007121492664862556	0.0	0.0	0.0	0.0	0.0	0.0	0.007121492664862556	0.01249375312343828
1	0.0	0.0	0	0.0	10.5	0	0.13123359580052493	0.0	0.0	0.0	0.0	0.0	0.0	0.0	0.0
4	0.0	0.0	0	0.0	16.91	0	0.0	0.4291845493562232	0.0	0.5	0.0	0.0	0.0	0.0	0.0
3	0.0	0.0	24	0.0	28.65	0	0.03116235587410408	0.0	0.0	0.0	0.0	0.0	0.0	0.0	0.0
8	0.0	0.0	28	0.0	15.78	0	0.021701388888888888	0.0	0.0	0.0	0.0	0.0	0.0	0.0	0.010356255178127589
4	0.0	0.0	46	0.0	15.74	0	0.0	0.01924557351809084	0.0	0.5	0.0	0.0	0.0	0.0145032632342277	0.0
2	0.0	0.0	1	0.1505376344086021	17.94	0	0.1152073732718894	0.0	0.0	4.0	0.0	0.0	0.0	0.0	0.0
1	0.0	0.0	19	0.0	15.66	0	0.036036036036036036	0.0	0.0	0.0	0.0	0.0	0.0	0.0	0.0
3	0.0	0.0	39	0.048780487804878	14.28	0	0.028425241614553724	0.0	0.0	0.0	0.0	0.0	0.0	0.014212620807276862	0.0
1	0.0	0.0	35	0.0150375939849624	10.0	0	0.0	0.0945179584120983	0.0	0.0	0.0	0.0	0.0	0.0	0.0
2	1.0	0.0	1	0.1135371179039301	15.92	0	0.024937655860349125	0.0	0.0	0.0	0.0	0.0	0.0	0.0	0.0
2	0.0	0.0	36	0.1649484536082474	9.83	0	0.07593014426727411	0.0	0.0	0.0	0.0	0.0	0.0	0.0	0.0
2	0.0	0.0	2	0.1176470588235294	16.27	0	0.5555555555555556	0.0	0.0	0.0	0.0	0.0	0.0	0.0	0.0
2	0.0	0.0	24	0.0	6.79	0	0.3496503496503497	0.0	0.0	0.5	0.0	0.0	0.0	0.0	0.0
3	0.0	0.0	0	0.037037037037037	17.97	0	0.0	0.10626992561105207	0.0	3.0	0.0	0.0	0.0	0.0	0.0
1	0.0	0.0	0	0.0	16.63	0	0.0	0.12626262626262627	0.0	0.0	0.0	0.0	0.0	0.0	0.0
3	0.0	0.0	16	0.0	16.03	0	0.078003120124805	0.0	0.0	0.0	0.0	0.0	0.0	0.0	0.0
0	0.0	0.0	16	0.0	0.0	0	0.0	0.2242152466367713	0.0	0.5	0.0	0.0	0.0	0.0	0.0
0	0.6666666666666666	0.0	18	0.0	0.0	0	0.0	0.025497195308516064	0.0	0.0	0.0	0.0	0.0	0.0	0.0
0	0.0	0.0	19	0.3043478260869565	0.0	0	0.09380863039399624	0.0	0.0	0.0	0.0	0.0	0.0	0.09380863039399624	0.0
5	0.0	0.0	41	0.0619469026548672	12.6	0	0.0	0.042283298097251586	0.0	0.0	0.0	0.0	0.0	0.0	0.0
1	0.0	0.0	0	0.0	9.5	0	0.0	0.1893939393939394	0.0	0.0	0.0	0.0	0.0	0.0	0.0
3	0.0	0.0	18	0.0684931506849315	16.3	0	0.043215211754537596	0.0	0.0	0.0	0.0	0.0	0.0	0.0	0.0
1	0.0	0.0	26	0.0	11.5	0	0.08620689655172414	0.0	0.0	0.0	0.0	0.0	0.0	0.08620689655172414	0.0
3	0.0	0.0	35	0.0696517412935323	15.48	0	0.0	0.05583472920156337	0.0	0.0	0.0	0.0	0.0	0.0	0.0
1	0.0	0.0	0	0.0	16.88	0	0.0	0.0415973377703827	0.0	1.0	0.0	0.0	0.0	0.0	0.0
4	0.0	0.0	16	0.0	16.05	0	0.06253908692933083	0.0	0.0	0.0	0.0	0.0	0.0	0.0	0.0
1	0.0	0.0	0	0.0	9.5	0	0.0	0.4587155963302752	0.0	0.0	0.0	0.0	0.0	0.0	0.0
3	0.0	0.0	21	0.0	10.68	0	0.0	0.13003901170351104	0.0	1.0	0.0	0.0	0.0	0.0	0.0
2	0.0	0.0	30	0.0184331797235023	15.63	0	0.023474178403755867	0.0	0.0	0.0	0.0	0.0	0.0	0.0	0.013048016701461378
0	0.0	0.0	19	0.3333333333333333	0.0	0	0.0	3.846153846153846	0.0	0.0	0.0	0.0	0.0	0.0	3.846153846153846
2	0.0	0.0	0	0.0	16.01	0	0.0	0.009682416731216111	0.0	1.0	0.0	0.0	0.0	0.0	0.0
2	0.0	0.0	1	0.0	9.84	0	0.0	0.6666666666666666	0.0	0.0	0.0	0.0	0.0	0.0	0.0
1	0.0	0.0	0	0.1407035175879397	16.39	0	0.0	0.03802281368821293	0.0	0.5	0.0	0.0	0.0	0.0	0.0
4	0.0	0.0	42	0.0	15.38	0	0.0	0.01417434443656981	0.0	0.0	0.0	0.0	0.0	0.02110149820637265	0.0
2	0.0	0.0	14	0.0199004975124378	15.86	0	0.03125	0.0	0.0	0.0	0.0	0.0	0.0	0.0	0.0
4	0.0	0.0	14	0.0	13.99	0	0.12820512820512822	0.0	0.0	0.0	0.0	0.0	0.0	0.0	0.0
1	0.0	0.0	0	0.0	11.0	0	0.0	0.4273504273504274	0.0	0.0	0.0	0.0	0.0	0.0	0.0
2	0.0	0.0	14	0.0303030303030303	8.04	0	0.17921146953405018	0.0	0.0	0.5	0.0	0.0	0.0	0.0	0.0
2	0.0	0.0	1	0.0	16.29	0	0.0	0.11682242990654206	0.0	0.5	0.0	0.0	0.0	0.0	0.0
5	0.0	0.0	75	0.0	4.84	0	0.0	0.41493775933609955	0.0	0.5	0.0	0.0	0.0	0.0	0.0
1	0.0	0.0	15	0.1428571428571428	1.0	0	6.25	0.0	0.0	0.0	0.0	0.0	0.0	0.0	0.0
2	0.0	0.0	43	0.0	14.47	0	0.0	0.015328019619865114	0.0	0.0	0.0	0.0	0.0	0.0	0.0
0	1.0	1.0	30	0.0	0.0	0	0.0	0.11983223487118033	0.0	0.0	0.0	0.0	0.0	0.0	0.0
5	0.0	0.0	49	0.0	15.1	0	0.0	0.015271838729383017	0.0	0.0	0.0	0.0	0.0	0.01295001295001295	0.0076359193646915085
1	0.0	0.0	0	0.1492537313432835	18.64	0	0.0	0.08688097306689835	0.0	10.0	0.0	0.0	0.0	0.0	0.0
9	0.0	0.0	27	0.0	15.16	0	0.039968025579536375	0.0	0.0	0.0	0.0	0.0	0.0	0.039968025579536375	0.0
1	0.75	1.0	59	0.0166666666666666	0.5	0	0.0	0.04079967360261118	0.0	0.0	0.0	0.0	0.0	0.0	0.0
4	0.0	0.0	78	0.0	4.93	0	0.0	0.33557046979865773	0.0	0.0	0.0	0.0	0.0	0.0	0.16778523489932887
1	0.0	0.0	33	0.0967741935483871	6.57	0	0.14204545454545456	0.0	0.0	0.0	0.0	0.0	0.0	0.0	0.0
4	0.0	0.0	15	0.0	16.08	0	0.03531073446327684	0.0	0.0	0.0	0.0	0.0	0.0	0.0	0.0
0	0.0	0.0	40	0.0529801324503311	14.33	0	0.0	0.024260067928190198	0.0	0.0	0.0	0.0	0.0	0.0	0.0
0	0.0	0.0	40	0.0	0.0	0	0.15060240963855423	0.0	0.0	0.0	0.0	0.0	0.0	0.15060240963855423	0.0
2	0.0	0.0	0	0.0	17.59	0	0.0	0.19157088122605365	0.0	0.0	0.0	0.0	0.0	0.0	0.0
1	1.0	1.0	47	0.0	11.5	0	0.0	0.09380863039399624	0.0	0.0	0.0	0.0	0.0	0.0	0.0
3	0.0	0.0	4	0.0	16.5	0	0.06830601092896174	0.0	0.0	0.0	0.0	0.0	0.0	0.0	0.0
0	0.0	0.0	0	0.028169014084507005	16.61	0	0.0	0.08802816901408451	0.0	0.0	0.0	0.0	0.0	0.0	0.0
2	0.0	0.0	37	0.0397727272727272	14.19	0	0.03685956505713233	0.0	0.0	0.0	0.0	0.0	0.0	0.05528934758569849	0.0
2	1.0	0.0	21	0.0947867298578199	20.77	0	0.096	0.0	0.0	0.0	0.0	0.0	0.0	0.0	0.0
0	0.0	0.0	37	0.0	0.0	0	0.0	0.14749262536873156	0.0	0.5	0.0	0.0	0.0	0.0	0.0
3	0.0	0.0	41	0.0	14.95	0	0.03495688650664181	0.0	0.0	0.0	0.0	0.0	0.0	0.03495688650664181	0.0
0	0.0	0.0	26	0.0	14.55	0	0.044208664898320066	0.0	0.0	0.0	0.0	0.0	0.0	0.0	0.0
5	0.0	0.0	44	0.0	14.89	0	0.04982561036372696	0.0	0.0	0.0	0.0	0.0	0.0	0.0	0.0
1	0.0	0.0	19	0.0869565217391304	7.11	0	0.42194092827004215	0.0	0.0	0.0	0.0	0.0	0.0	0.0	0.0
1	0.0	0.0	0	0.0	17.15	0	0.0	0.4310344827586207	0.0	0.0	0.0	0.0	0.0	0.0	0.0
2	0.0	1.0	63	0.0	10.29	0	0.04585052728106374	0.0	0.0	0.0	0.0	0.0	0.0	0.0	0.0
2	1.0	1.0	25	0.0148148148148148	20.93	0	0.06365372374283895	0.0	0.0	0.0	0.0	0.0	0.0	0.06365372374283895	0.0
4	0.0	0.0	39	0.0	14.74	0	0.03309066843150232	0.0	0.0	0.0	0.0	0.0	0.0	0.0	0.0
1	0.0	0.0	42	0.0	14.92	0	0.03105590062111801	0.0	0.0	0.0	0.0	0.0	0.0	0.015527950310559004	0.0
3	0.0	0.0	51	0.0	15.19	0	0.018960940462646948	0.0	0.0	0.0	0.0	0.0	0.0	0.0	0.0
3	0.0	0.0	49	0.0	13.58	0	0.033738191632928474	0.0	0.0	0.5	0.0	0.0	0.0	0.033738191632928474	0.0
1	0.0	0.0	63	0.0	9.5	0	0.7352941176470588	0.0	0.0	0.0	0.0	0.0	0.0	0.0	0.0
3	0.0	0.0	2	0.0072992700729927	16.21	0	0.0	0.018188432157148056	0.0	0.0	0.0	0.0	0.0	0.0	0.0
0	1.0	0.0	17	0.0	0.0	0	0.0	0.20833333333333334	0.0	0.0	0.0	0.0	0.0	0.0	0.10416666666666667
0	0.0	0.0	40	0.0	6.71	0	0.06211180124223602	0.0	0.0	0.0	0.0	0.0	0.0	0.0	0.0
2	0.0	0.0	22	0.0	6.81	0	0.24038461538461536	0.0	0.0	0.0	0.0	0.0	0.0	0.0	0.0
5	0.0	0.0	47	0.0	5.68	0	0.0	0.32894736842105265	0.0	0.0	0.0	0.0	0.0	0.0	0.0
1	0.0	0.0	36	0.0	15.58	0	0.0	0.01753155680224404	0.0	0.0	0.0	0.0	0.0	0.0	0.00876577840112202
1	0.0	0.0	0	0.0	16.29	0	0.0	0.16666666666666666	0.0	0.5	0.0	0.0	0.0	0.0	0.0
1	0.0	0.0	36	0.0	15.63	0	0.009606147934678195	0.0	0.0	0.0	0.0	0.0	0.0	0.0	0.015078407720144755
4	0.0	0.0	1	0.0909090909090909	17.06	0	0.0	0.16129032258064516	0.0	1.0	0.0	0.0	0.0	0.0	0.0
1	0.0	0.0	0	0.0	9.5	0	0.0	0.258732212160414	0.0	0.0	0.0	0.0	0.0	0.0	0.0
1	0.0	0.0	1	0.0	16.33	0	0.06631299734748011	0.0	0.0	0.0	0.0	0.0	0.0	0.0	0.0
0	0.0	0.0	11	0.0	16.03	0	0.06402048655569782	0.0	0.0	2.0	0.0	0.0	0.0	0.0	0.0
1	0.0	0.0	0	0.0	16.59	0	0.0	0.2958579881656805	0.0	0.5	0.0	0.0	0.0	0.0	0.0
1	0.0	0.0	6	0.3576158940397351	25.19	0	0.0	0.07674597083653109	0.0	1.5	0.0	0.0	0.0	0.0	0.0
6	0.0	0.0	22	0.0	8.88	0	0.11961722488038279	0.0	0.0	0.0	0.0	0.0	0.0	0.0	0.0
0	0.0	0.0	20	0.0	0.0	0	0.0	0.625	0.0	0.0	0.0	0.0	0.0	0.0	0.625
0	0.0	0.0	31	0.0987654320987654	0.0	0	0.030609121518212427	0.0	0.0	0.0	0.0	0.0	0.0	0.0	0.0
2	0.0	0.0	41	0.0	9.74	0	0.23584905660377356	0.0	0.0	0.0	0.0	0.0	0.0	0.23584905660377356	0.0
1	0.0	0.0	15	0.125	0.94	0	0.035161744022503515	0.0	0.0	0.0	0.0	0.0	0.0	0.0	0.0
5	0.0	0.0	61	0.0	14.92	0	0.0	0.03449465332873405	0.0	0.0	0.0	0.0	0.0	0.0	0.017247326664367024
2	0.0	0.0	0	0.0760869565217391	16.26	0	0.0	0.023713540431586435	0.0	0.0	0.0	0.0	0.0	0.0	0.0
2	0.5	0.0	28	0.0	2.62	0	0.0	0.10869565217391305	0.0	0.0	0.0	0.0	0.0	0.0	0.10869565217391305
3	0.0	0.0	32	0.0	10.07	0	0.0	0.08865248226950355	0.0	0.0	0.0	0.0	0.0	0.0	0.0
1	0.0	0.0	14	0.0	22.29	0	0.3623188405797102	0.0	0.0	0.5	0.0	0.0	0.0	0.0	0.0
0	1.0	0.0	48	0.0	0.0	0	0.0	0.1996007984031936	0.0	0.0	0.0	0.0	0.0	0.0	0.0998003992015968
1	1.0	0.0	1	0.0917874396135265	16.0	0	0.06854009595613433	0.0	0.0	0.0	0.0	0.0	0.0	0.0	0.0
1	0.0	0.0	0	0.0	16.47	0	0.0	0.2237136465324385	0.0	0.0	0.0	0.0	0.0	0.0	0.0
2	0.0	0.0	41	0.037593984962406	15.23	0	0.0	0.03590664272890485	0.0	0.25	0.0	0.0	0.0	0.0	0.0
9	0.0	0.0	53	0.0	15.43	0	0.0	0.019996000799840034	0.0	0.25	0.0	0.0	0.0	0.0	0.0
1	0.0	0.0	33	0.0	15.23	0	0.024078979051288224	0.0	0.0	0.0	0.0	0.0	0.0	0.012039489525644112	0.05125576627370579
3	0.0	0.0	1	0.0	16.78	0	0.0	0.04807692307692307	0.0	0.0	0.0	0.0	0.0	0.0	0.0
1	1.0	1.0	43	0.0	2.83	0	0.12048192771084336	0.0	0.0	0.0	0.0	0.0	0.0	0.06024096385542168	0.0
0	0.0	1.0	40	0.0	0.0	0	0.023764258555133082	0.0	0.0	0.0	0.0	0.0	0.0	0.023764258555133082	0.0
0	0.0	0.0	20	0.4705882352941176	0.0	0	1.6666666666666667	0.0	0.0	0.0	0.0	0.0	0.0	0.0	0.0
3	0.0	0.0	36	0.0303030303030303	9.82	0	0.07980845969672785	0.0	0.0	0.5	0.0	0.0	0.0	0.0	0.0
1	0.0	0.0	0	0.0	16.28	0	0.0	0.15673981191222572	0.0	0.0	0.0	0.0	0.0	0.0	0.0
1	0.0	0.0	3	0.125	16.5	0	0.4273504273504274	0.0	0.0	1.0	0.0	0.0	0.0	0.0	0.0
1	0.0	0.0	30	0.0177777777777777	12.26	0	0.0	0.2252252252252252	0.0	0.25	0.0	0.0	0.0	0.0	0.0563063063063063
3	0.0	0.0	26	0.0	14.16	0	0.0	0.039401103230890466	0.0	0.0	0.0	0.0	0.0	0.0	0.039401103230890466
3	0.0	0.0	46	0.0	6.83	0	0.0	0.12820512820512822	0.0	0.5	0.0	0.0	0.0	0.0	0.06410256410256411
1	0.0	0.0	34	0.1568627450980392	7.66	0	0.20703933747412007	0.0	0.0	0.0	0.0	0.0	0.0	0.10351966873706003	0.0
3	0.0	0.0	35	0.0	11.86	0	0.7246376811594204	0.0	0.0	0.5	0.0	0.0	0.0	0.0	0.0
1	0.0	0.0	63	0.125	9.5	0	1.6304347826086956	0.0	0.0	0.0	0.0	0.0	0.0	0.0	0.0
3	0.0	0.0	40	0.0	12.57	0	0.03632401017072285	0.0	0.0	0.0	0.0	0.0	0.0	0.0	0.09532888465204957
2	0.0	0.0	38	0.0256410256410256	9.61	0	0.10615711252653928	0.0	0.0	0.0	0.0	0.0	0.0	0.05307855626326964	0.0
1	0.0	0.0	0	0.0	9.5	0	0.0	0.27624309392265195	0.0	0.0	0.0	0.0	0.0	0.0	0.0
1	1.0	1.0	54	0.0	0.46	1	0.0	1.103230890464933	0.0	0.6071428571428571	0.0	0.0	0.0	0.05565449688334817	0.591016548463357
3	0.0	0.0	42	0.0	15.49	0	0.03890293717175647	0.0	0.0	0.0	0.0	0.0	0.0	0.0	0.0
2	0.0	0.0	16	0.0	10.59	0	0.2127659574468085	0.0	0.0	0.0	0.0	0.0	0.0	0.0	0.0
0	0.0	0.0	0	0.1320754716981132	16.39	0	0.024015369836695485	0.0	0.0	0.0	0.0	0.0	0.0	0.0	0.0
1	0.0	0.0	0	0.0	9.5	0	0.0	0.24509803921568626	0.0	0.0	0.0	0.0	0.0	0.0	0.0
1	0.0	0.0	1	0.0	16.98	0	0.0	0.29239766081871343	0.0	0.0	0.0	0.0	0.0	0.0	0.0
2	0.0	0.0	36	0.0	18.98	1	0.44843049327354256	0.28169014084507044	0.0	0.5833333333333334	0.0	0.0	0.0	0.0	0.2347417840375587
3	0.0	0.0	0	0.0909090909090909	9.91	0	0.0	0.684931506849315	0.0	0.25	0.0	0.0	0.0	0.0	0.0
1	0.0	0.0	0	0.0	16.96	0	0.0	0.33112582781456956	0.0	0.5	0.0	0.0	0.0	0.0	0.0
4	0.0	0.0	22	0.0	15.71	0	0.0	0.03546099290780142	0.0	0.5	0.0	0.0	0.0	0.0	0.0
3	0.0	0.0	17	0.0	7.16	0	0.0	0.24154589371980678	0.0	0.0	0.0	0.0	0.0	0.0	0.0
1	1.0	1.0	0	0.1117021276595744	19.0	0	0.0	0.031486146095717885	0.0	0.0	0.0	0.0	0.0	0.0	0.0
6	0.0	0.0	0	0.032258064516129	16.78	0	0.0	0.04033884630899556	0.0	0.0	0.0	0.0	0.0	0.0	0.0
0	0.0	0.0	10	0.0	0.0	1	0.0	0.6944444444444444	0.0	0.5	0.0	0.0	0.0	0.0	0.3472222222222222
1	0.0	0.0	65	0.0	9.5	0	0.2183406113537118	0.0	0.0	0.5	0.0	0.0	0.0	0.0	0.0
1	0.0	0.0	0	0.0	9.5	0	0.0	0.2840909090909091	0.0	0.0	0.0	0.0	0.0	0.0	0.0
3	0.0	0.0	18	0.0	15.82	0	0.0	0.02073398299813394	0.0	0.5	0.0	0.0	0.0	0.0	0.0
0	0.0	0.0	15	0.0	7.37	0	0.30120481927710846	0.0	0.0	0.0	0.0	0.0	0.0	0.0	0.0
1	0.0	0.0	17	0.0	0.5	1	0.8928571428571428	0.0	0.0	1.0	0.0	0.0	0.0	0.0	0.0
2	0.0	0.0	31	0.0	5.49	0	0.6172839506172839	0.0	0.0	0.0	0.0	0.0	0.0	0.0	0.0
4	0.0	0.0	22	0.0705128205128205	15.58	0	0.0	0.060716454159077116	0.0	0.0	0.0	0.0	0.0	0.0	0.0
1	0.0	0.0	5	0.1764705882352941	9.5	0	0.1488095238095238	0.0	0.0	0.0	0.0	0.0	0.0	0.0	0.0
1	0.0	0.0	28	0.0	16.27	0	0.0	0.02009646302250804	0.0	0.0	0.0	0.0	0.0	0.0	0.02009646302250804
0	0.0	0.0	24	0.0	7.36	0	0.0	0.39370078740157477	0.0	0.0	0.0	0.0	0.0	0.0	0.39370078740157477
0	0.0	0.0	2	0.5655737704918032	16.35	0	0.03819709702062643	0.0	0.0	0.0	0.0	0.0	0.0	0.0	0.0
0	0.0	0.0	0	0.1538461538461538	0.0	0	0.0	1.1363636363636365	1.0	0.5	0.0	0.0	0.0	0.0	0.0
1	0.0	0.0	61	0.0	10.5	0	0.423728813559322	0.0	0.0	0.5	0.0	0.0	0.0	0.0	0.0
2	0.0	0.0	41	0.0	5.78	0	0.18796992481203006	0.0	0.0	0.5	0.0	0.0	0.0	0.0	0.0
1	0.0	0.0	31	0.0	7.54	0	0.9345794392523364	0.0	0.0	1.0	0.0	0.0	0.0	0.7009345794392523	0.0
3	0.0	0.0	43	0.125	12.31	0	0.09871668311944717	0.0	0.0	0.0	0.0	0.0	0.0	0.0	0.0
1	0.0	0.0	21	0.0	9.5	0	0.43352601156069365	0.0	0.0	0.16666666666666666	0.0	0.0	0.0	0.0	0.0
1	0.0	0.0	19	0.1836734693877551	15.55	0	0.0	0.043084877208099955	0.0	0.5	0.0	0.0	0.0	0.020542317173377157	0.0
1	1.0	0.0	46	0.0118343195266272	44.05	0	0.038476337052712584	0.0	0.0	0.0	0.0	0.0	0.0	0.0	0.0
0	0.0	0.0	31	0.0925925925925925	15.97	1	0.0	0.7614213197969544	0.0	1.3333333333333333	0.0	0.0	0.0	0.0	0.0
1	0.0	0.0	17	0.0	15.3	0	0.057405281285878296	0.0	0.0	0.0	0.0	0.0	0.0	0.0	0.0
0	1.0	0.0	16	0.0	0.0	0	0.0	0.1091703056768559	0.0	0.5	0.0	0.0	0.0	0.0	0.0
6	0.0	0.0	44	0.0	15.25	0	0.024330900243309	0.0	0.0	0.5	0.0	0.0	0.0	0.0121654501216545	0.007906388361796331
1	0.0	0.0	31	0.1785714285714285	33.41	0	0.12121212121212122	0.0	0.0	2.0	0.0	0.0	0.0	0.0	0.0
21	0.0	0.0	47	0.0	15.5	0	0.0	0.012840267077555215	0.0	2.5	0.0	0.0	0.0	0.05745475438092502	0.0
0	0.0	0.0	18	0.0	15.89	0	0.019477989871445264	0.0	0.0	0.0	0.0	0.0	0.0	0.0	0.0
2	0.0	0.0	22	0.0	8.52	0	0.0	0.5434782608695652	0.0	0.5	0.0	0.0	0.0	0.0	0.5434782608695652
2	0.0	1.0	29	0.0	14.45	0	0.04901960784313726	0.0	0.0	0.0	0.0	0.0	0.0	0.02450980392156863	0.0
7	0.0	0.0	50	0.0	14.71	0	0.0	0.02976190476190476	0.0	0.0	0.0	0.0	0.0	0.0	0.0
1	0.0	0.0	2	0.0065359477124183	16.22	0	0.0	0.0163826998689384	0.0	0.0	0.0	0.0	0.0	0.0	0.0
2	0.0	0.0	33	0.0	9.81	0	0.09000900090009001	0.0	0.0	0.5	0.0	0.0	0.0	0.0	0.0
1	0.0	0.0	11	0.0114285714285714	16.94	0	0.0	0.26455026455026454	0.0	1.4285714285714286	0.0	0.0	0.0	0.0	0.0
0	0.0	0.0	21	0.0	0.0	1	0.0	1.4150943396226414	0.0	0.3333333333333333	0.0	0.0	0.0	0.0	0.0
2	0.0	0.0	22	0.0	5.44	0	0.0	1.1363636363636365	0.0	0.5	0.0	0.0	0.0	0.0	1.1363636363636365
0	0.0	0.0	1	0.0074626865671641	16.26	0	0.021925016443762334	0.0	0.0	0.0	0.0	0.0	0.0	0.0	0.0
2	0.0	0.0	26	0.0	14.97	0	0.034855350296270474	0.0	0.0	0.0	0.0	0.0	0.0	0.0	0.0
3	0.0	0.0	53	0.0	5.7	0	0.15479876160990713	0.0	0.0	0.0	0.0	0.0	0.0	0.0	0.0
0	0.0	0.0	19	0.0	0.0	0	0.0	0.8771929824561404	0.0	0.0	0.0	0.0	0.0	0.0	0.0
2	0.0	0.0	27	0.0980392156862745	14.72	0	0.0	0.031555695803092455	0.0	1.0	0.0	0.0	0.0	0.0	0.015777847901546228
3	0.0	0.0	47	0.0	5.95	0	0.37037037037037035	0.0	0.0	0.0	0.0	0.0	0.0	0.0	0.0
0	0.0	0.0	38	0.0555555555555555	0.0	0	0.0	0.20576131687242796	0.0	0.0	0.0	0.0	0.0	0.0	0.0
2	1.0	0.0	0	0.0	10.46	0	0.0	0.037091988130563795	0.0	0.0	0.0	0.0	0.0	0.0	0.0
0	0.0	0.0	33	0.0	15.66	0	0.0	0.015130882130428203	0.0	0.0	0.0	0.0	0.0	0.0	0.0
5	0.0	0.0	35	0.0	15.2	0	0.0	0.018796992481203006	0.0	0.0	0.0	0.0	0.0	0.0	0.018796992481203006
1	0.0	0.0	0	0.0	17.1	0	0.0	0.5882352941176471	0.0	0.0	0.0	0.0	0.0	0.0	0.0
1	0.0	0.0	60	0.0	4.78	0	50.0	0.0	0.0	0.0	0.0	0.0	0.0	0.0	0.0
1	1.0	0.0	41	0.0	6.5	0	0.0	0.10570824524312895	0.0	0.0	0.0	0.0	0.0	0.0	0.05285412262156448
1	0.0	0.0	0	0.0	16.49	0	0.0	0.12594458438287154	0.0	0.0	0.0	0.0	0.0	0.0	0.0
0	1.0	0.0	47	0.0	0.0	0	0.0	0.1091703056768559	0.0	0.5	0.0	0.0	0.0	0.0	0.0
1	0.0	0.0	36	0.0	14.71	0	0.0	0.024307243558580455	0.0	0.0	0.0	0.0	0.0	0.0	0.024307243558580455
1	0.0	0.0	39	0.0	15.26	0	0.0	0.02072538860103627	0.0	0.0	0.0	0.0	0.0	0.0	0.0
0	0.0	0.0	20	0.25	5.16	0	0.9615384615384615	0.0	0.0	0.0	0.0	0.0	0.0	0.0	0.0
2	0.0	0.0	17	0.0	16.08	0	0.0	0.03141690229343387	0.0	0.0	0.0	0.0	0.0	0.0	0.015708451146716935
1	0.0	0.0	15	0.0	14.14	0	0.11402508551881414	0.0	0.0	0.0	0.0	0.0	0.0	0.0	0.0
0	1.0	1.0	51	0.0	0.0	1	0.0	14.393939393939393	0.05263157894736842	0.6842105263157895	0.7575757575757576	0.0	0.0	0.0	0.0
2	0.0	0.0	48	0.0	10.31	0	0.07535795026375283	0.0	0.0	0.5	0.0	0.0	0.0	0.0	0.0
2	0.0	0.0	13	0.0425531914893617	19.47	0	0.14684287812041116	0.0	0.0	0.5	0.0	0.0	0.0	0.0	0.0
3	0.0	0.0	1	0.0	16.16	0	0.0	0.02531645569620253	0.0	0.0	0.0	0.0	0.0	0.0	0.0
3	0.0	0.0	0	0.0	9.83	0	0.0	0.3496503496503497	0.0	0.0	0.0	0.0	0.0	0.0	0.0
1	0.0	0.0	0	0.0	17.76	0	0.0	0.7352941176470588	0.0	0.0	0.0	0.0	0.0	0.0	0.0
4	0.0	0.0	39	0.0588235294117647	6.12	0	0.0	0.19083969465648853	0.0	0.0	0.0	0.0	0.0	0.0	0.0
5	1.0	0.0	14	0.131578947368421	12.95	0	0.06180469715698393	0.0	0.0	0.0	0.0	0.0	0.0	0.0	0.0
3	0.0	0.0	30	0.0	16.29	0	0.16411378555798686	0.0	0.0	0.0	0.0	0.0	0.0	0.0	0.0
1	0.0	0.0	43	0.0	9.5	0	0.08417508417508417	0.0	0.0	1.0	0.0	0.0	0.0	0.0	0.0
0	0.0	0.0	47	0.0	0.0	0	0.24154589371980678	0.0	0.0	0.5	0.0	0.0	0.0	0.0	0.0
7	0.0	0.0	22	0.0	14.39	0	0.0	0.036818851251840944	0.0	0.0	0.0	0.0	0.0	0.0	0.0
3	0.0	0.0	39	0.0087336244541484	15.56	0	0.0	0.02794857462269424	0.0	0.0	0.0	0.0	0.0	0.0	0.0
1	1.0	0.0	17	0.0689655172413793	21.0	0	0.0	0.10427528675703858	0.0	0.0	0.0	0.0	0.0	0.0	0.0
0	0.0	0.0	32	0.0	15.16	0	0.029299736302373276	0.0	0.0	0.0	0.0	0.0	0.0	0.0	0.0
1	0.0	0.0	20	0.0	10.0	0	0.25	0.0	0.0	0.0	0.0	0.0	0.0	0.0	0.0
0	0.0	1.0	38	0.0	0.0	1	1.0324483775811208	0.7207207207207208	0.0	0.26666666666666666	0.0	0.0	0.0	0.8849557522123893	0.0
4	0.0	0.0	14	0.125	16.06	0	0.033772374197906116	0.0	0.0	0.0	0.0	0.0	0.0	0.0	0.0
1	0.0	0.0	37	0.0	6.94	0	0.4297994269340974	0.0	0.0	0.0	0.0	0.0	0.0	0.0	0.0
0	0.0	0.0	42	0.0	14.74	0	0.011831519167061051	0.0	0.0	0.0	0.0	0.0	0.0	0.0	0.0
7	0.0	0.0	1	0.0	16.2	0	0.034566194262011754	0.0	0.0	0.0	0.0	0.0	0.0	0.0	0.0
5	0.0	0.0	15	0.0	12.42	0	0.14367816091954022	0.0	0.0	0.0	0.0	0.0	0.0	0.0	0.0
1	0.0	0.0	1	0.082901554404145	16.32	0	0.0	0.04030632809351068	0.0	0.0	0.0	0.0	0.0	0.0	0.0
2	0.0	0.0	13	0.0	10.66	0	0.8333333333333334	0.0	0.0	0.0	0.0	0.0	0.0	0.0	0.0
3	0.0	0.0	43	0.2727272727272727	4.95	0	0.0	0.625	0.0	0.5	0.0	0.0	0.0	0.0	0.0
2	0.0	0.0	37	0.0	10.64	0	0.0	0.07535795026375283	0.0	0.0	0.0	0.0	0.0	0.030921459492888062	0.0
3	0.0	0.0	2	0.7058823529411765	16.7	0	0.0	1.2195121951219512	0.0	0.0	0.0	0.0	0.0	0.0	0.0
2	0.0	0.0	21	0.0	16.37	0	0.0	0.05265929436545551	0.0	0.5	0.0	0.0	0.0	0.0	0.0
4	0.0	0.0	1	0.0	16.16	0	0.030367446097783177	0.0	0.0	0.0	0.0	0.0	0.0	0.0	0.0
2	0.0	0.0	80	0.08	6.57	1	0.0	0.14771048744460857	0.0	11.5	0.0	0.0	0.0	0.0	0.14771048744460857
3	0.0	0.0	14	0.0606060606060606	8.71	0	0.29673590504451036	0.0	0.0	0.0	0.0	0.0	0.0	0.0	0.0
4	0.0	0.0	36	0.0	15.52	0	0.0	0.014751438265230859	0.0	1.0	0.0	0.0	0.0	0.0	0.007375719132615429
0	0.0	0.0	0	0.0	16.74	0	0.0	0.0355998576005696	0.0	0.0	0.0	0.0	0.0	0.0	0.0
0	0.0	0.0	22	0.0	0.0	1	0.0	1.1363636363636362	0.0	0.4	0.0	0.0	0.0	0.0	0.0
2	0.0	0.0	19	0.0	15.75	0	0.04739336492890995	0.0	0.0	0.0	0.0	0.0	0.0	0.0	0.0
1	0.0	0.0	18	0.0	15.88	0	0.0	0.0355998576005696	0.0	0.0	0.0	0.0	0.0	0.0	0.0
1	0.0	0.0	0	0.0	16.3	0	0.0	0.030422878004259205	0.0	0.0	0.0	0.0	0.0	0.0	0.0
1	0.0	0.0	34	0.1875	9.5	0	0.1020408163265306	0.0	0.0	0.0	0.0	0.0	0.0	0.0	0.0
0	1.0	1.0	16	0.0	0.0	0	0.19120458891013384	0.0	0.0	0.0	0.0	0.0	0.0	0.0	0.0
4	0.0	0.0	2	0.0	16.7	0	0.0	0.03374957813027337	0.0	0.0	0.0	0.0	0.0	0.0	0.0
0	0.0	1.0	19	0.0	0.0	0	0.5952380952380952	0.0	0.0	0.0	0.0	0.0	0.0	0.0	0.0
0	0.0	0.0	14	0.0	15.67	0	0.0	0.06365372374283895	0.0	0.0	0.0	0.0	0.0	0.0	0.0
4	0.0	0.0	24	0.0425531914893617	16.76	0	0.0	0.03198976327575176	0.0	10.5	0.0	0.0	0.0	0.0	0.0
2	0.0	0.0	21	0.0	16.75	0	0.0	0.07315288953913679	0.0	0.0	0.0	0.0	0.0	0.0	0.07315288953913679
4	0.0	0.0	36	0.0	15.19	0	0.0	0.018716077110237695	0.0	0.5	0.0	0.0	0.0	0.0	0.0
2	0.0	0.0	2	0.0434782608695652	16.56	0	0.12690355329949238	0.0	0.0	0.0	0.0	0.0	0.0	0.0	0.0
1	0.0	0.0	28	0.0	9.5	0	0.9615384615384615	0.0	0.0	0.0	0.0	0.0	0.0	0.0	0.0
2	0.0	0.0	14	0.0	16.21	0	0.031017369727047144	0.0	0.0	0.0	0.0	0.0	0.0	0.0	0.0
1	0.0	0.0	27	0.4666666666666667	9.52	0	0.0	0.28735632183908044	0.0	1.0	0.0	0.0	0.0	0.0	0.0
2	0.0	0.0	29	0.0	6.99	0	0.3067484662576687	0.0	0.0	0.5	0.0	0.0	0.0	0.0	0.0
1	0.0	0.0	18	0.0	7.29	0	0.641025641025641	0.0	0.0	0.0	0.0	0.0	0.0	0.0	0.0
1	1.0	0.0	0	0.0	11.0	0	0.0	0.6896551724137931	0.0	0.0	0.0	0.0	0.0	0.0	0.0
2	0.0	1.0	49	0.0	30.31	0	0.22970903522205205	0.0	0.0	0.0	0.0	0.0	0.0	0.0	0.0
1	0.0	0.0	15	0.4	10.0	0	0.5102040816326531	0.0	0.0	4.0	0.0	0.0	0.0	0.0	0.0
1	0.0	0.0	34	0.0	9.5	0	1.4492753623188408	0.0	0.0	0.0	0.0	0.0	0.0	0.0	0.0
5	0.0	0.0	44	0.0	5.83	0	0.0	0.23255813953488372	0.0	0.0	0.0	0.0	0.0	0.0	0.0
1	0.0	0.0	1	0.0588235294117647	16.79	0	0.3717472118959108	0.0	0.0	1.0	0.0	0.0	0.0	0.0	0.0
1	1.0	0.2	38	0.0	8.32	1	0.2168525402726146	1.1559139784946235	0.03508771929824561	0.7192982456140351	0.05376344086021505	0.0	0.0	0.12391573729863692	0.0
1	0.0	1.0	33	0.0	24.0	0	0.0	0.04734848484848485	0.0	0.0	0.0	0.0	0.0	0.0	0.0
3	0.0	0.0	38	0.024390243902439	15.71	0	0.0	0.03056234718826406	0.0	11.0	0.0	0.0	0.0	0.0	0.0
4	0.0	0.0	25	0.0066889632107023	15.98	0	0.0	0.016923337282112032	0.0	0.0	0.0	0.0	0.0	0.0	0.0
0	0.0	0.0	16	0.0	0.0	0	0.18656716417910446	0.0	0.0	0.0	0.0	0.0	0.0	0.0	0.0
0	0.0	0.0	21	0.0	0.0	0	0.12406947890818858	0.0	0.0	0.0	0.0	0.0	0.0	0.0	0.0
3	0.0	0.0	26	0.0	15.59	0	0.02533569799847986	0.0	0.0	0.5	0.0	0.0	0.0	0.0	0.0
1	0.0	0.0	27	0.0	9.5	0	0.2747252747252747	0.0	0.0	0.0	0.0	0.0	0.0	0.0	0.0
0	0.0	0.0	31	0.0	15.27	0	0.0	0.028960324355632783	0.0	0.0	0.0	0.0	0.0	0.0	0.028960324355632783
0	0.5	0.5	20	0.0	0.0	0	0.0	0.5617977528089887	0.0	0.0	0.0	0.0	0.0	0.0	0.11235955056179775
0	0.0	0.0	32	0.0	0.0	0	0.16722408026755853	0.0	0.0	0.0	0.0	0.0	0.0	0.0	0.0
1	0.0	0.0	0	0.0	16.71	0	0.0	0.21551724137931036	0.0	0.0	0.0	0.0	0.0	0.0	0.0
1	0.0	0.0	0	0.0	9.5	0	0.0	0.23923444976076558	0.0	0.0	0.0	0.0	0.0	0.0	0.0
2	0.0	0.0	0	0.1016949152542373	17.05	0	0.0	0.07836990595611286	0.0	0.0	0.0	0.0	0.0	0.0	0.0
0	0.0	1.0	0	0.0	27.74	0	0.0	0.08896797153024912	0.0	0.0	0.0	0.0	0.0	0.0	0.0
2	0.0	0.0	4	0.0	16.69	0	0.0	0.0220799293442261	0.0	0.0	0.0	0.0	0.0	0.0	0.0
2	0.0	0.0	0	0.0	9.76	0	0.0	0.37453183520599254	0.0	0.0	0.0	0.0	0.0	0.0	0.0
0	1.0	0.3333333333333333	43	0.082901554404145	31.57	0	1.0362694300518136	0.0	0.9375	0.5	0.0	0.06476683937823835	0.0	0.0	0.0
3	0.0	0.0	2	0.0326086956521739	30.45	0	0.0	0.10691375623663578	0.0	0.16666666666666666	0.0	0.0	0.0	0.0	0.0
5	0.0	0.0	0	0.0	21.73	0	0.0	0.07980845969672785	0.0	0.0	0.0	0.0	0.0	0.0	0.0
7	0.0	0.0	47	0.0	15.15	0	0.06473888649115235	0.0	0.0	0.0	0.0	0.0	0.0	0.0	0.008942944017170454
4	0.0	0.0	31	0.037037037037037	9.27	0	0.08818342151675485	0.0	0.0	0.0	0.0	0.0	0.0	0.08818342151675485	0.0
1	0.0	0.0	50	0.0	6.02	0	0.12285012285012284	0.0	0.0	0.0	0.0	0.0	0.0	0.0	0.0
2	0.5	0.0	35	0.0938967136150234	11.84	0	0.1555693839452396	0.0	0.0	0.0	0.0	0.0	0.0	0.015556938394523958	0.0
1	0.0	0.0	52	0.0	9.5	0	1.0714285714285714	0.0	0.0	0.0	0.0	0.0	0.0	0.0	0.0
2	0.0	0.0	0	0.2485207100591716	16.68	0	0.015441630636195181	0.0	0.0	0.0	0.0	0.0	0.0	0.0	0.0
3	0.0	0.0	49	0.0	11.85	0	0.06666666666666667	0.0	0.0	1.0	0.0	0.0	0.0	0.03333333333333333	0.06514657980456026
0	0.0	0.0	4	0.2	17.18	0	0.0	0.09082652134423251	0.0	1.0	0.0	0.0	0.0	0.0	0.0
1	0.0	0.0	17	0.0	4.82	0	50.0	0.0	0.0	0.0	0.0	0.0	0.0	0.0	0.0
0	0.0	0.0	16	0.0	0.0	0	0.8620689655172414	0.0	0.0	0.5	0.0	0.0	0.0	0.0	0.0
0	0.0	0.0	39	0.0	0.0	0	0.0	0.16778523489932887	0.0	0.0	0.0	0.0	0.0	0.0	0.0
0	0.0	0.0	17	0.0	15.99	0	0.0	0.023025558369790467	0.0	0.0	0.0	0.0	0.0	0.0	0.0
0	0.0	0.0	14	0.0	0.0	0	0.05549389567147614	0.0	0.0	0.0	0.0	0.0	0.0	0.0	0.0
0	0.0	0.0	0	0.0	17.21	0	0.0	0.3623188405797102	0.0	0.5	0.0	0.0	0.0	0.0	0.0
2	0.0	0.0	0	0.0405405405405405	16.0	0	0.0	0.0625782227784731	0.0	0.0	0.0	0.0	0.0	0.0	0.0
2	1.0	0.3333333333333333	2	0.1538461538461538	26.54	0	0.0	0.043215211754537596	0.0	1.0	0.0	0.0	0.0	0.0	0.0
2	0.0	0.0	2	0.1351351351351351	16.68	0	0.0	0.03549875754348598	0.0	2.0	0.0	0.0	0.0	0.0	0.0
3	0.0	0.0	24	0.0	15.15	0	0.047058823529411764	0.0	0.0	0.0	0.0	0.0	0.0	0.0	0.0
1	0.0	0.0	63	0.0	10.0	0	0.12330456226880396	0.0	0.0	0.0	0.0	0.0	0.0	0.0	0.0
0	0.0	1.0	23	0.0	35.34	0	0.0	0.02649708532061473	0.0	0.0	0.0	0.0	0.0	0.0	0.02649708532061473
0	0.0	0.0	4	0.4153846153846154	0.0	0	4.651162790697675	0.0	0.0	0.5	0.0	0.0	0.0	0.0	0.0
2	0.0	0.0	47	0.0	10.21	0	0.0	0.06830601092896174	0.0	0.0	0.0	0.0	0.0	0.0	0.0
5	0.0	0.0	0	0.0	16.83	0	0.018754688672168042	0.0	0.0	0.0	0.0	0.0	0.0	0.0	0.0
1	0.0	0.0	46	0.0245398773006134	13.24	0	0.06756756756756756	0.0	0.0	0.25	0.0	0.0	0.0	0.0	0.0
5	0.0	0.0	25	0.0326086956521739	15.62	0	0.02835270768358378	0.0	0.0	0.5	0.0	0.0	0.0	0.02835270768358378	0.0
2	0.0	0.0	51	0.0	6.36	0	0.0	0.09775171065493646	0.0	0.0	0.0	0.0	0.0	0.0	0.09775171065493646
2	0.0	0.0	34	0.0	12.81	0	0.056753688989784334	0.0	0.0	0.0	0.0	0.0	0.0	0.0	0.0
2	0.0	0.0	42	0.0	12.24	0	0.0	0.03685956505713233	0.0	0.0	0.0	0.0	0.0	0.0	0.018429782528566165
5	0.0	0.0	30	0.0	15.47	0	0.0	0.028702640642939148	0.0	0.0	0.0	0.0	0.0	0.0	0.0
4	0.0	0.0	33	0.0267857142857142	15.17	0	0.03341129301703976	0.0	0.0	0.0	0.0	0.0	0.0	0.0	0.0
3	0.0	0.0	45	0.0	15.64	0	0.015424957581366652	0.0	0.0	0.0	0.0	0.0	0.0	0.0	0.0
3	0.0	1.0	0	0.0	15.35	0	0.0	0.05125576627370579	0.0	0.0	0.0	0.0	0.0	0.0	0.0
4	0.0	0.0	58	0.0	13.23	0	0.5171042163882259	0.0	0.0	0.038461538461538464	0.0	0.0	0.0	0.0	0.0
1	0.0	0.0	5	0.0	11.3	0	0.42016806722689076	0.0	0.0	1.5	0.0	0.0	0.0	0.0	0.0
2	0.0	0.0	0	0.0689655172413793	16.23	0	0.0	0.04814636494944632	0.0	0.0	0.0	0.0	0.0	0.0	0.0
2	0.0	0.0	0	0.0	16.32	0	0.088261253309797	0.0	0.0	0.5	0.0	0.0	0.0	0.0	0.0
1	0.0	0.0	50	0.0	15.74	0	0.01239003840911907	0.0	0.0	0.0	0.0	0.0	0.0	0.006195019204559535	0.0
2	0.0	1.0	3	0.2666666666666666	24.17	1	0.17123287671232876	0.0	0.0	1.0	0.0	0.0	0.0	0.0	0.0
3	0.0	0.0	69	0.0	11.57	0	0.0	0.03773584905660377	0.0	0.5	0.0	0.0	0.0	0.0	0.018867924528301886
2	0.0	0.0	38	0.2747252747252747	14.47	0	0.0	0.02129471890971039	0.0	1.0	0.0	0.0	0.0	0.0	0.0
3	0.0	0.0	20	0.0	58.82	0	0.03536067892503536	0.0	0.0	0.5	0.0	0.0	0.0	0.0	0.0
0	0.0	0.0	37	0.0	0.0	0	0.0	0.08517887563884156	0.0	0.0	0.0	0.0	0.0	0.0	0.0
3	0.0	0.0	71	0.0	8.68	0	0.13550135501355012	0.0	0.0	0.0	0.0	0.0	0.0	0.0	0.0
0	0.0	0.0	19	0.0	0.0	0	0.0	0.30120481927710846	0.0	0.0	0.0	0.0	0.0	0.0	0.30120481927710846
3	0.0	0.0	0	0.0	10.21	0	0.0	0.25252525252525254	0.0	0.0	0.0	0.0	0.0	0.0	0.0
3	0.0	0.0	74	0.0	14.24	0	0.15840687938447615	0.0	0.0	0.0	0.0	0.0	0.0	0.011314777098891152	0.0
2	0.0	0.0	1	0.0	17.08	0	1.3157894736842106	0.0	0.0	0.0	0.0	0.0	0.0	0.0	0.0
2	0.0	0.0	18	0.1888888888888888	15.83	0	0.0	0.2770083102493075	0.0	0.0	0.0	0.0	0.0	0.0	0.13850415512465375
1	0.0	0.0	0	0.0	16.79	0	0.0	0.05040322580645162	0.0	0.5	0.0	0.0	0.0	0.0	0.0
2	0.0	0.0	17	0.0235294117647058	21.01	0	0.0	0.06349206349206349	0.0	0.0	0.0	0.0	0.0	0.0	0.0
2	0.0	0.0	18	0.0	43.95	0	0.0	0.047785919082510356	0.0	0.0	0.0	0.0	0.0	0.012565971349585323	0.0
4	0.0	0.0	15	0.0	16.11	0	0.046685340802987856	0.0	0.0	0.0	0.0	0.0	0.0	0.0	0.0
3	0.0	0.0	0	0.0	16.41	0	0.0	0.032992411745298586	0.0	0.0	0.0	0.0	0.0	0.0	0.0
3	1.0	0.0	49	0.0	19.43	0	0.0	0.09225092250922509	0.0	0.0	0.0	0.0	0.0	0.0	0.046125461254612546
3	0.0	0.0	1	0.0	14.53	0	0.390625	0.0	0.0	0.0	0.0	0.0	0.0	0.0	0.0
3	0.0	0.0	37	0.0089285714285714	15.21	0	0.022311468094600623	0.0	0.0	0.0	0.0	0.0	0.0	0.022311468094600623	0.0
2	0.0	0.0	0	0.0	17.18	0	0.0	0.48780487804878053	0.0	0.0	0.0	0.0	0.0	0.0	0.0
0	1.0	0.0	24	0.2982456140350877	0.0	1	0.0	0.46487603305785125	0.0	0.8888888888888888	0.0	0.0	0.0	0.0	0.0
4	1.0	0.0	18	0.2625	17.92	0	0.12232415902140671	0.0	0.0	0.25	0.0	0.0	0.0	0.0	0.0
1	0.0	0.0	1	0.0	16.62	0	0.09259259259259259	0.0	0.0	0.0	0.0	0.0	0.0	0.0	0.0
0	0.0	0.0	5	0.0588235294117647	16.43	0	0.09208103130755065	0.0	0.0	1.0	0.0	0.0	0.0	0.0	0.0
0	0.0	0.0	15	0.0909090909090909	0.0	0	0.31446540880503143	0.0	0.0	0.0	0.0	0.0	0.0	0.0	0.0
3	0.0	0.0	35	0.0	15.51	0	0.0	0.016622340425531915	0.0	0.0	0.0	0.0	0.0	0.010588733587462939	0.0
3	0.0	0.0	17	0.0	12.86	0	0.0	0.08665511265164645	0.0	0.0	0.0	0.0	0.0	0.0	0.0
0	0.0	0.0	11	0.0	0.0	0	0.0	0.24271844660194175	0.0	1.0	0.0	0.0	0.0	0.0	0.0
3	0.0	0.0	28	0.0	15.82	0	0.03460806367883717	0.0	0.0	0.0	0.0	0.0	0.0	0.0	0.0
1	0.0	0.0	39	0.0	13.5	0	0.03571428571428571	0.0	0.0	0.0	0.0	0.0	0.0	0.017857142857142856	0.0
2	0.0	0.0	26	0.0344827586206896	9.38	0	0.0	0.1597444089456869	0.0	0.5	0.0	0.0	0.0	0.0	0.0
3	0.0	0.0	35	0.0792079207920792	14.97	0	0.0	0.027917364600781685	0.0	0.0	0.0	0.0	0.0	0.0	0.027917364600781685
1	0.0	0.0	17	0.0	9.5	0	0.4273504273504274	0.0	0.0	0.0	0.0	0.0	0.0	0.0	0.0
0	0.0	0.0	17	0.0	0.0	0	0.0	1.7241379310344829	0.0	0.5	0.0	0.0	0.0	0.0	0.0
0	0.0	0.0	43	0.0	0.0	0	0.0	1.1111111111111112	0.0	0.0	0.0	0.0	0.0	0.0	0.0
0	0.0	0.0	44	0.0	14.0	0	0.0	0.03508771929824561	0.0	0.0	0.0	0.0	0.0	0.0	0.017543859649122806
0	0.0	0.0	18	0.0	0.0	0	0.0	0.14306151645207438	0.0	0.0	0.0	0.0	0.0	0.0	0.0
3	1.0	1.0	29	0.0	13.45	0	0.030959752321981428	0.0	0.0	0.0	0.0	0.0	0.0	0.0	0.0
0	0.0	0.0	19	0.3229813664596273	0.0	0	0.0479156684235745	0.0	0.0	0.0	0.0	0.0	0.0	0.0479156684235745	0.0
1	0.0	0.5	43	0.0	37.99	1	1.1607142857142858	0.11376564277588168	0.0	0.3125	0.0	0.0	0.0	0.0	0.037921880925293895
4	0.0	0.0	58	0.0	21.43	0	0.045289855072463775	0.0	0.0	0.5	0.0	0.0	0.0	0.022644927536231887	0.0
5	0.0	0.0	4	0.0317460317460317	16.12	0	0.0	0.029895366218236172	0.0	0.5	0.0	0.0	0.0	0.0	0.0
1	0.0	0.0	16	0.0	15.41	0	0.1524390243902439	0.0	0.0	0.0	0.0	0.0	0.0	0.0	0.0
1	0.0	0.0	37	0.0	14.01	0	0.01808972503617945	0.0	0.0	0.0	0.0	0.0	0.0	0.0	0.0
2	0.0	0.0	8	0.0	16.54	0	0.04317789291882556	0.0	0.0	1.0	0.0	0.0	0.0	0.0	0.0
7	0.0	0.0	39	0.0	15.6	0	0.017553098121818503	0.0	0.0	0.5	0.0	0.0	0.0	0.008776549060909251	0.02102902004766578
1	0.0	1.0	67	0.023391812865497	56.24	0	0.07212405337179949	0.0	0.0	0.25	0.0	0.0	0.0	0.0	0.0
1	0.0	0.0	0	0.0	17.27	0	0.0	0.42016806722689076	0.0	0.5	0.0	0.0	0.0	0.0	0.0
1	1.0	0.1666666666666666	0	0.0	12.26	0	0.043215211754537596	0.0	0.0	0.0	0.0	0.0	0.0	0.0	0.0
3	0.0	0.0	28	0.0	15.57	0	0.025451768897938407	0.0	0.0	0.0	0.0	0.0	0.0	0.0	0.0
1	1.0	0.0	33	0.11065573770491802	42.29	0	0.0	0.08281573498964803	0.0	0.0	0.0	0.0	0.0	0.0	0.041407867494824016
0	0.0	0.0	0	0.0	16.82	0	0.0	0.3629764065335753	0.0	0.25	0.0	0.0	0.0	0.0	0.0
4	0.0	0.0	4	0.0	16.71	0	0.0	0.017627357659086903	0.0	0.0	0.0	0.0	0.0	0.0	0.0
0	0.5	0.0	27	0.0	0.0	0	0.303951367781155	0.0	0.0	0.0	0.0	0.0	0.0	0.0	0.0
2	0.3333333333333333	0.0	19	0.1652892561983471	3.26	1	0.6607929515418502	0.0	0.0	1.3333333333333333	0.0	0.0	0.0	0.0	0.05561735261401557
3	0.0	0.0	14	0.029585798816567994	16.18	0	0.0	0.02887669650591972	0.0	0.0	0.0	0.0	0.0	0.0	0.0
2	0.0	0.0	4	0.2641509433962264	16.45	0	0.0	0.0522466039707419	0.0	0.0	0.0	0.0	0.0	0.0	0.0
3	0.0	0.0	0	0.08130081300813001	17.67	0	0.0	0.0501002004008016	0.0	6.0	0.0	0.0	0.0	0.0	0.0
0	0.0	0.0	16	0.0	0.0	0	0.0	0.22624434389140272	0.0	0.0	0.0	0.0	0.0	0.0	0.22624434389140272
11	0.0	0.0	24	0.0	16.07	0	0.01821161901293025	0.0	0.0	0.0	0.0	0.0	0.0	0.0	0.0
1	1.0	0.0	32	0.0194174757281553	11.5	0	0.0	0.044802867383512544	0.0	0.0	0.0	0.0	0.0	0.0	0.0
2	0.0	0.0	0	0.0	17.14	0	0.0	0.02759381898454746	0.0	1.0	0.0	0.0	0.0	0.0	0.0
1	0.0	0.0	25	0.0	1.5	0	0.0	0.056818181818181816	0.0	0.0	0.0	0.0	0.0	0.028344671201814057	0.0
1	0.0	0.0	0	0.0	11.5	0	0.0	0.21097046413502107	0.0	0.0	0.0	0.0	0.0	0.0	0.0
3	0.0	0.0	16	0.0	6.8	0	0.7462686567164178	0.0	0.0	0.0	0.0	0.0	0.0	0.0	0.0
0	0.0	0.0	18	0.0	5.03	0	0.0	0.6756756756756757	0.0	0.0	0.0	0.0	0.0	0.0	0.0
0	0.0	0.0	13	0.4166666666666667	0.0	1	0.0	0.4081632653061224	0.0	1.0	0.0	0.0	0.0	0.0	0.0
0	0.0	0.0	38	0.0	0.0	1	0.0	9.433962264150942	0.0	0.6	0.0	0.0	0.0	0.0	0.0
7	0.0	0.0	38	0.0176991150442477	14.27	0	0.0	0.12468827930174564	0.0	0.0	0.0	0.0	0.0	0.0	0.12468827930174564
2	0.0	0.0	17	0.0	12.03	0	0.0	0.13440860215053763	0.0	0.5	0.0	0.0	0.0	0.0	0.0
1	0.0	0.0	75	0.0	10.54	0	0.03779289493575208	0.0	0.0	0.0	0.0	0.0	0.0	0.0	0.0
1	0.0	0.0	0	0.0	16.42	0	0.0	0.12195121951219513	0.0	0.0	0.0	0.0	0.0	0.0	0.0
2	0.0	0.0	38	0.0	15.63	0	0.018301610541727673	0.0	0.0	0.0	0.0	0.0	0.0	0.0	0.0
0	1.0	0.0	19	0.0	0.0	1	0.8620689655172414	0.0	0.3333333333333333	0.6666666666666666	0.0	0.0	0.0	0.0	0.0
1	0.0	0.0	34	0.0	10.5	0	0.5181347150259068	0.0	0.0	0.0	0.0	0.0	0.0	0.0	0.0
3	0.0	0.0	13	0.0	10.27	1	0.26595744680851063	0.0	0.0	1.0	0.0	0.0	0.0	0.0	0.0
1	0.0	0.0	5	0.1538461538461538	18.86	0	0.0	0.3846153846153846	0.0	0.0	0.0	0.0	0.0	0.0	0.0
0	1.0	0.25	6	0.3142857142857143	0.0	0	0.0	0.08748906386701663	0.0	1.0	0.0	0.0	0.0	0.0	0.0
0	0.0	0.0	22	0.0	0.0	0	0.25252525252525254	0.0	0.0	0.0	0.0	0.0	0.0	0.0	0.0
0	0.0	0.0	17	0.0	0.0	0	0.3164556962025316	0.0	0.0	0.0	0.0	0.0	0.0	0.0	0.0
1	0.0	0.0	0	0.0	17.59	0	0.0	0.02793296089385475	0.0	5.5	0.0	0.0	0.0	0.0	0.0
3	0.0	0.0	38	0.0	14.94	0	0.0	0.02452783909737552	0.0	0.0	0.0	0.0	0.0	0.0	0.02452783909737552
2	0.0	0.0	21	0.0	16.06	0	0.0	0.02860411899313501	0.0	1.0	0.0	0.0	0.0	0.0	0.0
4	0.0	0.0	2	0.0	16.21	0	0.10111223458038422	0.0	0.0	0.0	0.0	0.0	0.0	0.0	0.0
1	0.0	0.0	15	0.0	5.02	0	1.3157894736842106	0.0	0.0	0.0	0.0	0.0	0.0	0.0	0.0
3	0.0	0.0	43	0.0	39.85	0	0.0	0.042643923240938165	0.0	0.0	0.0	0.0	0.0	0.0	0.05330490405117271
1	0.5	0.0	2	0.0	21.21	0	0.0	0.13550135501355015	0.0	0.0	0.0	0.0	0.0	0.0	0.0
1	0.0	0.0	41	0.0	5.82	0	0.0	0.1838235294117647	0.0	0.0	0.0	0.0	0.0	0.0	0.0
0	0.0	0.0	2	0.3555555555555555	16.18	0	0.0	0.0585480093676815	0.0	0.5	0.0	0.0	0.0	0.0	0.0
0	1.0	0.0	43	0.0	0.0	0	0.0	0.0827129859387924	0.0	0.5	0.0	0.0	0.0	0.0	0.0
2	0.0	0.0	30	0.0	10.09	0	0.10976948408342481	0.0	0.0	0.0	0.0	0.0	0.0	0.0	0.0
5	0.0	0.0	21	0.0526315789473684	13.14	0	0.0846740050804403	0.0	0.0	0.0	0.0	0.0	0.0	0.0	0.0
3	0.0	0.0	22	0.0	15.58	0	0.03369272237196765	0.0	0.0	0.5	0.0	0.0	0.0	0.0	0.0
1	0.0	0.0	33	0.0	24.0	0	0.0	0.33003300330033003	0.0	0.0	0.0	0.0	0.0	0.0	0.33003300330033003
0	0.0	0.0	13	0.0	0.0	1	0.3105590062111801	0.8333333333333334	0.0	1.0	0.0	0.0	0.0	0.3105590062111801	0.0
7	0.0	0.0	35	0.0	14.19	0	0.0	0.04355400696864111	0.0	0.5	0.0	0.0	0.0	0.0	0.021777003484320556
9	0.0	0.0	29	0.0	16.13	0	0.0	0.01822157434402332	0.0	0.0	0.0	0.0	0.0	0.0	0.0
2	0.0	0.0	18	0.0	15.65	0	0.030525030525030528	0.0	0.0	0.0	0.0	0.0	0.0	0.030525030525030528	0.0
4	0.0	0.0	24	0.0	15.43	0	0.034482758620689655	0.0	0.0	0.0	0.0	0.0	0.0	0.0	0.0
1	0.0	0.0	17	0.0	9.5	0	1.0204081632653061	0.0	0.0	0.0	0.0	0.0	0.0	0.0	0.0
1	0.0	0.0	24	0.0	9.5	0	0.30120481927710846	0.0	0.0	1.0	0.0	0.0	0.0	0.0	0.0
2	0.5	1.0	0	0.0	32.2	0	0.14388489208633093	0.0	0.0	0.0	0.0	0.0	0.0	0.0	0.0
0	0.0	0.0	20	0.0	0.0	0	0.0	0.17921146953405018	0.0	0.0	0.0	0.0	0.0	0.0	0.0
3	0.0	0.0	56	0.0	10.67	0	0.046772684752104776	0.0	0.0	0.0	0.0	0.0	0.0	0.0	0.02010454362685967
1	0.0	0.0	24	0.0108108108108108	15.83	0	0.012687135244861711	0.0	0.0	1.0	0.0	0.0	0.0	0.0	0.0
1	0.0	0.0	5	0.0	15.86	0	0.0	0.12690355329949238	0.0	0.0	0.0	0.0	0.0	0.0	0.0
4	1.0	0.3333333333333333	50	0.0	12.84	0	0.18083182640144665	0.0	0.0	0.5	0.0	0.0	0.0	0.0	0.0
3	0.0	0.0	36	0.0	11.05	0	1.8716577540106951	0.0	0.0	0.42857142857142855	0.0	0.0	0.0	0.0	0.0
0	0.0	1.0	20	0.0	0.0	0	0.16611295681063123	0.0	0.0	0.0	0.0	0.0	0.0	0.0	0.0
0	0.0	0.0	0	0.0	27.74	0	0.0	0.18181818181818182	0.0	0.0	0.0	0.0	0.0	0.0	0.0
0	0.0	0.0	33	0.0	13.63	0	0.07558578987150416	0.0	0.0	0.5	0.0	0.0	0.0	0.0	0.0
6	0.0	0.0	3	0.0621761658031088	16.17	0	0.01689189189189189	0.0	0.0	2.0	0.0	0.0	0.0	0.0	0.0
0	1.0	1.0	35	0.0	26.74	0	0.02855511136493432	0.0	0.0	0.0	0.0	0.0	0.0	0.01427755568246716	0.0
1	0.0	0.0	0	0.0	10.0	0	0.0	0.0	0.0	0.0	0.0	0.0	0.0	0.0	0.0
4	0.0	0.0	16	0.0741935483870967	16.09	0	0.017152658662092625	0.0	0.0	0.5	0.0	0.0	0.0	0.0	0.0
3	1.0	1.0	31	0.0536912751677852	33.15	0	0.0	0.15552099533437014	0.0	0.0	0.0	0.0	0.0	0.0	0.0
1	0.0	0.0	0	0.0	9.5	0	0.0	0.09372071227741331	0.0	0.0	0.0	0.0	0.0	0.0	0.0
4	0.0	0.0	61	0.0	10.69	0	0.03305785123966942	0.0	0.0	0.5	0.0	0.0	0.0	0.0	0.0
2	0.0	0.0	24	0.1752577319587628	14.92	0	0.0	0.25252525252525254	0.0	0.0	0.0	0.0	0.0	0.0	0.25252525252525254
2	0.0	1.0	24	0.0153846153846153	17.15	0	0.0	0.26195153896529144	0.0	0.5625	0.0	0.0	0.0	0.0	0.03274394237066143
2	0.0	0.6666666666666666	49	0.3119266055045872	10.78	0	0.07434944237918216	0.0	0.0	0.0	0.0	0.0	0.0	0.0	0.0
2	0.0	0.0	29	0.0	15.86	0	0.0	0.037993920972644375	0.0	0.0	0.0	0.0	0.0	0.0	0.0
1	0.0	0.0	0	0.05	17.64	0	0.0	0.13404825737265416	0.0	2.0	0.0	0.0	0.0	0.0	0.0
3	0.0	0.0	48	0.0989399293286219	15.01	0	0.02346866932644919	0.0	0.0	0.0	0.0	0.0	0.0	0.0	0.0
5	0.0	0.0	22	0.0	15.13	0	0.0	0.07087172218284904	0.0	0.5	0.0	0.0	0.0	0.0	0.07087172218284904
3	0.0	0.0	41	0.0	9.28	0	0.07396449704142012	0.0	0.0	0.0	0.0	0.0	0.0	0.0	0.0
4	0.0	0.0	0	0.0105263157894736	16.55	0	0.0	0.019238168526356292	0.0	0.5	0.0	0.0	0.0	0.0	0.0
5	0.0	0.0	2	0.0161943319838056	16.35	0	0.0	0.022815423226100844	0.0	0.0	0.0	0.0	0.0	0.0	0.0
1	0.0	0.0	0	0.0	16.6	0	0.0	0.013531799729364004	0.0	0.0	0.0	0.0	0.0	0.0	0.0
2	0.0	0.0	48	0.0	9.2	0	0.029429075927015894	0.0	0.0	0.0	0.0	0.0	0.0	0.0	0.0
1	0.0	0.0	22	0.0	14.1	0	0.052910052910052914	0.0	0.0	0.0	0.0	0.0	0.0	0.052910052910052914	0.0
5	0.0	0.0	48	0.0	15.07	0	0.0	0.019936204146730464	0.0	0.5	0.0	0.0	0.0	0.0	0.0
1	0.0	0.0	1	0.0	16.77	0	0.0	0.09165902841429881	0.0	0.0	0.0	0.0	0.0	0.0	0.0
5	0.0	0.0	45	0.0	16.45	0	0.0	0.014150275930380643	0.0	8.0	0.0	0.0	0.0	0.0	0.0
1	0.0	0.0	13	0.0	3.6	0	0.0	0.19147917663954045	0.0	0.5	0.0	0.0	0.0	0.0	0.0
2	0.0	0.0	28	0.0	15.2	0	0.0	0.013361838588989844	0.0	0.0	0.0	0.0	0.0	0.0	0.0
2	0.0	0.0	39	0.0	14.86	0	0.0	0.03849114703618168	0.0	0.0	0.0	0.0	0.0	0.012071463061323031	0.0
1	0.0	0.0	0	0.0769230769230769	18.04	0	0.0	0.36496350364963503	0.0	1.0	0.0	0.0	0.0	0.0	0.0
1	0.0	0.0	19	0.1666666666666666	9.5	0	0.28901734104046245	0.0	0.0	0.0	0.0	0.0	0.0	0.0	0.0
1	1.0	0.0	28	0.1081081081081081	21.68	0	0.0	0.03929273084479371	0.0	0.0	0.0	0.0	0.0	0.0	0.019646365422396856
2	0.0	0.0	14	0.1282051282051282	15.92	0	0.04399472063352398	0.0	0.0	0.0	0.0	0.0	0.0	0.0	0.0
0	0.0	0.0	21	0.0	0.0	1	0.0	0.9803921568627451	0.0	0.5	0.0	0.0	0.0	0.0	0.49019607843137253
3	0.0	0.0	25	0.0116279069767441	15.61	0	0.028184892897406992	0.0	0.0	0.0	0.0	0.0	0.0	0.0	0.0
2	1.0	0.0	22	0.0	26.11	0	0.034879665155214505	0.0	0.0	0.0	0.0	0.0	0.0	0.0	0.0
0	0.0	0.0	2	0.0	16.52	0	0.14367816091954022	0.0	0.0	0.0	0.0	0.0	0.0	0.0	0.0
0	0.0	0.0	29	0.0	0.0	0	0.0	0.2127659574468085	0.0	0.0	0.0	0.0	0.0	0.0	0.10638297872340426
0	0.0	0.0	14	0.0	0.0	0	0.0	0.11904761904761904	0.0	0.0	0.0	0.0	0.0	0.0	0.0
1	0.0	0.0	43	0.0	5.88	0	0.7042253521126761	0.0	0.0	1.0	0.0	0.0	0.0	0.35211267605633806	0.0
2	0.0	0.0	29	0.0	15.72	0	0.008958967926894821	0.0	0.0	0.0	0.0	0.0	0.0	0.0	0.0
0	0.0	0.0	4	0.1346153846153846	0.0	0	0.041631973355537054	0.0	0.0	0.0	0.0	0.0	0.0	0.0	0.0
7	0.0	0.0	33	0.0	61.53	0	0.02108814846056516	0.0	0.0	0.5	0.0	0.0	0.0	0.02108814846056516	0.0
3	1.0	0.0	35	0.0	19.49	0	0.0	0.0169664065151001	0.0	0.0	0.0	0.0	0.0	0.0	0.0169664065151001
3	0.0	0.0	44	0.0	12.42	0	0.03855050115651503	0.0	0.0	2.0	0.0	0.0	0.0	0.0	0.0
4	0.0	0.0	18	0.0769230769230769	6.36	0	0.0	0.5376344086021505	0.0	0.0	0.0	0.0	0.0	0.0	0.0
1	0.0	0.0	43	0.0	14.52	0	0.0	0.0427715996578272	0.0	0.0	0.0	0.0	0.0	0.0	0.0427715996578272
3	0.0	0.0	6	0.1224489795918367	17.16	0	0.0	0.05856515373352855	0.0	3.0	0.0	0.0	0.0	0.0	0.0
2	0.0	0.0	0	0.063063063063063	16.59	0	0.0	0.017271157167530225	0.0	0.0	0.0	0.0	0.0	0.0	0.0
3	0.0	0.0	46	0.0	15.63	0	0.0	0.007431629013079667	0.0	0.0	0.0	0.0	0.0	0.0	0.0
0	0.0	0.0	14	0.0	0.0	0	0.0	0.1557632398753894	0.0	0.0	0.0	0.0	0.0	0.0	0.0
0	0.0	1.0	16	0.0	0.0	0	2.1739130434782608	0.0	0.0	0.0	0.0	0.0	0.0	0.0	0.0
0	0.0	0.0	29	0.2222222222222222	0.0	0	0.0	0.2040816326530612	0.0	0.5	0.0	0.0	0.0	0.0	0.0
3	0.0	0.0	39	0.0560747663551401	12.86	0	0.0	0.037608123354644606	0.0	0.0	0.0	0.0	0.0	0.0	0.037608123354644606
3	0.0	0.0	30	0.0	5.61	0	0.35587188612099646	0.0	0.0	0.0	0.0	0.0	0.0	0.0	0.0
1	0.0	0.0	0	0.0	9.5	0	0.0	0.25125628140703515	0.0	1.0	0.0	0.0	0.0	0.0	0.0
1	0.0	0.0	17	0.1475409836065573	16.19	0	0.0	0.056689342403628114	0.0	0.0	0.0	0.0	0.0	0.0	0.0
5	0.0	0.0	42	0.0	15.52	0	0.0	0.01826817683595177	0.0	0.0	0.0	0.0	0.0	0.0	0.009134088417975885
4	0.0	0.0	37	0.0	21.73	0	0.0	0.03474635163307853	0.0	0.0	0.0	0.0	0.0	0.0	0.0
1	0.0	0.0	32	0.0096153846153846	14.92	0	0.0	0.03949447077409163	0.0	0.0	0.0	0.0	0.0	0.0	0.0
1	0.0	0.0	36	0.0	9.5	0	0.16025641025641024	0.0	0.0	0.0	0.0	0.0	0.0	0.0	0.0
3	0.0	0.0	0	0.0	17.23	0	0.0	0.07763975155279502	0.0	0.0	0.0	0.0	0.0	0.0	0.0
0	0.0	0.0	16	0.0	0.0	0	1.1904761904761905	0.0	0.0	0.0	0.0	0.0	0.0	0.0	0.0
3	0.0	0.0	46	0.0108695652173913	14.71	0	0.0	0.3548387096774194	0.0	0.7272727272727273	0.0	0.0	0.0	0.0	0.0
3	0.0	0.0	1	0.0555555555555555	16.88	0	0.0	0.2136752136752137	0.0	0.5	0.0	0.0	0.0	0.0	0.0
5	0.0	0.0	47	0.0436363636363636	15.25	0	0.040346984062941293	0.0	0.0	0.0	0.0	0.0	0.0	0.0	0.0
0	0.0	0.0	35	0.1724137931034483	0.0	0	0.37593984962406013	0.0	0.0	1.0	0.0	0.0	0.0	0.0	0.0
1	1.0	0.5	22	0.0	2.5	0	0.023889154323936932	0.0	0.0	0.0	0.0	0.0	0.0	0.0	0.0
2	0.0	0.0	29	0.0	13.78	0	0.04657661853749418	0.0	0.0	0.0	0.0	0.0	0.0	0.0	0.0
5	0.0	0.0	45	0.0198019801980198	10.93	0	0.0	0.04950495049504951	0.0	0.0	0.0	0.0	0.0	0.0	0.04950495049504951
0	0.0	0.0	18	0.0	0.0	0	0.0	0.12180267965895249	0.0	0.0	0.0	0.0	0.0	0.0	0.0
2	0.0	0.0	23	0.0994475138121546	15.74	0	0.0	0.05393743257820928	0.0	0.0	0.0	0.0	0.0	0.0	0.0
0	0.0	0.0	16	0.0	0.0	0	0.0	0.11235955056179775	0.0	0.0	0.0	0.0	0.0	0.0	0.0
2	0.0	0.0	0	0.0	16.4	0	0.0	0.0648508430609598	0.0	0.5	0.0	0.0	0.0	0.0	0.0
1	0.0	0.0	38	0.0	12.33	0	0.06622516556291391	0.0	0.0	0.0	0.0	0.0	0.0	0.033112582781456956	0.0
2	0.0	0.0	43	0.0	7.53	0	0.0	0.03389830508474576	0.0	0.0	0.0	0.0	0.0	0.0	0.0
1	0.0	0.0	18	0.0	14.2	0	0.06644518272425248	0.0	0.0	0.0	0.0	0.0	0.0	0.03322259136212624	0.0
1	0.0	0.0	0	0.0	10.5	0	0.0	0.8928571428571428	0.0	0.0	0.0	0.0	0.0	0.0	0.0
1	0.0	0.0	0	0.0	9.5	0	0.0	0.10141987829614606	0.0	0.0	0.0	0.0	0.0	0.0	0.0
1	0.0	0.0	22	0.0	10.5	0	2.941176470588235	0.0	0.0	0.0	0.0	0.0	0.0	0.0	0.0
4	0.5	1.0	37	0.0	30.83	1	0.0	2.0538243626062322	0.0	0.6206896551724138	0.0	0.0	0.0	0.041727519298977674	1.3456090651558075
1	0.0	0.0	34	0.0	15.58	0	0.0	0.016337199803953602	0.0	0.0	0.0	0.0	0.0	0.009918666931164452	0.0
1	0.0	0.0	0	0.3333333333333333	16.54	0	0.1597444089456869	0.0	0.0	0.0	0.0	0.0	0.0	0.0	0.0
3	0.0	0.0	50	0.0	15.05	0	0.2347417840375587	0.0	0.0	0.0	0.0	0.0	0.0	0.0	0.0
2	0.0	0.0	0	0.3333333333333333	17.38	0	0.0	0.4587155963302752	0.0	5.0	0.0	0.0	0.0	0.0	0.0
0	0.0	0.0	27	0.0	15.87	0	0.016736401673640166	0.0	0.0	2.0	0.0	0.0	0.0	0.0	0.0
5	0.0	0.0	10	0.1269841269841269	15.55	0	0.09074410163339383	0.0	0.0	1.5	0.0	0.0	0.0	0.0	0.12269938650306748
1	0.3333333333333333	0.5	33	0.0	30.55	0	0.0	0.052002080083203325	0.0	0.0	0.0	0.0	0.0	0.0	0.0
2	0.0	0.0	25	0.0	7.65	0	0.14326647564469913	0.0	0.0	0.0	0.0	0.0	0.0	0.0	0.0
1	0.0	0.0	20	0.0	14.54	0	0.0	0.034223134839151265	0.0	0.0	0.0	0.0	0.0	0.0	0.0
1	0.0	0.0	24	0.0	14.98	0	0.0	0.04397537379067722	0.0	0.0	0.0	0.0	0.0	0.0	0.0
1	0.0	0.0	0	0.0975609756097561	17.71	0	0.0	0.14792899408284024	0.0	2.0	0.0	0.0	0.0	0.0	0.0
2	0.0	0.0	29	0.0869565217391304	6.48	0	0.0	0.14204545454545456	0.0	0.0	0.0	0.0	0.0	0.0	0.0
2	0.0	0.0	48	0.0	15.55	0	0.0	0.013900472616068946	0.0	0.0	0.0	0.0	0.0	0.0	0.0
1	0.0	0.0	12	0.0714285714285714	10.8	1	0.9803921568627451	0.0	0.0	2.0	0.0	0.0	0.0	0.0	0.2604166666666667
1	0.0	0.0	0	0.0	16.91	0	0.0	0.45454545454545453	0.0	0.0	0.0	0.0	0.0	0.0	0.0
2	0.0	0.0	2	0.2824858757062147	16.06	0	0.0	0.030248033877797943	0.0	0.5	0.0	0.0	0.0	0.0	0.0
1	0.5	0.25	0	0.0	19.33	0	0.0	0.04924895345973898	0.0	0.0	0.0	0.0	0.0	0.0	0.0
4	0.0	0.0	18	0.0	15.83	0	0.0	0.03769317753486619	0.0	0.0	0.0	0.0	0.0	0.0	0.0
1	0.0	0.0	2	0.0	16.12	0	0.0	0.02745744096650192	0.0	0.0	0.0	0.0	0.0	0.0	0.0
4	0.0	0.0	32	0.0	15.98	0	0.017448961786773687	0.0	0.0	0.0	0.0	0.0	0.0	0.0	0.0
1	0.0	1.0	48	0.1067961165048543	33.34	1	0.32323232323232326	0.6363636363636364	0.0	0.6666666666666666	0.0	0.0	0.0	0.0	0.45454545454545453
0	0.0	0.0	18	0.0	0.0	0	0.0	1.282051282051282	0.0	0.0	0.0	0.0	0.0	0.0	1.282051282051282
0	0.0	0.0	17	0.0	15.81	0	0.025746652935118432	0.0	0.0	0.0	0.0	0.0	0.0	0.025746652935118432	0.0
3	0.0	0.0	43	0.048	10.72	0	0.04980079681274901	0.0	0.0	0.0	0.0	0.0	0.0	0.0	0.03561253561253561
2	0.0	0.0	0	0.0	12.14	0	0.0	0.06053268765133172	0.0	0.0	0.0	0.0	0.0	0.0	0.0
3	0.0	0.0	0	0.0	17.52	0	0.0	0.9259259259259258	0.0	0.0	0.0	0.0	0.0	0.0	0.0
2	0.0	0.0	41	0.0	13.54	0	0.04020908725371934	0.0	0.0	0.0	0.0	0.0	0.0	0.02010454362685967	0.0
0	1.0	0.0	19	0.0	0.0	0	0.0	0.0847457627118644	0.0	0.0	0.0	0.0	0.0	0.0	0.0
2	0.0	0.0	0	0.0	16.47	0	0.0	0.12468827930174564	0.0	0.0	0.0	0.0	0.0	0.0	0.0
2	0.0	0.0	1	0.0	32.94	0	0.0	0.026288117770767613	0.0	0.0	0.0	0.0	0.0	0.0	0.0
6	0.0	0.0	43	0.0	15.65	0	0.0	0.03028467595396729	0.0	0.0	0.0	0.0	0.0	0.0	0.04542701393095094
0	0.0	0.0	1	0.1900452488687782	16.65	0	0.031505986137366104	0.0	0.0	0.5	0.0	0.0	0.0	0.0	0.0
0	0.0	0.0	29	0.0079365079365079	15.34	0	0.05406866720735334	0.0	0.0	0.0	0.0	0.0	0.0	0.0	0.0
3	0.0	0.0	6	0.0	16.17	0	0.07092198581560284	0.0	0.0	0.0	0.0	0.0	0.0	0.0	0.0
1	0.0	0.0	16	0.0465116279069767	9.5	0	0.1404494382022472	0.0	0.0	0.0	0.0	0.0	0.0	0.0	0.0
5	0.0	0.0	26	0.0	15.95	0	0.0	0.02875215641173088	0.0	0.0	0.0	0.0	0.0	0.0	0.0
1	0.0	0.0	40	0.0	10.89	0	0.05959475566150178	0.0	0.0	0.5	0.0	0.0	0.0	0.05959475566150178	0.0
2	0.0	0.0	33	0.0	7.26	0	0.0	0.07062146892655367	0.0	1.0	0.0	0.0	0.0	0.0	0.07062146892655367
7	0.0	0.0	44	0.0	15.03	0	0.02011263073209976	0.0	0.0	0.0	0.0	0.0	0.0	0.02011263073209976	0.0
2	0.0	0.0	24	0.0	14.39	0	0.05083884087442806	0.0	0.0	0.0	0.0	0.0	0.0	0.0	0.0
0	0.0	0.0	17	0.0	0.0	0	0.6024096385542169	0.0	0.0	0.0	0.0	0.0	0.0	0.0	0.0
1	0.0	0.0	19	0.6666666666666666	4.81	0	7.142857142857142	0.0	0.0	0.0	0.0	0.0	0.0	0.0	0.0
0	0.0	0.0	14	0.0666666666666666	13.26	0	0.0	0.12853470437017994	0.0	0.5	0.0	0.0	0.0	0.0	0.0
1	0.0	0.0	59	0.0	5.16	0	0.2976190476190476	0.0	0.0	0.0	0.0	0.0	0.0	0.0	0.0
2	0.0	0.0	33	0.0124223602484472	15.2	0	0.0	0.031338138514572234	0.0	0.0	0.0	0.0	0.0	0.0	0.0
1	0.0	0.0	0	0.1428571428571428	17.2	0	0.0	0.9036144578313253	0.0	0.16666666666666666	0.0	0.0	0.0	0.0	0.0
1	0.0	0.0	0	0.0	17.33	0	0.0	0.6756756756756757	0.0	1.0	0.0	0.0	0.0	0.0	0.0
4	0.0	0.0	39	0.287292817679558	14.43	0	0.03557452863749555	0.0	0.0	1.0	0.0	0.0	0.0	0.05336179295624333	0.0
2	0.0	0.0	0	0.0149253731343283	16.64	0	0.0	0.05282620179609086	0.0	0.0	0.0	0.0	0.0	0.0	0.0
5	0.0	0.0	29	0.0588235294117647	6.94	0	0.0	0.15015015015015015	0.0	0.5	0.0	0.0	0.0	0.0	0.15015015015015015
1	0.0	0.0	4	0.0	23.5	0	0.819672131147541	0.0	0.0	0.0	0.0	0.0	0.0	0.0	0.0
4	0.0	0.0	4	0.0	16.66	0	0.0	0.02469745616201531	0.0	0.5	0.0	0.0	0.0	0.0	0.0
0	0.0	0.0	17	0.0476190476190476	0.0	0	0.1440922190201729	0.0	0.0	0.0	0.0	0.0	0.0	0.0	0.0
2	1.0	1.0	24	0.0	35.0	0	0.0	0.1372369624885636	0.0	0.0	0.0	0.0	0.0	0.0	0.0
0	0.0	0.0	14	0.0	0.0	0	0.31746031746031744	0.0	0.0	0.5	0.0	0.0	0.0	0.0	0.0
4	0.0	0.0	1	0.1104972375690607	16.58	0	0.032690421706440015	0.0	0.0	0.5	0.0	0.0	0.0	0.0	0.0
3	0.0	0.0	37	0.0	15.5	0	0.019657951641438964	0.0	0.0	0.0	0.0	0.0	0.0	0.0	0.0
1	0.0	0.0	0	0.0	16.14	0	0.0	0.10526315789473684	0.0	0.0	0.0	0.0	0.0	0.0	0.0
5	0.0	0.0	41	0.0	15.25	0	0.0	0.028113578858588697	0.0	0.0	0.0	0.0	0.0	0.0	0.0
1	0.0	0.0	0	0.0	17.8	0	0.0	0.9090909090909091	0.0	0.0	0.0	0.0	0.0	0.0	0.0
4	0.0	0.0	51	0.0	14.4	0	0.0	0.030637254901960783	0.0	0.0	0.0	0.0	0.0	0.0	0.0
1	0.0	0.0	0	0.0	16.46	0	0.0	1.0563380281690142	0.0	0.0	0.0	0.0	0.0	0.0	0.0
1	0.0	0.0	0	0.0	17.27	0	0.0	0.7352941176470588	0.0	0.0	0.0	0.0	0.0	0.0	0.0
2	0.0	0.0	0	0.0	16.45	0	0.0	0.06459948320413436	0.0	0.0	0.0	0.0	0.0	0.0	0.0
0	0.0	0.5	17	0.064516129032258	0.0	0	0.09578544061302682	0.0	0.0	0.0	0.0	0.0	0.0	0.0	0.0
2	0.0	0.0	43	0.0	15.26	0	0.0	0.020491803278688527	0.0	0.0	0.0	0.0	0.0	0.0	0.0
3	0.0	0.0	28	0.0	15.53	0	0.0	0.05042864346949068	0.0	0.0	0.0	0.0	0.0	0.0	0.0
1	0.0	0.0	2	0.0609756097560975	16.66	0	0.03580379520229144	0.0	0.0	0.0	0.0	0.0	0.0	0.0	0.0
4	0.0	0.0	20	0.0	17.61	0	0.2173913043478261	0.0	0.0	0.0	0.0	0.0	0.0	0.0	0.0
3	0.0	0.0	53	0.125	5.3	0	0.31446540880503143	0.0	0.0	0.0	0.0	0.0	0.0	0.15723270440251572	0.0
2	0.0	0.0	33	0.0	8.14	0	0.0	2.127659574468085	0.0	0.0	0.0	0.0	0.0	0.0	0.0
4	0.0	0.0	5	0.0	16.54	0	0.015926102882624624	0.0	0.0	0.0	0.0	0.0	0.0	0.0	0.0
0	0.0	0.0	34	0.0	14.36	0	0.04405286343612335	0.0	0.0	0.0	0.0	0.0	0.0	0.0	0.0
0	0.0	0.0	23	0.0384615384615384	0.0	0	0.0	0.08726003490401396	0.0	0.0	0.0	0.0	0.0	0.0	0.08726003490401396
0	0.0	0.0	15	0.0	15.02	0	0.0	0.05279831045406547	0.0	0.5	0.0	0.0	0.0	0.0	0.0
0	0.0	0.0	0	0.0	16.72	0	0.0	0.013126804935678655	0.0	1.0	0.0	0.0	0.0	0.0	0.0
1	0.0	0.0	42	0.054054054054054	14.27	0	0.02939447383891828	0.0	0.0	0.5	0.0	0.0	0.0	0.0	0.017705382436260624
1	0.0	0.0	36	0.0	5.26	0	0.6802721088435374	0.0	0.0	0.0	0.0	0.0	0.0	0.0	0.0
1	0.0	0.0	3	0.0	23.0	0	0.04338394793926247	0.0	0.0	0.0	0.0	0.0	0.0	0.0	0.0
0	0.6666666666666666	0.6666666666666666	24	0.1414141414141414	0.0	0	0.0	0.1006036217303823	0.0	0.0	0.0	0.0	0.0	0.0	0.05030181086519115
3	0.0	0.0	53	0.125	9.2	0	0.6578947368421053	0.0	0.0	0.0	0.0	0.0	0.0	0.16447368421052633	0.0
0	0.0	0.0	0	0.0	16.67	0	0.0	0.0998003992015968	0.0	0.5	0.0	0.0	0.0	0.0	0.0
0	0.0	0.0	21	0.0	0.0	0	0.0	0.2610966057441253	0.0	0.0	0.0	0.0	0.0	0.0	0.0
4	0.0	0.0	27	0.0	14.17	0	0.0	0.04512635379061372	0.0	0.0	0.0	0.0	0.0	0.0	0.0
0	0.0	0.0	4	0.0	35.53	1	0.0	16.666666666666668	0.0	1.0	0.0	0.0	0.0	0.0	0.0
2	0.0	0.0	57	0.0	7.61	0	0.053821313240043064	0.0	0.0	0.0	0.0	0.0	0.0	0.0	0.0
3	0.0	1.0	1	0.0	19.35	0	0.0	0.14662756598240467	0.0	1.0	0.0	0.0	0.0	0.0	0.0
4	0.0	0.0	0	0.015267175572519	16.36	0	0.04180602006688963	0.0	0.0	0.0	0.0	0.0	0.0	0.0	0.0
0	0.0	0.0	19	0.0	14.4	0	0.0	0.07215007215007216	0.0	0.0	0.0	0.0	0.0	0.0	0.0
3	0.0	0.0	47	0.0	9.8	0	0.08688097306689835	0.0	0.0	0.0	0.0	0.0	0.0	0.043440486533449174	0.0
6	0.0	0.0	40	0.0	14.91	0	0.03235198964736331	0.0	0.0	0.5	0.0	0.0	0.0	0.0	0.021190930281839375
3	1.0	0.5	58	0.0	14.4	0	0.1053740779768177	0.0	0.0	0.5	0.0	0.0	0.0	0.0	0.0
2	0.0	0.0	0	0.0	17.3	0	0.0	0.8474576271186441	0.0	0.0	0.0	0.0	0.0	0.0	0.0
1	0.0	0.0	0	0.0	9.5	0	0.0	0.09718172983479106	0.0	0.5	0.0	0.0	0.0	0.0	0.0
1	0.0	0.0	20	0.0	7.43	0	1.0526315789473684	0.0	0.0	0.0	0.0	0.0	0.0	0.0	0.0
2	0.0	0.0	1	0.0	16.16	0	0.03280839895013123	0.0	0.0	0.0	0.0	0.0	0.0	0.0	0.0
5	0.0	0.0	14	0.0	11.83	0	0.0	0.20491803278688525	0.0	0.0	0.0	0.0	0.0	0.0	0.0
3	0.0	0.0	58	0.0134228187919463	9.89	0	0.02197802197802198	0.0	0.0	0.0	0.0	0.0	0.0	0.10989010989010989	0.0
1	0.0	0.0	0	0.0	9.5	0	0.0	0.8695652173913044	0.0	0.0	0.0	0.0	0.0	0.0	0.0
1	0.0	0.0	1	0.0	20.0	0	0.0	0.10869565217391305	0.0	0.0	0.0	0.0	0.0	0.0	0.0
4	0.0	0.0	46	0.0	14.55	0	0.0	0.027240533914464723	0.0	0.0	0.0	0.0	0.0	0.0	0.027240533914464723
2	0.0	0.0	19	0.2923076923076923	19.25	0	0.09298000929800092	0.0	0.0	0.0	0.0	0.0	0.0	0.0	0.0
1	0.0	0.0	0	0.0384615384615384	10.0	0	0.0	0.11848341232227488	0.0	0.5	0.0	0.0	0.0	0.0	0.0
1	0.0	0.0	20	0.0	9.97	0	0.0	0.7368421052631579	0.0	0.07142857142857142	0.0	0.0	0.0	0.0	0.0
3	0.0	0.0	37	0.0	15.78	0	0.0	0.018251505749224312	0.0	0.0	0.0	0.0	0.0	0.0	0.0
2	0.0	0.0	42	0.0	16.05	0	0.0	0.05341880341880342	0.0	0.0	0.0	0.0	0.0	0.0	0.0
4	0.0	0.0	14	0.0	15.97	0	0.034879665155214505	0.0	0.0	0.0	0.0	0.0	0.0	0.0	0.0
6	0.0	0.0	71	0.0300751879699248	14.19	0	0.021958717610891524	0.0	0.0	0.0	0.0	0.0	0.0	0.0	0.0
0	0.0	0.0	39	0.0	13.53	0	0.01594896331738437	0.0	0.0	1.0	0.0	0.0	0.0	0.0	0.03765060240963856
1	0.0	0.0	0	0.0	17.2	0	0.0	0.25510204081632654	0.0	0.0	0.0	0.0	0.0	0.0	0.0
4	0.0	0.0	31	0.0	13.57	0	0.07299270072992702	0.0	0.0	0.5	0.0	0.0	0.0	0.03649635036496351	0.0
2	0.0	0.0	0	0.0	18.11	0	0.0	0.36319612590799033	0.0	1.0	0.0	0.0	0.0	0.0	0.0
1	0.0	0.0	18	0.0	15.73	0	0.0	0.04478280340349306	0.0	0.0	0.0	0.0	0.0	0.0	0.0
0	0.0	0.0	45	0.0	14.23	0	0.028563267637817767	0.0	0.0	0.5	0.0	0.0	0.0	0.0	0.0
0	1.0	0.0	42	0.0	0.0	0	0.22727272727272727	0.0	0.0	0.5	0.0	0.0	0.0	0.22727272727272727	0.0
2	0.3333333333333333	1.0	0	0.0	39.47	0	0.0	0.03055300947143294	0.0	0.0	0.0	0.0	0.0	0.0	0.0
3	0.0	0.0	42	0.1111111111111111	8.39	0	0.7633587786259541	0.0	0.0	0.0	0.0	0.0	0.0	0.0	0.0
0	0.0	0.0	0	0.0	16.37	0	0.0	0.19762845849802374	0.0	0.5	0.0	0.0	0.0	0.0	0.0
2	1.0	0.0	0	0.0	26.42	0	0.0	0.33670033670033667	0.0	0.75	0.0	0.0	0.0	0.0	0.0
4	0.0	0.0	17	0.0133333333333333	15.32	0	0.059737156511350066	0.0	0.0	0.0	0.0	0.0	0.0	0.0	0.0
0	0.0	0.0	0	0.0	16.35	0	0.0	0.033444816053511704	0.0	0.5	0.0	0.0	0.0	0.0	0.0
1	0.0	0.0	0	0.1428571428571428	16.08	0	0.0	1.2658227848101264	0.0	0.5	0.0	0.0	0.0	0.0	0.0
1	0.0	0.0	15	0.1111111111111111	9.5	0	0.6756756756756757	0.0	0.0	1.0	0.0	0.0	0.0	0.0	0.0
4	0.0	0.0	39	0.0	15.36	0	0.0226808800181447	0.0	0.0	0.0	0.0	0.0	0.0	0.0	0.0
3	0.0	0.0	30	0.0	5.63	0	0.3484320557491289	0.0	0.0	0.0	0.0	0.0	0.0	0.0	0.0
1	0.0	0.0	43	0.0	15.01	0	0.0	0.025846471956577927	0.0	0.0	0.0	0.0	0.0	0.0	0.0
1	0.0	0.0	0	0.0	16.85	0	0.0	0.273972602739726	0.0	0.0	0.0	0.0	0.0	0.0	0.0
0	0.0	0.0	15	0.0	0.0	0	0.0	0.2032520325203252	0.0	0.0	0.0	0.0	0.0	0.0	0.0
1	0.0	0.0	35	0.0	14.11	0	0.08103727714748785	0.0	0.0	2.0	0.0	0.0	0.0	0.0	0.0
0	0.0	0.0	29	0.0166666666666666	0.0	0	0.0	0.03687315634218289	0.0	0.0	0.0	0.0	0.0	0.0	0.018436578171091445
4	0.0	0.0	20	0.0	15.22	0	0.0	0.0479156684235745	0.0	0.5	0.0	0.0	0.0	0.0	0.0479156684235745
4	0.0	0.0	15	0.0	15.8	0	0.03429355281207133	0.0	0.0	0.0	0.0	0.0	0.0	0.0	0.0
3	0.0	0.0	47	0.0333333333333333	7.69	0	0.12135922330097088	0.0	0.0	0.0	0.0	0.0	0.0	0.0	0.0
1	0.0	0.0	20	0.0	9.5	0	2.0	0.0	0.0	0.0	0.0	0.0	0.0	0.0	0.0
1	0.0	0.0	34	0.0	15.4	0	0.0	0.044612982377871965	0.0	0.0	0.0	0.0	0.0	0.0125250501002004	0.0
0	0.0	1.0	24	0.0	0.0	1	3.3333333333333335	0.0	0.0	1.0	0.0	0.0	0.0	0.0	0.0
2	0.0	0.0	53	0.0	13.58	0	0.02985965959988056	0.0	0.0	0.0	0.0	0.0	0.0	0.02985965959988056	0.0
0	0.0	0.0	21	0.2727272727272727	0.0	0	0.0	0.8298755186721991	0.0	0.75	0.0	0.0	0.0	0.0	0.20746887966804978
5	0.0	0.0	44	0.0304568527918781	14.84	0	0.10845986984815617	0.0	0.0	0.0	0.0	0.0	0.0	0.10845986984815617	0.0
2	0.0	0.0	1	0.2280701754385964	28.22	0	0.03462603878116344	0.0	0.0	0.0	0.0	0.0	0.0	0.0	0.0
1	0.0	0.0	25	0.1428571428571428	5.85	0	1.6129032258064517	0.0	0.0	0.25	0.0	0.0	0.0	0.0	0.0
2	0.0	0.0	2	0.1388888888888889	16.83	0	0.0	0.05515719801434087	0.0	1.0	0.0	0.0	0.0	0.0	0.0
5	0.0	0.0	40	0.0	15.41	0	0.0	0.01385809312638581	0.0	0.0	0.0	0.0	0.0	0.03864734299516908	0.02771618625277162
0	0.0	0.0	22	0.0	16.07	0	0.022747952684258416	0.0	0.0	0.0	0.0	0.0	0.0	0.0	0.0
2	1.0	0.0	1	0.0789473684210526	21.98	0	0.0	0.09606147934678194	0.0	0.25	0.0	0.0	0.0	0.0	0.0
1	0.0	0.0	0	0.0	17.04	0	0.0	0.1893939393939394	0.0	1.0	0.0	0.0	0.0	0.0	0.0
3	0.0	0.0	53	0.0	13.91	0	0.0	0.01365001365001365	0.0	0.0	0.0	0.0	0.0	0.0	0.0
2	0.5	0.0	43	0.0	7.85	0	0.0	0.0411522633744856	0.0	0.0	0.0	0.0	0.0	0.0	0.0
4	0.0	0.0	28	0.1156069364161849	14.8	0	0.0	0.03645643456069996	0.0	0.0	0.0	0.0	0.0	0.0	0.01822821728034998
6	0.0	0.0	68	0.0404040404040404	12.2	0	0.0	0.02188183807439825	0.0	3.0	0.0	0.0	0.0	0.06218905472636817	0.010940919037199124
1	1.0	0.0	24	0.0	11.27	0	0.0	0.10563380281690142	0.0	0.0	0.0	0.0	0.0	0.0	0.035211267605633804
1	0.0	0.0	31	0.0	15.1	0	0.031075201988812928	0.0	0.0	0.0	0.0	0.0	0.0	0.0	0.0
1	1.0	0.0	5	0.08	17.57	0	0.08305647840531562	0.0	0.0	2.0	0.0	0.0	0.0	0.0	0.0
1	0.0	0.0	0	0.0	9.5	0	0.0	0.23809523809523808	0.0	0.0	0.0	0.0	0.0	0.0	0.0
1	0.0	0.0	20	0.0	17.5	0	0.0	0.0818330605564648	0.0	0.5	0.0	0.0	0.0	0.0	0.0818330605564648
0	1.0	0.0	47	0.0	0.0	0	0.0	0.13297872340425532	0.0	0.0	0.0	0.0	0.0	0.0	0.0
0	1.0	0.0	39	0.0416666666666666	0.0	0	0.5555555555555556	0.0	0.0	0.5	0.0	0.0	0.0	0.5555555555555556	0.0
1	0.0	1.0	14	0.0	11.0	0	0.14771048744460857	0.0	0.0	0.0	0.0	0.0	0.0	0.0	0.0
0	0.0	0.0	40	0.0	0.0	0	0.10411244143675169	0.0	0.0	0.0	0.0	0.0	0.0	0.0	0.0
1	1.0	1.0	24	0.0	8.01	0	0.025523226135783564	0.0	0.0	0.0	0.0	0.0	0.0	0.0	0.0
0	0.0	1.0	17	0.0	0.0	0	0.1545595054095827	0.0	0.0	0.0	0.0	0.0	0.0	0.0	0.0
2	0.0	0.0	0	0.0	15.92	0	0.0	0.19920318725099603	0.0	0.0	0.0	0.0	0.0	0.0	0.0
1	0.0	0.0	0	0.0	16.24	0	0.0	0.020721094073767096	0.0	1.0	0.0	0.0	0.0	0.0	0.0
2	0.0	0.0	51	0.0	12.71	0	0.044385264092321346	0.0	0.0	0.0	0.0	0.0	0.0	0.0	0.0
3	0.0	0.0	61	0.0	8.96	0	0.0	0.3021148036253776	0.0	0.0	0.0	0.0	0.0	0.0	0.0
2	0.0	0.0	0	0.0	18.02	0	0.0	0.5617977528089888	0.0	1.5	0.0	0.0	0.0	0.0	0.0
2	0.0	1.0	9	0.0333333333333333	12.06	0	0.0	0.05327650506126798	0.0	1.0	0.0	0.0	0.0	0.0	0.0
4	0.0	0.0	36	0.0	8.68	0	0.19455252918287938	0.0	0.0	0.0	0.0	0.0	0.0	0.0	0.0
1	0.0	0.0	48	0.0	15.1	0	0.0	0.014823599169878448	0.0	0.0	0.0	0.0	0.0	0.0	0.014823599169878448
0	0.0	0.0	27	0.0	15.52	0	0.02551020408163265	0.0	0.0	0.0	0.0	0.0	0.0	0.0	0.0
2	0.0	0.0	15	0.0	15.99	0	0.03943217665615142	0.0	0.0	0.0	0.0	0.0	0.0	0.0	0.0
9	0.0	0.0	25	0.0	15.79	0	0.01794043774668102	0.0	0.0	0.0	0.0	0.0	0.0	0.0	0.0
3	0.0	0.0	71	0.0	9.07	0	0.06418485237483953	0.0	0.0	0.0	0.0	0.0	0.0	0.0	0.0
6	0.0	0.0	33	0.0	15.5	0	0.0	0.017190991920233798	0.0	0.5	0.0	0.0	0.0	0.0	0.008595495960116899
2	0.0	0.0	34	0.024390243902439	17.56	0	0.05223295899712719	0.03711952487008166	0.0	0.0	0.0	0.0	0.0	0.026116479498563595	0.0
2	0.0	0.0	15	0.2467532467532467	15.26	1	0.34423407917383825	0.19685039370078738	0.0	0.5	0.0	0.0	0.0	0.0	0.19685039370078738
3	0.0	0.0	0	0.1372549019607843	19.21	0	0.0	0.4310344827586207	0.0	0.0	0.0	0.0	0.0	0.0	0.0
2	0.0	0.0	20	0.0	15.65	0	0.0	0.01760253476500616	0.0	0.0	0.0	0.0	0.0	0.0	0.0
2	0.0	0.0	17	0.0	16.22	0	0.0	0.02129471890971039	0.0	0.0	0.0	0.0	0.0	0.0	0.0
0	0.0	0.0	59	0.0129870129870129	5.38	1	1.484375	0.1969149983590417	0.0	0.4	0.0	0.0	0.0	0.0	0.09845749917952085
0	0.0	0.0	34	0.0	0.0	0	0.11574074074074073	0.0	0.0	0.0	0.0	0.0	0.0	0.0	0.0
1	1.0	0.0	49	0.3283582089552239	18.0	0	0.0	0.2032520325203252	0.0	1.0	0.0	0.0	0.0	0.0	0.0
1	0.0	0.0	7	0.1428571428571428	22.63	0	0.0	0.2747252747252747	0.0	0.5	0.0	0.0	0.0	0.0	0.0
1	0.0	0.0	16	0.0	9.5	0	1.5625	0.0	0.0	0.0	0.0	0.0	0.0	0.0	0.0
2	0.0	0.0	18	0.1764705882352941	7.61	0	0.27322404371584696	0.0	0.0	0.0	0.0	0.0	0.0	0.0	0.0
2	0.5	0.5	64	0.085	9.74	0	0.06148170919151552	0.0	0.0	0.0	0.0	0.0	0.0	0.03074085459575776	0.0
1	0.0	0.0	0	0.0769230769230769	17.12	0	0.0	0.4098360655737705	0.0	0.5	0.0	0.0	0.0	0.0	0.0
1	0.0	0.0	0	0.0	9.5	0	0.0	0.09433962264150944	0.0	0.0	0.0	0.0	0.0	0.0	0.0
0	0.0	0.0	73	0.0133779264214046	14.01	0	0.02473410833539451	0.0	0.0	4.5	0.0	0.0	0.0	0.02473410833539451	0.0
5	0.0	0.0	16	0.0267857142857142	15.78	0	0.0	0.050454086781029264	0.0	0.0	0.0	0.0	0.0	0.0149655791679138	0.0
2	0.0	0.0	21	0.0	15.45	0	0.0	0.0369139904023625	0.0	0.0	0.0	0.0	0.0	0.0	0.0
5	0.0	0.0	23	0.0	6.14	0	0.24154589371980678	0.0	0.0	0.0	0.0	0.0	0.0	0.0	0.4310344827586207
2	0.0	0.0	32	0.0888888888888888	6.75	0	0.1733102253032929	0.0	0.0	0.5	0.0	0.0	0.0	0.0	0.0
1	0.0	0.0	1	0.0	16.89	0	0.0	0.035739814152966405	0.0	0.0	0.0	0.0	0.0	0.0	0.0
3	0.0	0.0	17	0.0	11.05	0	0.0	0.13440860215053763	0.0	0.5	0.0	0.0	0.0	0.0	0.0
3	0.0	0.0	57	0.0	4.72	0	1.1904761904761905	0.0	0.0	0.0	0.0	0.0	0.0	0.0	0.0
1	0.0	0.0	0	0.0	10.0	0	0.0	1.7241379310344829	0.0	0.0	0.0	0.0	0.0	0.0	0.0
1	0.0	0.0	39	0.0253164556962025	13.86	0	0.10405827263267431	0.0	0.0	2.5	0.0	0.0	0.0	0.0	0.0
2	0.0	0.0	45	0.0	14.54	0	0.046146746654360866	0.0	0.0	0.0	0.0	0.0	0.0	0.011536686663590217	0.0
0	0.0	0.0	17	0.1851851851851851	0.0	0	0.11389521640091117	0.0	0.0	0.0	0.0	0.0	0.0	0.0	0.0
4	0.0	0.0	40	0.0	11.32	0	0.0	0.05952380952380952	0.0	0.0	0.0	0.0	0.0	0.0	0.02976190476190476
1	0.0	0.0	48	0.0546075085324232	15.01	0	0.0	0.017528483786152498	0.0	0.0	0.0	0.0	0.0	0.011764705882352941	0.017528483786152498
1	0.0	0.0	17	0.0	9.5	0	0.2617801047120419	0.0	0.0	0.0	0.0	0.0	0.0	0.0	0.0
1	0.0	0.0	37	0.1515151515151515	24.98	0	0.0	0.6896551724137931	0.0	0.0	0.0	0.0	0.0	0.0	0.0
1	0.0	0.0	0	0.0	10.0	0	0.0	0.8928571428571428	0.0	0.0	0.0	0.0	0.0	0.0	0.0
5	0.0	0.0	47	0.0211267605633802	15.61	0	0.06031363088057902	0.0	0.0	0.0	0.0	0.0	0.0	0.0	0.0
2	0.0	0.0	1	0.0	16.2	0	0.14925373134328357	0.0	0.0	0.0	0.0	0.0	0.0	0.0	0.0
0	0.0	0.0	28	0.0	0.0	0	0.08333333333333333	0.0	0.0	0.0	0.0	0.0	0.0	0.08333333333333333	0.0
0	0.0	0.0	2	0.0470588235294117	16.96	0	0.02192021043402017	0.0	0.0	1.0	0.0	0.0	0.0	0.0	0.0
4	0.0	0.0	42	0.0	15.16	0	0.024881811395869622	0.0	0.0	0.5	0.0	0.0	0.0	0.0	0.0
1	0.0	0.0	19	0.0	9.5	0	0.15060240963855423	0.0	0.0	0.0	0.0	0.0	0.0	0.0	0.0
1	0.0	0.0	35	0.0	15.14	0	0.0475850582916964	0.0	0.0	0.0	0.0	0.0	0.0	0.0	0.0
1	0.0	0.0	2	0.0	16.75	0	0.0	0.24271844660194175	0.0	0.0	0.0	0.0	0.0	0.0	0.0
3	0.0	0.0	79	0.0	11.79	0	0.0	0.033772374197906116	0.0	0.0	0.0	0.0	0.0	0.0	0.0
2	0.0	0.0	29	0.0	13.14	0	0.0	0.02670940170940171	0.0	1.0	0.0	0.0	0.0	0.0	0.02670940170940171
1	0.0	0.0	9	0.1029411764705882	16.65	0	0.0	0.06830601092896174	0.0	2.0	0.0	0.0	0.0	0.0	0.0
3	0.0	0.3333333333333333	26	0.0	16.77	0	0.019611688566385566	0.0	0.0	0.0	0.0	0.0	0.0	0.009805844283192783	0.0
0	0.3333333333333333	0.0	5	0.2892561983471074	0.0	1	0.0	0.06544502617801047	0.0	1.0	0.0	0.0	0.0	0.0	0.0
3	0.0	0.0	41	0.0419161676646706	15.05	0	0.0	0.019204916458613407	0.0	0.0	0.0	0.0	0.0	0.052910052910052914	0.0
1	0.0	0.0	29	0.0	13.5	0	0.0	0.04714757190004715	0.0	0.0	0.0	0.0	0.0	0.0	0.0
2	0.0	0.0	43	0.0	13.79	0	0.0	0.0530082162735224	0.0	0.25	0.0	0.0	0.0	0.0	0.0265041081367612
5	0.0	0.0	40	0.0	15.38	0	0.0	0.01606425702811245	0.0	0.0	0.0	0.0	0.0	0.04982064567556795	0.0
3	0.0	0.0	28	0.0	15.42	0	0.0	0.022609088853719195	0.0	0.0	0.0	0.0	0.0	0.0	0.0
0	0.0	0.0	51	0.0	0.0	1	1.2605042016806722	0.0	0.0	0.3333333333333333	0.0	0.0	0.0	0.0	0.0
1	0.0	0.0	23	0.0	9.5	0	0.2232142857142857	0.0	0.0	0.5	0.0	0.0	0.0	0.0	0.0
0	0.0	0.0	46	0.0	14.07	0	0.0	0.08090614886731393	0.0	2.0	0.0	0.0	0.0	0.0	0.24271844660194175
4	0.0	0.0	45	0.2268041237113402	9.15	0	0.0	0.03387533875338754	0.0	0.0	0.0	0.0	0.0	0.0	0.03387533875338754
5	0.0	0.0	0	0.0	17.28	0	0.0	0.2590673575129534	0.0	0.0	0.0	0.0	0.0	0.0	0.0
1	1.0	0.0	2	0.0	39.36	0	0.05641748942172073	0.0	0.0	0.0	0.0	0.0	0.0	0.0	0.0
1	0.0	0.0	39	0.03603603603603601	12.93	0	0.0	0.0855431993156544	0.0	3.0	0.0	0.0	0.0	0.0	0.0855431993156544
0	0.0	0.0	16	0.0	0.0	0	0.1545595054095827	0.0	0.0	0.0	0.0	0.0	0.0	0.0	0.0
3	0.0	0.0	2	0.0	16.69	0	0.0	0.05313496280552604	0.0	0.0	0.0	0.0	0.0	0.0	0.0
1	0.0	0.0	37	0.0	8.05	0	0.3189792663476874	0.0	0.0	0.0	0.0	0.0	0.0	0.0	0.0
5	0.0	0.0	22	0.0	15.54	0	0.04692632566870014	0.0	0.0	1.0	0.0	0.0	0.0	0.0	0.0
4	0.0	1.0	19	0.0283018867924528	15.81	1	0.0	1.1904761904761905	0.0	0.6666666666666666	0.0	0.0	0.0	0.0	0.0
2	1.0	0.0	21	0.0	63.07	0	0.019227071716977504	0.018796992481203006	0.0	0.0	0.0	0.0	0.0	0.0	0.0
1	0.0	0.0	0	0.0	17.17	0	0.0	4.166666666666667	0.0	0.5	0.0	0.0	0.0	0.0	0.0
0	0.0	0.0	6	0.3571428571428571	0.0	0	0.0	0.6578947368421053	0.0	1.0	0.0	0.0	0.0	0.0	0.6578947368421053
4	0.0	0.0	43	0.0	18.03	0	0.0	0.04357298474945534	0.0	1.0	0.0	0.0	0.0	0.0	0.0
10	0.5	1.0	35	0.0	22.1	0	0.0	0.04506534474988733	0.0	0.0	0.0	0.0	0.0	0.019264110961279137	0.011266336187471833
0	0.0	0.0	43	0.0	0.0	0	0.2617801047120419	0.0	0.0	0.0	0.0	0.0	0.0	0.13089005235602094	0.0
2	0.0	0.0	2	0.0	15.76	0	0.0	0.3125	0.0	0.5	0.0	0.0	0.0	0.0	0.0
7	0.0	0.0	18	0.0	16.21	0	0.02495632642874969	0.0	0.0	0.0	0.0	0.0	0.0	0.0	0.0
2	0.0	0.0	30	0.1827956989247312	19.26	0	0.029137529137529136	0.0	0.0	0.0	0.0	0.0	0.0	0.0	0.0
2	1.0	0.0	17	0.0	17.83	0	0.04619242444239145	0.0	0.0	0.0	0.0	0.0	0.0	0.0	0.0
0	1.0	0.0	17	0.0	0.0	0	0.0	1.0563380281690142	0.0	0.0	0.0	0.0	0.0	0.0	0.35211267605633806
1	0.0	0.0	55	0.0108108108108108	92.17	1	0.274323335771763	0.3781138790035587	0.0	0.5106382978723404	0.0	0.0	0.0	0.009144111192392099	0.02224199288256228
1	0.0	0.0	39	0.05	5.83	0	0.1724137931034483	0.0	0.0	0.0	0.0	0.0	0.0	0.0	0.0
4	0.0	0.0	5	0.0	15.92	0	0.0855431993156544	0.0	0.0	0.0	0.0	0.0	0.0	0.0	0.0
1	0.0	0.0	16	0.0	10.0	0	0.5208333333333334	0.0	0.0	2.0	0.0	0.0	0.0	0.0	0.0
1	0.0	0.0	0	0.0	16.23	0	0.04042037186742118	0.0	0.0	0.0	0.0	0.0	0.0	0.0	0.0
1	0.0	0.0	0	0.037037037037037	16.77	0	0.0	0.1953125	0.0	0.0	0.0	0.0	0.0	0.0	0.0
6	0.0	0.0	25	0.0	15.77	0	0.024218939210462583	0.0	0.0	0.0	0.0	0.0	0.0	0.012109469605231292	0.0
1	0.0	0.0	32	0.0	13.59	0	0.0639386189258312	0.0	0.0	0.0	0.0	0.0	0.0	0.0	0.0
2	0.0	0.0	50	0.0	15.02	0	0.0	0.008671522719389525	0.0	0.0	0.0	0.0	0.0	0.0	0.008671522719389525
2	0.5	0.0	0	0.0	26.39	0	0.0	0.021734405564007825	0.0	0.0	0.0	0.0	0.0	0.0	0.0
1	0.0	0.0	0	0.0	16.75	0	0.0	0.2597402597402597	0.0	0.0	0.0	0.0	0.0	0.0	0.0
1	0.0	0.0	22	0.135593220338983	22.5	0	0.14144271570014144	0.0	0.0	0.5	0.0	0.0	0.0	0.0	0.0
0	0.0	0.6	19	0.0217391304347826	0.0	0	0.11500862564692352	0.0	0.0	0.0	0.0	0.0	0.0	0.11500862564692352	0.0
0	1.0	0.5	37	0.0	0.0	0	0.0	0.18083182640144665	0.0	0.25	0.0	0.0	0.0	0.0	0.09041591320072333
3	0.0	0.0	0	0.0	16.64	0	0.015360983102918589	0.0	0.0	1.0	0.0	0.0	0.0	0.0	0.0
2	0.0	0.0	43	0.0	9.3	0	0.07326007326007326	0.0	0.0	0.0	0.0	0.0	0.0	0.0	0.0
2	0.0	0.0	0	0.0	16.32	0	0.0	0.09871668311944717	0.0	0.0	0.0	0.0	0.0	0.0	0.0
0	0.5	0.0	5	0.1612903225806451	8.4	0	0.0	0.4094165813715456	0.0	0.125	0.0	0.0	0.0	0.0	0.0
4	0.0	0.0	43	0.0	12.19	0	0.0	0.0286697247706422	0.0	2.0	0.0	0.0	0.0	0.0	0.0286697247706422
0	0.4	1.0	41	0.0	0.0	0	0.03461405330564209	0.0	0.0	0.0	0.0	0.017307026652821043	0.16666666666666666	0.0	0.0
7	0.0	0.0	43	0.0	14.89	0	0.0	0.022634676324128564	0.0	0.0	0.0	0.0	0.0	0.0	0.0
3	0.0	0.0	61	0.0	5.38	0	0.23809523809523808	0.0	0.0	1.0	0.0	0.0	0.0	0.0	0.0
3	0.0	0.0	42	0.0952380952380952	14.83	0	0.0	0.04081632653061224	0.0	0.0	0.0	0.0	0.0	0.0	0.04081632653061224
2	0.0	0.0	0	0.0	16.92	0	0.027419797093501508	0.0	0.0	0.0	0.0	0.0	0.0	0.0	0.0
1	0.0	0.0	0	0.0	17.52	0	0.0	0.9090909090909091	0.0	0.5	0.0	0.0	0.0	0.0	0.0
0	0.0	0.0	1	0.0135135135135135	16.17	0	0.051308363263211906	0.0	0.0	0.0	0.0	0.0	0.0	0.0	0.0
0	0.0	0.0	22	0.0253164556962025	17.54	1	0.0	10.526315789473685	0.0	0.5	0.0	0.0	0.0	0.0	0.0
7	0.0	0.0	11	0.0	16.65	0	0.0	0.14814814814814814	0.0	2.5	0.0	0.0	0.0	0.05841121495327103	0.07407407407407407
1	0.0	0.0	1	0.0	16.7	0	0.0	0.16611295681063123	0.0	0.0	0.0	0.0	0.0	0.0	0.0
1	0.0	0.0	45	0.0	12.14	0	0.09389671361502347	0.0	0.0	0.0	0.0	0.0	0.0	0.046948356807511735	0.0
2	0.0	0.0	0	0.1739130434782608	23.61	0	0.0	0.5847953216374269	0.0	2.0	0.0	0.0	0.0	0.0	0.0
2	1.0	1.0	27	0.0364741641337386	37.06	0	0.0	0.015710919088766692	0.0	0.5	0.0	0.0	0.0	0.0	0.0
3	0.0	0.0	4	0.0	16.2	0	0.0	0.020263424518743668	0.0	0.0	0.0	0.0	0.0	0.0	0.0
0	0.0	0.0	23	0.0	0.0	0	0.1597444089456869	0.0	0.0	1.0	0.0	0.0	0.0	0.1597444089456869	0.0
4	0.0	0.0	57	0.0081632653061224	14.38	0	0.024795437639474338	0.0	0.0	0.5	0.0	0.0	0.0	0.012397718819737169	0.0
1	0.0	0.0	1	0.17449664429530198	16.6	0	0.07886435331230283	0.0	0.0	0.0	0.0	0.0	0.0	0.0	0.0
3	0.0	0.0	43	0.0	13.27	0	0.0	0.38759689922480617	0.0	0.0	0.0	0.0	0.0	0.0	0.0
0	0.0	0.0	24	0.0	15.83	0	0.025853154084798345	0.0	0.0	0.0	0.0	0.0	0.0	0.0	0.0
4	0.0	0.0	69	0.0	25.73	0	0.06835269993164729	0.0	0.0	0.0	0.0	0.0	0.0	0.034176349965823645	0.0
1	1.0	1.0	19	0.0	0.98	0	0.0	0.11792452830188678	0.0	0.0	0.0	0.0	0.0	0.0	0.0
1	0.0	0.0	47	0.0	10.0	0	0.11574074074074073	0.0	0.0	0.5	0.0	0.0	0.0	0.0	0.0
2	0.0	0.0	36	0.0222222222222222	9.76	0	0.0	0.08928571428571429	0.0	2.0	0.0	0.0	0.0	0.0	0.0
1	0.0	1.0	20	0.0	8.49	0	50.0	0.0	0.0	0.0	0.0	0.0	0.0	0.0	0.0
2	0.0	0.0	19	0.0	8.01	0	0.24390243902439027	0.0	0.0	0.0	0.0	0.0	0.0	0.0	0.0
0	1.0	1.0	63	0.0266666666666666	0.0	1	37.80487804878049	0.0	0.0	0.0967741935483871	0.0	0.0	0.0	8.536585365853659	0.0
4	0.0	0.0	49	0.0	10.68	0	0.12484394506866417	0.0	0.0	0.0	0.0	0.0	0.0	0.0	0.0
1	0.0	0.0	36	0.0	6.86	0	0.19556714471968709	0.0	0.0	0.3333333333333333	0.0	0.0	0.0	0.0	0.04892367906066536
2	0.0	0.0	54	0.0	6.43	0	0.3861003861003861	0.0	0.0	0.0	0.0	0.0	0.0	0.0	0.0
2	0.0	0.0	22	0.0	15.95	0	0.0	0.028661507595299514	0.0	0.5	0.0	0.0	0.0	0.0	0.0
0	0.0	0.0	25	0.0	0.0	0	0.3125	0.0	0.0	0.0	0.0	0.0	0.0	0.3125	0.0
1	0.0	0.0	44	0.0	17.44	0	0.0	0.03664345914254306	0.0	0.5	0.0	0.0	0.0	0.0	0.01832172957127153
3	0.0	0.0	35	0.0695652173913043	15.25	0	0.026659557451346308	0.0	0.0	0.0	0.0	0.0	0.0	0.026659557451346308	0.0
2	0.0	0.0	25	0.16	7.08	0	0.3484320557491289	0.0	0.0	2.0	0.0	0.0	0.0	0.0	0.0794912559618442
2	0.0	0.0	22	0.0	15.59	0	0.03215434083601286	0.0	0.0	0.0	0.0	0.0	0.0	0.0	0.0
1	0.0	0.0	0	0.0	17.08	0	0.0	0.2747252747252747	0.0	1.0	0.0	0.0	0.0	0.0	0.0
1	0.0	0.0	21	0.0943396226415094	18.0	0	0.057537399309551214	0.0	0.0	0.0	0.0	0.0	0.0	0.057537399309551214	0.0
1	0.0	0.0	10	0.4569536423841059	17.91	0	0.0	0.1639344262295082	0.0	1.0	0.0	0.0	0.0	0.0	0.0
3	0.6666666666666666	1.0	2	0.0	22.29	0	0.0	0.014222727919214905	0.0	0.0	0.0	0.0	0.0	0.0	0.0
0	0.0	0.0	17	0.0	0.0	0	0.16129032258064516	0.0	0.0	0.0	0.0	0.0	0.0	0.0	0.0
1	0.0	0.0	58	0.0	8.96	0	0.5050505050505051	0.0	0.0	0.0	0.0	0.0	0.0	0.0	0.0
0	0.0	0.0	9	0.1208053691275167	16.71	0	0.0	0.06675567423230974	0.0	3.0	0.0	0.0	0.0	0.0	0.0
1	0.0	0.0	22	0.0909090909090909	14.49	0	0.0	0.04192872117400419	0.0	0.5	0.0	0.0	0.0	0.0	0.0
1	0.0	0.0	16	0.0	10.0	0	0.10141987829614606	0.0	0.0	0.0	0.0	0.0	0.0	0.0	0.0
0	0.0	1.0	19	0.0	0.0	0	1.3157894736842106	0.0	0.0	0.0	0.0	0.0	0.0	1.3157894736842106	0.0
0	0.0	0.0	21	0.0	0.0	0	0.0	0.19379844961240308	0.0	0.0	0.0	0.0	0.0	0.0	0.0
1	0.0	0.0	16	0.0	9.5	0	0.13071895424836602	0.0	0.0	0.0	0.0	0.0	0.0	0.0	0.0
1	0.0	0.0	14	0.0	9.5	0	0.9433962264150942	0.0	0.0	0.0	0.0	0.0	0.0	0.0	0.0
2	0.0	0.0	0	0.0218579234972677	16.73	0	0.0	0.04572473708276177	0.0	1.0	0.0	0.0	0.0	0.0	0.0
2	0.0	0.0	41	0.0	15.51	0	0.0189897455374098	0.0	0.0	0.5	0.0	0.0	0.0	0.0094948727687049	0.0
2	0.0	0.0	19	0.1	15.41	0	0.0	0.04040404040404041	0.0	0.0	0.0	0.0	0.0	0.0	0.04040404040404041
1	0.0	0.0	25	0.0	11.08	0	0.0	0.11123470522803114	0.0	0.0	0.0	0.0	0.0	0.0	0.05561735261401557
0	0.0	0.0	16	0.0	0.0	0	0.0	0.45454545454545453	0.0	0.0	0.0	0.0	0.0	0.0	0.45454545454545453
1	0.0	0.0	46	0.0	14.27	0	0.0	0.026716537536735238	0.0	0.0	0.0	0.0	0.0	0.0	0.0
2	0.0	0.0	41	0.6396396396396397	6.73	0	0.3225806451612903	0.0	0.0	1.0	0.0	0.0	0.0	0.0	0.0
1	0.0	0.0	19	0.0	9.5	0	0.2008032128514056	0.0	0.0	0.0	0.0	0.0	0.0	0.0	0.0
1	0.0	0.0	0	0.0588235294117647	18.17	0	0.0	0.4098360655737705	0.0	4.0	0.0	0.0	0.0	0.0	0.0
1	0.0	0.0	5	0.0	16.4	0	0.0	0.03869969040247678	0.0	0.0	0.0	0.0	0.0	0.0	0.0
1	0.0	0.0	0	0.0	10.0	0	0.0	0.2976190476190476	0.0	0.0	0.0	0.0	0.0	0.0	0.0
0	0.0	0.0	23	0.0	0.0	0	0.0	0.041666666666666664	0.0	0.0	0.0	0.0	0.0	0.0	0.041666666666666664
2	0.0	0.0	48	0.0071174377224199	15.43	0	0.008071025020177562	0.018828845791752966	0.0	0.3333333333333333	0.0	0.0	0.0	0.0	0.0
0	1.0	0.0	55	0.1379310344827586	15.89	1	0.0	6.593406593406593	0.08333333333333333	0.6666666666666666	0.0	0.0	0.0	0.0	0.0
2	0.0	0.0	43	0.0	14.78	0	0.026157467957101756	0.0	0.0	1.0	0.0	0.0	0.0	0.0	0.0
1	0.0	0.0	0	0.0	17.41	0	0.0	1.36986301369863	0.0	0.0	0.0	0.0	0.0	0.0	0.0
1	0.0	0.0	0	0.0434782608695652	17.69	0	0.0	0.1718213058419244	0.0	2.0	0.0	0.0	0.0	0.0	0.0
0	0.0	0.0	15	0.0	0.0	0	0.0	0.0927643784786642	0.0	0.0	0.0	0.0	0.0	0.0	0.0
5	0.0	0.0	46	0.0	4.81	0	2.380952380952381	0.0	0.0	0.0	0.0	0.0	0.0	0.0	0.0
3	0.0	0.0	2	0.0	16.25	0	0.0	0.027586206896551724	0.0	0.0	0.0	0.0	0.0	0.0	0.0
2	0.0	0.0	35	0.6153846153846154	4.74	0	0.6666666666666666	0.0	0.0	1.0	0.0	0.0	0.0	0.0	0.0
1	0.0	0.0	20	0.0	9.49	0	0.12987012987012986	0.0	0.0	0.0	0.0	0.0	0.0	0.0	0.0
1	0.0	1.0	20	0.0	0.47	0	0.056753688989784334	0.0	0.0	0.0	0.0	0.0	0.0	0.0	0.0
1	1.0	0.0	4	0.0204081632653061	9.5	0	0.07518796992481203	0.0	0.0	0.0	0.0	0.0	0.0	0.0	0.0
0	0.5	0.0	41	0.0	0.0	0	0.0	0.11918951132300357	0.0	0.0	0.0	0.0	0.0	0.0	0.05959475566150178
4	0.0	0.0	43	0.1651376146788991	15.7	0	0.0	0.031240237425804437	0.0	1.0	0.0	0.0	0.0	0.0	0.0
1	1.0	1.0	0	0.0	14.5	0	0.019062142584826535	0.0	0.0	0.0	0.0	0.0	0.0	0.0	0.0
0	0.0	0.0	25	0.0	0.0	0	0.12468827930174564	0.0	0.0	0.0	0.0	0.0	0.0	0.0	0.0
3	1.0	0.0	2	0.0288808664259927	13.79	0	0.0	0.024372410431391663	0.0	0.5	0.0	0.0	0.0	0.0	0.0
2	0.0	0.0	79	0.0549450549450549	7.82	0	0.0	0.03855050115651503	0.0	0.0	0.0	0.0	0.0	0.0	0.0
2	0.0	0.0	40	0.0	14.31	0	0.0632111251580278	0.0	0.0	4.0	0.0	0.0	0.0	0.0	0.0
3	0.0	0.0	45	0.18	14.18	0	0.0407000407000407	0.0	0.0	0.0	0.0	0.0	0.0	0.0	0.0
4	0.0	0.0	24	0.0054644808743169	16.34	0	0.011834319526627219	0.0	0.0	0.0	0.0	0.0	0.0	0.0	0.0
0	0.0	0.0	0	0.0	49.83	0	0.0	1.6129032258064517	0.0	0.0	0.0	0.0	0.0	0.0	0.0
1	0.0	0.0	0	0.0	20.74	0	0.0	0.132013201320132	0.0	0.25	0.0	0.0	0.0	0.0	0.0
2	0.0	0.0	16	0.0	11.3	0	0.25510204081632654	0.0	0.0	1.0	0.0	0.0	0.0	0.0	0.0
3	0.0	0.0	48	0.0144927536231884	15.77	0	0.0	0.016236402013313847	0.0	0.5	0.0	0.0	0.0	0.0	0.008118201006656924
3	0.0	0.0	0	0.0392156862745098	17.18	0	0.0	0.15503875968992248	0.0	1.0	0.0	0.0	0.0	0.0	0.0
4	0.0	0.0	43	0.0	13.14	1	0.0	0.23255813953488372	0.0	2.5555555555555554	0.0	0.0	0.0	0.024900398406374504	0.1808785529715762
2	0.0	0.0	28	0.0	22.1	0	0.05611672278338945	0.0	0.0	0.0	0.0	0.0	0.0	0.0	0.0
4	0.0	0.0	31	0.2592592592592592	15.35	0	0.022246941045606226	0.0	0.0	0.0	0.0	0.0	0.0	0.0	0.0
2	0.0	0.0	15	0.0	15.54	0	0.058445353594389245	0.0	0.0	0.0	0.0	0.0	0.0	0.0	0.0
3	0.0	0.0	38	0.0	15.3	0	0.0	0.008753501400560224	0.0	0.0	0.0	0.0	0.0	0.0	0.0
1	0.0	0.0	10	0.0	14.96	0	0.15432098765432098	0.0	0.0	1.0	0.0	0.0	0.0	0.0	0.0
3	0.0	0.0	0	0.0	16.43	0	0.0	0.060459492140266025	0.0	0.0	0.0	0.0	0.0	0.0	0.0
1	0.0	0.0	0	0.0	9.5	0	0.0	0.16129032258064516	0.0	0.0	0.0	0.0	0.0	0.0	0.0
0	0.0	0.0	0	0.0	16.25	0	0.03445899379738112	0.0	0.0	0.0	0.0	0.0	0.0	0.0	0.0
1	0.0	0.0	1	0.0	16.72	0	0.016488046166529265	0.0	0.0	0.5	0.0	0.0	0.0	0.0	0.0
2	0.5	0.0	34	0.0	25.39	0	0.06428801028608165	0.0	0.0	0.0	0.0	0.0	0.0	0.0	0.0
0	1.0	0.0	2	0.1578947368421052	11.26	0	0.27173913043478265	0.0	0.0	0.3333333333333333	0.0	0.0	0.0	0.0	0.0
5	0.0	0.0	56	0.0697674418604651	13.21	0	0.0	0.023386342376052388	0.0	0.0	0.0	0.0	0.0	0.0	0.0
2	0.0	0.0	1	0.1626016260162601	16.65	0	0.0	0.028058361391694726	0.0	0.0	0.0	0.0	0.0	0.0	0.0
1	0.0	0.0	0	0.037037037037037	17.02	0	0.0	0.3067484662576687	0.0	0.5	0.0	0.0	0.0	0.0	0.0
3	0.0	0.0	30	0.0	15.25	0	0.20161290322580647	0.0	0.0	0.0	0.0	0.0	0.0	0.0	0.0
1	0.0	0.0	32	0.0178571428571428	13.05	0	0.0	0.09233610341643582	0.0	0.0	0.0	0.0	0.0	0.0	0.04616805170821791
4	0.0	0.0	53	0.0	10.15	0	0.06090133982947624	0.0	0.0	0.0	0.0	0.0	0.0	0.0	0.0
1	0.0	0.0	0	0.0	10.5	0	0.0	25.0	0.0	0.0	0.0	0.0	0.0	0.0	0.0
2	0.0	0.0	0	0.0	18.15	0	0.0	0.17793594306049823	0.0	3.0	0.0	0.0	0.0	0.0	0.0
6	0.0	0.0	56	0.0	13.96	0	0.0	0.03232062055591467	0.0	0.0	0.0	0.0	0.0	0.0	0.016160310277957335
2	0.0	0.0	43	0.0	15.16	0	0.011655011655011656	0.0	0.0	0.0	0.0	0.0	0.0	0.023310023310023312	0.0
5	0.0	0.0	22	0.0	12.98	0	0.07434944237918216	0.0	0.0	0.0	0.0	0.0	0.0	0.0	0.0
1	0.0	0.0	0	0.0	16.24	0	0.0	0.028137310073157007	0.0	0.0	0.0	0.0	0.0	0.0	0.0
6	0.0	0.0	20	0.0	43.7	0	0.0	0.6896551724137931	0.0	0.2	0.0	0.0	0.0	0.0	0.0
1	0.0	0.0	16	0.328125	13.79	0	0.07987220447284345	0.0	0.0	0.0	0.0	0.0	0.0	0.0	0.0
1	0.0	0.0	22	0.0	15.43	0	0.0	0.07621951219512195	0.0	5.5	0.0	0.0	0.0	0.0	0.038109756097560975
1	0.0	0.0	38	0.0	15.01	0	0.029291154071470416	0.0	0.0	0.0	0.0	0.0	0.0	0.0	0.0
0	0.0	0.0	15	0.0	0.0	0	0.3496503496503497	0.0	0.0	0.5	0.0	0.0	0.0	0.0	0.0
0	0.0	0.0	18	0.0	16.03	0	0.03074085459575776	0.0	0.0	0.0	0.0	0.0	0.0	0.0	0.0
1	1.0	0.0	1	0.0	15.56	0	0.0	0.031496062992125984	0.0	0.0	0.0	0.0	0.0	0.0	0.0
0	0.0	0.0	14	0.0765027322404371	16.64	1	0.0	1.066350710900474	0.0	1.7222222222222223	0.0	0.0	0.0	0.0	0.0
1	0.0	0.0	35	0.0	5.36	0	0.8928571428571428	0.0	0.0	0.5	0.0	0.0	0.0	0.0	0.0
1	0.0	0.0	2	0.0	16.92	0	0.18281535648994515	0.0	0.0	0.5	0.0	0.0	0.0	0.0	0.0
0	0.0	0.0	26	0.0	0.0	0	0.0	0.5263157894736842	0.0	0.5	0.0	0.0	0.0	0.0	0.0
8	0.3333333333333333	1.0	50	0.1377551020408163	19.09	0	0.02594706798131811	0.07487832272557095	0.0	0.0	0.0	0.0	0.0	0.012973533990659055	0.037439161362785474
1	0.0	0.0	78	0.0	9.31	0	0.9146341463414634	0.0	0.0	0.16666666666666666	0.0	0.0	0.0	0.0	0.0
7	0.0	0.0	43	0.0347826086956521	15.03	0	0.02197802197802198	0.0	0.0	0.5	0.0	0.0	0.0	0.0	0.0
2	0.0	0.0	20	0.0	2.57	1	0.0	0.7763975155279502	0.0	0.7	0.0	0.0	0.0	0.07858546168958742	0.0
4	0.0	0.0	22	0.0	15.13	1	0.0	0.5286343612334802	0.0	1.6666666666666667	0.0	0.0	0.0	0.0	0.3524229074889868
2	0.0	0.0	25	0.0	16.21	0	0.01668613382279326	0.0	0.0	0.0	0.0	0.0	0.0	0.0	0.0
1	0.0	0.0	47	0.0	8.0	0	0.0	0.03125	0.0	0.0	0.0	0.0	0.0	0.0	0.0
1	0.0	0.0	2	0.4277456647398844	16.28	0	0.18348623853211007	0.0	0.0	0.5	0.0	0.0	0.0	0.0	0.0
2	0.0	0.0	29	0.0	18.93	0	0.22831050228310504	0.0	0.0	0.0	0.0	0.0	0.0	0.0	0.0
0	0.0	0.0	46	0.0	0.0	0	0.13157894736842105	0.0	0.0	0.0	0.0	0.0	0.0	0.0	0.0
2	0.0	0.0	37	0.0	15.02	0	0.027525461051472612	0.0	0.0	0.0	0.0	0.0	0.0	0.027525461051472612	0.0
4	0.0	0.0	49	0.0056497175141242	15.41	0	0.01749169144656288	0.0	0.0	1.0	0.0	0.0	0.0	0.01749169144656288	0.0
3	0.0	0.0	25	0.0	15.58	0	0.029061319383900032	0.0	0.0	0.0	0.0	0.0	0.0	0.0	0.0
1	0.0	0.0	21	0.0	23.0	0	0.4	0.0	0.0	0.0	0.0	0.0	0.0	0.0	0.0
2	0.0	0.0	53	0.0	8.61	0	0.0	0.11402508551881414	0.0	0.0	0.0	0.0	0.0	0.0	0.17103762827822122
1	0.0	0.0	15	0.0	13.5	0	3.4482758620689657	0.0	0.0	1.0	0.0	0.0	0.0	0.0	0.0
1	0.0	0.0	0	0.0952380952380952	16.66	0	0.0	0.16778523489932887	0.0	0.0	0.0	0.0	0.0	0.0	0.0
3	0.0	0.0	37	0.0	14.49	0	0.03033980582524272	0.0	0.0	0.0	0.0	0.0	0.0	0.0	0.0
2	0.0	0.0	41	0.1346153846153846	14.47	0	0.030525030525030528	0.0	0.0	2.0	0.0	0.0	0.0	0.015262515262515264	0.0
5	0.0	0.0	0	0.0467836257309941	16.63	0	0.017123287671232876	0.0	0.0	0.0	0.0	0.0	0.0	0.0	0.0
6	0.0	0.0	2	0.0	16.26	0	0.0	0.024740227610094014	0.0	0.5	0.0	0.0	0.0	0.0	0.0
0	0.0	0.0	43	0.0	15.49	0	0.0	0.025773195876288662	0.0	2.0	0.0	0.0	0.0	0.0	0.051546391752577324
1	0.0	0.0	47	0.0	13.72	0	0.0	0.02939447383891828	0.0	0.5	0.0	0.0	0.0	0.0	0.0
3	0.0	0.0	68	0.0	11.45	0	0.03116235587410408	0.0	0.0	0.0	0.0	0.0	0.0	0.0	0.0
1	0.0	0.0	44	0.0	9.5	0	0.07861635220125786	0.0	0.0	0.5	0.0	0.0	0.0	0.0	0.0
1	0.0	0.0	0	0.0	16.68	0	0.0	0.1004016064257028	0.0	0.0	0.0	0.0	0.0	0.0	0.0
1	0.0	0.0	35	0.0	16.01	0	0.0	0.01697792869269949	0.0	0.5	0.0	0.0	0.0	0.0	0.0
3	0.0	0.0	16	0.2419354838709677	16.49	0	0.0	0.028376844494892167	1.0	1.0	0.0	0.0	0.0	0.0	0.0
1	0.0	0.0	28	0.0	17.0	0	0.0	0.4098360655737705	0.0	0.0	0.0	0.0	0.0	0.0	0.4098360655737705
1	0.0	0.0	29	0.0	3.0	0	0.15527950310559005	0.0	0.0	0.0	0.0	0.0	0.0	0.0	0.0
3	0.0	0.0	15	0.4207317073170731	23.8	0	0.10828370330265295	0.0	0.0	2.0	0.0	0.0	0.0	0.0	0.0
1	0.0	0.0	30	0.0	9.5	0	0.4065040650406504	0.0	0.0	0.0	0.0	0.0	0.0	0.0	0.0
1	0.0	0.0	20	0.0	5.76	0	1.7241379310344829	0.0	0.0	0.5	0.0	0.0	0.0	0.0	0.0
0	0.0	0.0	21	0.0	0.0	0	0.6329113924050632	0.0	0.0	0.0	0.0	0.0	0.0	0.6329113924050632	0.0
4	0.0	0.0	23	0.0246913580246913	15.83	0	0.0	0.05170630816959669	0.0	0.5	0.0	0.0	0.0	0.0	0.0
1	0.0	0.0	46	0.0	13.72	0	0.0	0.016355904481517827	0.0	0.0	0.0	0.0	0.0	0.0	0.0
1	0.0	0.0	22	0.0909090909090909	15.81	0	0.0	0.024545900834560628	0.0	0.0	0.0	0.0	0.0	0.0	0.012272950417280314
0	0.0	0.0	14	0.3384615384615385	0.0	0	0.0	0.09433962264150944	0.0	0.0	0.0	0.0	0.0	0.0	0.0
0	0.0	0.0	11	0.0	0.0	0	0.6097560975609756	0.0	0.0	1.0	0.0	0.0	0.0	0.0	0.0
3	0.0	0.0	0	0.0	16.94	0	0.0	0.029069767441860465	0.0	0.0	0.0	0.0	0.0	0.0	0.0
1	0.0	0.0	14	0.2142857142857142	9.92	0	0.19685039370078738	0.0	0.0	0.0	0.0	0.0	0.0	0.0	0.0
6	0.0	0.0	36	0.0130718954248366	15.54	0	0.019065776930409912	0.0	0.0	0.0	0.0	0.0	0.0	0.0	0.0
3	0.3333333333333333	0.5	54	0.0	9.21	0	0.012990387113535984	0.01538935056940597	0.0	0.25	0.007694675284702985	0.0	0.2	0.012990387113535984	0.0
1	0.0	0.0	20	0.0	12.0	0	0.2631578947368421	0.0	0.0	0.0	0.0	0.0	0.0	0.2631578947368421	0.0
0	0.0	0.0	22	0.0	0.0	0	0.0	0.06798096532970768	0.0	0.0	0.0	0.0	0.0	0.0	0.06798096532970768
1	0.0	0.0	13	0.0909090909090909	1.89	0	0.0	0.30959752321981426	0.0	0.5	0.0	0.0	0.0	0.0	0.0
2	0.0	1.0	0	0.0	23.1	0	0.05998800239952009	0.0	0.0	0.0	0.0	0.0	0.0	0.0	0.0
2	0.0	0.0	31	0.0	14.03	0	0.11813349084465447	0.0	0.0	0.0	0.0	0.0	0.0	0.0	0.0
1	0.0	0.0	30	0.0	9.5	0	0.23584905660377356	0.0	0.0	0.25	0.0	0.0	0.0	0.0	0.0
5	0.0	0.0	44	0.0	14.87	0	0.0	0.03247807729782397	0.0	0.0	0.0	0.0	0.0	0.0	0.0
2	0.0	0.0	43	0.0	13.62	0	0.0	0.14734774066797643	0.0	0.0	0.0	0.0	0.0	0.0	0.0
2	0.0	0.0	42	0.0	15.61	0	0.0	0.03309066843150232	0.0	0.0	0.0	0.0	0.0	0.0	0.0
1	0.0	0.0	0	0.0	17.12	0	0.0	0.18518518518518517	0.0	0.0	0.0	0.0	0.0	0.0	0.0
1	0.0	0.0	18	0.0	10.18	0	0.1362397820163488	0.0	0.0	0.0	0.0	0.0	0.0	0.0	0.0
0	0.0	0.0	21	0.0	0.0	0	0.0	0.037565740045078885	0.0	0.0	0.0	0.0	0.0	0.0	0.037565740045078885
0	0.0	1.0	17	0.0	0.0	0	0.05910165484633569	0.0	0.0	0.0	0.0	0.0	0.0	0.05910165484633569	0.0
2	0.0	0.0	3	0.0	17.75	0	0.3225806451612903	0.0	0.0	0.0	0.0	0.0	0.0	0.0	0.0
0	0.0	0.0	0	0.0	16.82	0	0.0900900900900901	0.0	0.0	2.0	0.0	0.0	0.0	0.0	0.0
2	0.0	0.0	0	0.0	16.77	0	0.016658337497917706	0.0	0.0	0.0	0.0	0.0	0.0	0.0	0.0
6	0.0	0.0	34	0.07200000000000001	15.59	0	0.0	0.023234200743494426	0.0	0.0	0.0	0.0	0.0	0.0	0.011617100371747213
3	0.0	0.0	27	0.0	14.13	0	0.0	0.040584415584415584	0.0	1.0	0.0	0.0	0.0	0.0	0.040584415584415584
6	0.0	0.0	48	0.0	15.41	0	0.0	0.024795437639474338	0.0	0.0	0.0	0.0	0.0	0.007900142202559647	0.012397718819737169
2	0.0	0.0	35	0.0787401574803149	13.28	0	0.0	0.05605381165919283	0.0	1.0	0.0	0.0	0.0	0.0	0.0
3	0.0	0.0	36	0.0	10.85	0	0.22779043280182235	0.0	0.0	0.5	0.0	0.0	0.0	0.0	0.0
5	0.0	0.0	46	0.0050377833753148	15.89	0	0.013462574044157242	0.0	0.0	0.5	0.0	0.0	0.0	0.0	0.0
0	0.5	0.0	54	0.0153846153846153	13.28	1	0.36333147009502514	0.5097517730496455	0.0	0.2777777777777778	0.0	0.0	0.0	0.0	0.3324468085106383
3	0.0	0.0	22	0.0	12.56	0	0.974025974025974	0.0	0.0	0.0	0.0	0.0	0.0	0.0	0.0
2	0.0	1.0	3	0.0414507772020725	49.28	0	0.05515719801434087	0.0	0.0	0.0	0.0	0.0	0.0	0.0	0.0
4	0.0	0.0	75	0.0	5.37	0	0.0	0.12658227848101264	0.0	0.0	0.0	0.0	0.0	0.0	0.0
3	0.0	0.0	17	0.1614349775784753	15.7	0	0.038037276531000384	0.0	0.0	2.0	0.0	0.0	0.0	0.0	0.0
2	0.0	0.0	73	0.0491803278688524	8.74	0	0.04424778761061947	0.0	0.0	0.0	0.0	0.0	0.0	0.0	0.0
0	0.0	0.0	19	0.0	0.0	0	0.2958579881656805	0.0	0.0	0.0	0.0	0.0	0.0	0.0	0.0
3	0.0	0.0	29	0.0	6.75	0	0.22624434389140272	0.0	0.0	0.5	0.0	0.0	0.0	0.0	0.0
3	0.0	0.0	38	0.1441860465116279	14.89	0	0.02531004808909137	0.0	0.0	0.0	0.0	0.0	0.0	0.012655024044545686	0.0
1	0.0	0.0	1	0.0	16.19	0	0.05827505827505827	0.0	0.0	0.5	0.0	0.0	0.0	0.0	0.0
0	0.0	0.0	26	0.0	0.0	0	0.0	0.07142857142857142	0.0	0.0	0.0	0.0	0.0	0.0	0.03571428571428571
0	1.0	1.0	39	0.4090909090909091	8.49	0	0.0	0.04304778303917348	0.0	3.5	0.0	0.0	0.0	0.0	0.0
1	0.0	1.0	50	0.0	11.19	1	0.5996131528046421	0.500277932184547	0.02040816326530612	0.673469387755102	0.0	0.01934235976789168	0.0	0.46421663442940037	0.0
3	0.0	0.0	29	0.0	23.9	0	0.03469812630117974	0.0	0.0	0.0	0.0	0.0	0.0	0.01734906315058987	0.0
2	0.0	0.0	21	0.0	15.03	0	0.0	0.04642525533890437	0.0	0.5	0.0	0.0	0.0	0.0	0.0
4	0.0	0.0	30	0.0	15.49	0	0.026631158455392812	0.0	0.0	0.0	0.0	0.0	0.0	0.0	0.0
4	0.0	0.0	20	0.0142857142857142	16.15	0	0.021934634788330774	0.0	0.0	0.5	0.0	0.0	0.0	0.0	0.0
0	0.0	0.0	44	0.0	16.12	0	0.004868075163080518	0.0	0.0	1.0	0.0	0.0	0.0	0.0	0.0
2	0.0	0.0	16	0.0	8.73	0	0.0	0.2824858757062147	0.0	0.0	0.0	0.0	0.0	0.0	0.0
1	0.0	0.0	61	0.0	14.45	0	0.0	0.02320185614849188	0.0	0.0	0.0	0.0	0.0	0.0	0.02320185614849188
4	0.0	0.0	6	0.0295566502463054	16.55	0	0.023078698361412416	0.0	0.0	1.5	0.0	0.0	0.0	0.0	0.0
2	0.0	0.0	62	0.0085106382978723	13.98	0	0.0	0.024709661477637757	0.0	0.0	0.0	0.0	0.0	0.0	0.0
5	0.0	0.0	21	0.0	8.24	0	0.303951367781155	0.0	0.0	0.0	0.0	0.0	0.0	0.0	0.0
1	0.0	0.0	48	0.0	9.98	0	0.0275178866263071	0.0	0.0	0.0	0.0	0.0	0.0	0.0	0.0
3	0.0	0.0	70	0.0297029702970297	12.44	0	0.06934812760055478	0.0	0.0	0.0	0.0	0.0	0.0	0.0	0.0
0	0.0	0.0	44	0.0	0.0	1	0.4357298474945534	0.37919826652221017	0.0	0.8461538461538461	0.0	0.0	0.0	0.4357298474945534	0.0
1	0.0	0.0	18	0.0	16.32	0	0.022138587558113793	0.0	0.0	0.0	0.0	0.0	0.0	0.0	0.0
1	0.0	1.0	19	0.0	24.0	0	0.0	2.1739130434782608	0.0	0.0	0.0	0.0	0.0	0.0	0.0
6	0.0	0.0	48	0.0	15.48	0	0.0	0.02976190476190476	0.0	1.0	0.0	0.0	0.0	0.0	0.0
1	0.0	0.0	61	0.0	9.5	0	0.14836795252225518	0.0	0.0	0.0	0.0	0.0	0.0	0.0	0.0
1	0.0	0.0	7	0.0	23.5	0	0.0	1.2048192771084338	0.0	0.0	0.0	0.0	0.0	0.0	0.0
4	0.0	0.0	34	0.0	15.62	0	0.02053388090349076	0.0	0.0	0.0	0.0	0.0	0.0	0.02053388090349076	0.0
2	0.0	0.0	16	0.005813953488372	16.54	0	0.0	0.10914647456887142	0.0	0.0	0.0	0.0	0.0	0.0	0.0
2	0.0	0.0	0	0.048780487804878	25.49	0	0.0	0.1053740779768177	0.0	0.0	0.0	0.0	0.0	0.0	0.0
4	0.0	1.0	0	0.0	14.54	0	0.07927070947284978	0.0	0.0	0.0	0.0	0.0	0.0	0.0	0.0
1	0.0	0.0	51	0.0	14.5	0	0.0	0.033079722130334104	0.0	0.0	0.0	0.0	0.0	0.0	0.016539861065167052
0	0.0	1.0	29	0.0	0.0	1	0.5910165484633569	0.0	0.0	0.0	0.0	0.0	0.0	0.0	0.0
0	0.0	0.0	34	0.1666666666666666	0.0	1	0.436046511627907	0.21052631578947367	0.0	0.8	0.0	0.0	0.0	0.0	0.21052631578947367
1	0.0	0.0	20	0.0	15.0	0	0.0	0.11627906976744186	0.0	0.5	0.0	0.0	0.0	0.0	0.0
4	0.0	0.0	53	0.0441988950276243	14.3	0	0.0	0.02696144513345915	0.0	0.0	0.0	0.0	0.0	0.0	0.0
1	0.0	0.0	0	0.0	11.5	0	0.0	0.30864197530864196	0.0	1.0	0.0	0.0	0.0	0.0	0.0
1	0.0	0.0	0	0.08	17.31	0	0.0	2.3255813953488373	0.0	0.0	0.0	0.0	0.0	0.0	0.0
4	0.0	0.0	8	0.0289855072463768	16.15	0	0.01625487646293888	0.0	0.0	2.0	0.0	0.0	0.0	0.0	0.0
5	0.0	0.0	25	0.1666666666666666	5.07	0	1.3513513513513513	0.0	0.0	0.5	0.0	0.0	0.0	0.0	0.0
1	1.0	0.0	53	0.0212765957446808	10.59	1	0.5843071786310517	0.6736526946107785	0.0	0.1875	0.0	0.0	0.0	0.0	0.37425149700598803
0	0.0	0.0	46	0.0	0.0	0	0.0	0.05938242280285036	0.0	0.0	0.0	0.0	0.0	0.0	0.0
2	0.0	1.0	0	0.0	13.2	0	0.0	0.04071661237785017	0.0	0.0	0.0	0.0	0.0	0.0	0.0
1	0.0	0.0	65	0.0	6.9	0	0.1341381623071764	0.0	0.0	0.0	0.0	0.0	0.0	0.0	0.0
3	0.0	0.0	15	0.0	11.15	0	0.12019230769230768	0.0	0.0	0.5	0.0	0.0	0.0	0.0	0.0
0	0.0	0.0	78	0.0	5.84	0	0.07278020378457059	0.0	0.0	0.5	0.0	0.0	0.0	0.036390101892285295	0.0
2	1.0	0.0	65	0.0172413793103448	9.71	1	0.0	0.8958566629339306	0.0	0.8125	0.0	0.0	0.0	0.13289036544850497	0.5599104143337066
0	0.0	0.0	20	0.106060606060606	14.63	0	0.07898894154818326	0.0	0.0	0.0	0.0	0.0	0.0	0.07898894154818326	0.0
2	1.0	1.0	36	0.0207253886010362	13.1	0	0.024521824423737126	0.0	0.0	0.0	0.0	0.0	0.0	0.024521824423737126	0.0
1	0.0	0.0	0	0.0	16.72	0	0.0	0.24875621890547267	0.0	0.0	0.0	0.0	0.0	0.0	0.0
2	1.0	0.0	2	0.0186915887850467	19.07	0	0.046446818392940084	0.0	0.0	0.0	0.0	0.0	0.0	0.0	0.0
1	0.0	0.0	1	0.0	18.5	0	0.1736111111111111	0.0	0.0	0.0	0.0	0.0	0.0	0.0	0.0
4	0.0	0.0	1	0.0	16.69	0	0.030797659377887282	0.0	0.0	0.0	0.0	0.0	0.0	0.0	0.0
1	0.0	0.0	14	0.054054054054054	15.86	0	0.044543429844097995	0.0	0.0	0.0	0.0	0.0	0.0	0.0	0.0
10	0.0	0.0	80	0.0	14.24	0	0.0	0.03006614552014432	0.0	0.0	0.0	0.0	0.0	0.0	0.0
4	0.0	0.0	65	0.0416666666666666	11.07	0	0.03985651654045436	0.0	0.0	0.0	0.0	0.0	0.0	0.0	0.0
7	0.0	0.0	58	0.0	14.74	0	0.0	0.03745318352059925	0.0	0.0	0.0	0.0	0.0	0.0	0.0
0	0.0	0.0	20	0.0	0.0	0	0.0681198910081744	0.0	0.0	0.0	0.0	0.0	0.0	0.0	0.0
1	0.0	0.0	0	0.08	9.5	0	0.0	2.5	0.0	0.0	0.0	0.0	0.0	0.0	0.0
4	0.0	0.0	61	0.0	15.37	0	0.0	0.017427675148135237	0.0	0.0	0.0	0.0	0.0	0.0	0.0
1	0.0	0.0	0	0.0555555555555555	17.32	0	0.0	0.18796992481203006	0.0	1.0	0.0	0.0	0.0	0.0	0.0
0	0.0	0.0	41	0.6666666666666666	0.0	0	50.0	0.0	0.0	0.5	0.0	0.0	0.0	25.0	0.0
1	0.0	0.0	45	0.0	9.22	0	0.0	0.12376237623762376	0.0	0.0	0.0	0.0	0.0	0.0	0.0
1	0.0	0.0	5	0.2857142857142857	15.53	0	0.0	0.20242914979757085	0.0	2.0	0.0	0.0	0.0	0.0	0.0
2	0.0	0.0	17	0.0	8.5	0	0.0	0.19685039370078738	0.0	0.0	0.0	0.0	0.0	0.0	0.0
4	0.0	0.0	2	0.0921052631578947	31.12	0	0.5181347150259067	0.0	0.0	0.6666666666666666	0.0	0.0	0.0	0.0	0.0
3	0.0	0.0	42	0.0352941176470588	8.85	0	0.09523809523809523	0.0	0.0	0.0	0.0	0.0	0.0	0.0	0.0
4	0.0	0.0	0	0.0	16.49	0	0.0	0.03430531732418525	0.0	0.5	0.0	0.0	0.0	0.0	0.0
1	0.0	0.0	0	0.1176470588235294	11.0	0	0.0	0.2610966057441253	0.0	0.75	0.0	0.0	0.0	0.0	0.0
1	0.5	1.0	36	0.0070422535211267	43.95	0	0.10793308148947652	0.0	0.0	0.0	0.0	0.0	0.0	0.05396654074473826	0.0
4	0.0	0.0	42	0.0	12.9	0	0.02129471890971039	0.0	0.0	0.0	0.0	0.0	0.0	0.02129471890971039	0.0
4	0.0	0.0	34	0.0	15.71	0	0.0	0.02168256721595837	0.0	0.0	0.0	0.0	0.0	0.0	0.010841283607979185
2	0.0	0.0	0	0.0	16.21	0	0.0	0.028113578858588697	0.0	1.0	0.0	0.0	0.0	0.0	0.0
5	0.0	0.0	58	0.2430939226519337	10.42	0	0.07218479307025986	0.0	0.0	0.3333333333333333	0.0	0.0	0.0	0.0	0.0
3	0.0	0.0	5	0.0	16.54	0	0.030358227079538558	0.0	0.0	0.0	0.0	0.0	0.0	0.0	0.0
1	0.0	0.0	17	0.0	14.14	0	0.08976660682226212	0.0	0.0	0.0	0.0	0.0	0.0	0.0	0.0
1	0.0	0.0	0	0.0	6.0	0	0.12406947890818858	0.0	0.0	0.0	0.0	0.0	0.0	0.0	0.0
0	0.0	0.0	20	0.2941176470588235	0.0	0	3.846153846153846	0.0	0.0	0.3333333333333333	0.0	0.0	0.0	0.0	0.0
1	0.5	1.0	43	0.0	6.86	0	0.0	0.1059322033898305	0.0	0.0	0.0	0.0	0.0	0.0	0.03531073446327684
2	0.0	0.0	63	0.0	5.21	0	0.16	0.0	0.0	0.0	0.0	0.0	0.0	0.0	0.0
2	0.0	0.0	1	0.0769230769230769	16.26	0	0.1297016861219196	0.0	0.0	0.0	0.0	0.0	0.0	0.0	0.0
1	0.0	0.0	0	0.0	16.02	0	0.007970667941973538	0.0	0.0	2.0	0.0	0.0	0.0	0.0	0.0
0	0.0	0.0	17	0.0	0.0	0	0.1347708894878706	0.0	0.0	0.0	0.0	0.0	0.0	0.0	0.0
0	0.5	0.0	14	0.0	0.0	0	0.0	0.121654501216545	0.0	0.0	0.0	0.0	0.0	0.0	0.0
1	0.0	0.0	20	0.0	9.43	0	0.27322404371584696	0.0	0.0	0.5	0.0	0.0	0.0	0.0	0.0
1	1.0	1.0	9	0.0	16.5	0	0.07535795026375283	0.0	0.0	0.5	0.0	0.0	0.0	0.0	0.0
0	0.0	0.0	27	0.0	0.0	0	0.0	0.32679738562091504	0.0	0.0	0.0	0.0	0.0	0.0	0.16339869281045752
2	0.0	0.0	32	0.0253164556962025	10.2	0	0.0	0.0782472613458529	0.0	8.5	0.0	0.0	0.0	0.0	0.0
0	0.0	0.0	10	0.0303030303030303	15.41	0	0.19607843137254904	0.0	0.0	2.0	0.0	0.0	0.0	0.0	0.0
4	0.0	0.0	21	0.0	15.51	0	0.0	0.052576235541535225	0.0	0.0	0.0	0.0	0.0	0.0	0.052576235541535225
0	0.0	0.0	21	0.0	0.0	0	0.22727272727272727	0.0	0.0	0.0	0.0	0.0	0.0	0.0	0.0
5	0.0	0.0	0	0.0	16.18	0	0.0	0.017863522686673815	0.0	0.5	0.0	0.0	0.0	0.0	0.0
1	0.0	0.0	18	0.0	11.5	0	0.1724137931034483	0.0	0.0	0.0	0.0	0.0	0.0	0.0	0.0
0	0.0	0.0	16	0.0	0.0	0	0.2617801047120419	0.0	0.0	0.0	0.0	0.0	0.0	0.0	0.0
1	0.0	0.0	0	0.0714285714285714	9.5	0	0.0	0.20576131687242796	0.0	0.0	0.0	0.0	0.0	0.0	0.0
0	0.0	1.0	16	0.0	0.0	0	0.0	0.22831050228310504	0.0	1.0	0.0	0.0	0.0	0.0	0.0
0	0.0	0.0	26	0.2765957446808511	0.0	0	0.0	0.1111111111111111	0.0	0.0	0.0	0.0	0.0	0.0	0.0
2	0.0	0.0	0	0.0	14.46	0	0.0	0.3597122302158274	0.0	0.0	0.0	0.0	0.0	0.0	0.0
0	0.0	0.0	2	0.0	16.67	0	0.02015316404675534	0.0	0.0	0.5	0.0	0.0	0.0	0.0	0.0
1	0.0	0.0	62	0.0588235294117647	10.0	0	0.7009345794392523	0.0	0.0	0.0	0.0	0.0	0.0	0.0	0.0
3	0.0	0.0	21	0.0	15.49	0	0.03853564547206166	0.0	0.0	0.0	0.0	0.0	0.0	0.0	0.0
1	0.0	0.0	0	0.0	17.11	0	0.0	0.6172839506172839	0.0	0.0	0.0	0.0	0.0	0.0	0.0
0	0.0	0.0	2	0.0106100795755968	16.26	0	0.04040730564085987	0.0	0.0	0.0	0.0	0.0	0.0	0.0	0.0
1	0.0	0.0	17	0.0	6.0	0	0.0	0.13812154696132597	0.0	0.0	0.0	0.0	0.0	0.0	0.0
0	0.0	0.0	36	0.0	0.0	0	0.0	0.1336898395721925	0.0	0.0	0.0	0.0	0.0	0.0	0.0
1	0.0	0.0	40	0.0946745562130177	14.42	0	0.08912655971479501	0.0	0.0	0.0	0.0	0.0	0.0	0.044563279857397504	0.0
2	0.0	0.0	37	0.0	12.41	0	0.04623208506703653	0.0	0.0	0.5	0.0	0.0	0.0	0.04623208506703653	0.0
1	0.0	0.0	19	0.0	14.49	0	0.08488964346349746	0.0	0.0	0.0	0.0	0.0	0.0	0.0	0.0
1	0.0	0.0	47	0.0101010101010101	14.28	0	0.013572204125950053	0.0	0.0	0.0	0.0	0.0	0.0	0.013572204125950053	0.0
1	0.0	0.0	1	0.0	17.26	0	0.0	0.8264462809917356	0.0	1.5	0.0	0.0	0.0	0.0	0.0
1	0.0	0.0	26	0.0	15.82	0	0.024324981756263683	0.0	0.0	0.5	0.0	0.0	0.0	0.0	0.0
2	0.0	0.0	33	0.0	11.24	0	0.020508613617719443	0.0	0.0	0.0	0.0	0.0	0.0	0.0	0.0
2	1.0	0.5	41	0.0592592592592592	40.31	0	0.02969121140142518	0.0	0.0	0.0	0.0	0.0	0.0	0.0	0.0
2	1.0	0.0	17	0.0	57.81	0	0.0	0.035486160397444996	0.0	0.0	0.0	0.0	0.0	0.0	0.0
1	0.0	0.0	19	0.0	10.75	0	0.12453300124533002	0.0	1.0	0.0	0.0	0.0	0.0	0.0	0.0
0	0.0	0.0	39	0.0	0.0	0	0.20703933747412007	0.0	0.0	0.0	0.0	0.0	0.0	0.0	0.0
1	0.0	0.0	29	0.0	15.62	0	0.02213368747233289	0.0	0.0	0.0	0.0	0.0	0.0	0.0	0.0
4	0.0	0.0	38	0.0	5.42	0	0.0	0.4310344827586207	0.0	0.0	0.0	0.0	0.0	0.0	0.0
2	0.0	0.0	14	0.2125984251968504	40.84	0	0.18885741265344666	0.0	0.0	1.0	0.0	0.0	0.0	0.0	0.0
2	0.0	0.0	30	0.0714285714285714	5.9	0	0.2604166666666667	0.0	0.0	0.0	0.0	0.0	0.0	0.0	0.0
5	0.0	0.0	47	0.0314960629921259	14.62	0	0.0	0.03240440699935191	0.0	0.5	0.0	0.0	0.0	0.01122586439155815	0.0
3	0.0	1.0	38	0.2764227642276423	32.96	0	0.028457598178713715	0.0	0.0	0.5	0.0	0.0	0.0	0.0	0.036845983787767135
1	0.0	0.0	0	0.0	20.27	0	0.0	0.04885197850512946	0.0	0.0	0.0	0.0	0.0	0.0	0.0
2	0.0	0.0	15	0.0	14.85	0	0.0	0.06684491978609625	0.0	0.5	0.0	0.0	0.0	0.0	0.0
3	0.0	0.0	0	0.0	16.32	0	0.0	0.03852080123266564	0.0	0.0	0.0	0.0	0.0	0.0	0.0
1	0.0	1.0	9	0.1311475409836065	31.71	0	0.04204330460374185	0.0	0.0	1.0	0.0	0.0	0.0	0.0	0.0
1	0.0	1.0	66	0.0	9.5	0	0.06053268765133172	0.0	0.0	0.0	0.0	0.0	0.0	0.0	0.0
4	0.0	0.0	38	0.2389380530973451	13.7	0	0.0	0.08928571428571429	0.0	1.0	0.0	0.0	0.0	0.0	0.17857142857142858
7	0.0	0.0	66	0.0	13.19	0	0.030693677102516883	0.0	0.0	0.0	0.0	0.0	0.0	0.0	0.0
0	0.0	0.0	18	0.0	0.0	0	0.0	0.1272264631043257	0.0	0.0	0.0	0.0	0.0	0.0	0.0
1	0.0	0.0	0	0.1377245508982036	16.59	0	0.0	0.024342745861733205	0.0	0.0	0.0	0.0	0.0	0.0	0.0
6	0.0	0.0	51	0.0287769784172661	14.83	0	0.0	0.022036139268400173	0.0	1.0	0.0	0.0	0.0	0.0	0.011018069634200087
1	0.0	0.0	16	0.0	9.5	0	0.234192037470726	0.0	0.0	0.0	0.0	0.0	0.0	0.0	0.0
3	0.0	0.0	38	0.0	14.68	0	0.025056376847907794	0.0	0.0	0.5	0.0	0.0	0.0	0.012528188423953897	0.0
6	0.0	0.0	67	0.0	13.36	0	0.0	0.019011406844106463	0.0	0.0	0.0	0.0	0.0	0.0	0.0
1	0.0	0.0	48	0.0	10.61	0	0.0	0.0532197977647685	0.0	0.5	0.0	0.0	0.0	0.0	0.0
0	1.0	0.0	47	0.0	0.0	1	0.8771929824561404	0.398936170212766	0.14285714285714285	1.0	0.13297872340425532	0.0	1.0	0.4385964912280702	0.0
4	0.0	0.0	27	0.0465116279069767	15.36	0	0.02881844380403458	0.0	0.0	0.0	0.0	0.0	0.0	0.0	0.0
1	0.0	0.0	36	0.0	13.38	0	0.0	0.04870920603994155	0.0	0.0	0.0	0.0	0.0	0.0	0.0
4	0.0	0.0	43	0.0089686098654708	14.89	0	0.025464731347084286	0.0	0.0	0.0	0.0	0.0	0.0	0.012732365673542143	0.0
1	0.0	0.0	29	0.0	6.43	0	0.390625	0.0	0.0	0.0	0.0	0.0	0.0	0.390625	0.0
1	0.0	0.0	38	0.0	13.82	0	0.047505938242280284	0.0	0.0	0.0	0.0	0.0	0.0	0.023752969121140142	0.0
1	0.0	0.0	33	0.171875	8.0	0	0.0	0.04580852038479157	0.0	0.0	0.0	0.0	0.0	0.0	0.022904260192395786
1	0.0	0.0	0	0.0	9.5	0	0.0	0.9009009009009008	0.0	0.0	0.0	0.0	0.0	0.0	0.0
1	0.0	0.0	19	0.0	9.5	0	0.16556291390728478	0.0	0.0	0.0	0.0	0.0	0.0	0.0	0.0
6	0.0	0.0	43	0.0051546391752577	15.97	0	0.0	0.05913660555884093	0.0	0.3333333333333333	0.0	0.0	0.0	0.0	0.0
0	0.0	0.0	27	0.0	26.45	0	0.0	0.13736263736263735	0.0	0.0	0.0	0.0	0.0	0.0	0.13736263736263735
5	0.0	0.0	21	0.0	15.62	0	0.0	0.03355704697986577	0.0	0.0	0.0	0.0	0.0	0.0	0.06711409395973154
0	0.0	0.0	18	0.0	0.0	1	0.0	1.1111111111111112	0.0	1.0	0.0	0.0	0.0	0.0	0.0
2	0.0	0.0	42	0.0	6.16	1	0.3280224929709466	0.7412398921832885	0.0	0.7222222222222222	0.0	0.0	0.0	0.28116213683223995	0.0
1	0.0	0.0	0	0.0	17.75	0	0.0	2.0833333333333335	0.0	1.0	0.0	0.0	0.0	0.0	0.0
2	0.0	0.0	12	0.0	12.86	0	0.2012072434607646	0.0	0.0	1.5	0.0	0.0	0.0	0.0	0.0
1	0.0	0.0	0	0.0	17.08	0	0.0	4.761904761904762	0.0	0.0	0.0	0.0	0.0	0.0	0.0
0	1.0	1.0	49	0.0175438596491228	0.0	1	0.08426966292134831	0.819672131147541	0.05714285714285714	0.6	0.05122950819672131	0.0	0.6666666666666666	0.028089887640449437	0.0
2	0.0	0.0	22	0.0	6.44	0	0.19011406844106465	0.0	0.0	0.5	0.0	0.0	0.0	0.0	0.5154639175257733
0	0.0	0.0	4	0.4969325153374233	16.84	0	0.0	0.21691973969631234	1.0	1.0	0.0	0.0	0.0	0.0	0.0
2	0.0	0.0	16	0.0	12.35	0	0.0	0.12658227848101264	0.0	0.0	0.0	0.0	0.0	0.0	0.0
1	0.0	0.0	21	0.0	11.31	0	0.10482180293501049	0.0	0.0	0.0	0.0	0.0	0.0	0.0	0.0
1	0.0	0.0	0	0.0	16.41	0	0.0	0.3246753246753247	0.0	0.0	0.0	0.0	0.0	0.0	0.0
2	0.0	0.0	0	0.0	16.61	0	0.0	0.20202020202020202	0.0	0.0	0.0	0.0	0.0	0.0	0.0
1	0.0	0.0	16	0.2330827067669172	15.04	0	0.04180602006688963	0.0	0.0	1.0	0.0	0.0	0.0	0.0	0.0
2	0.0	0.0	45	0.0	8.5	0	0.17605633802816903	0.0	0.0	3.0	0.0	0.0	0.0	0.08802816901408451	0.0
2	0.0	0.0	62	0.0	21.91	0	0.6535947712418301	0.0	0.0	0.0	0.0	0.0	0.0	0.32679738562091504	0.0
1	0.0	0.0	18	0.048780487804878	9.5	0	0.2575107296137339	0.0	0.0	0.3333333333333333	0.0	0.0	0.0	0.0	0.0
0	0.0	0.0	16	0.0	0.0	0	0.0	0.024931438544003988	0.0	0.0	0.0	0.0	0.0	0.0	0.0
3	0.0	0.0	0	0.0454545454545454	16.62	0	0.0	0.1234567901234568	0.0	0.5	0.0	0.0	0.0	0.0	0.0
5	0.0	0.0	23	0.0	16.09	0	0.01951219512195122	0.0	0.0	0.0	0.0	0.0	0.0	0.0	0.0
0	0.0	0.0	29	0.0	0.0	1	2.272727272727273	0.0	0.0	1.0	0.0	0.0	0.0	2.272727272727273	0.0
1	0.0	0.0	23	0.0	16.23	0	0.01992825827022718	0.0	0.0	0.5	0.0	0.0	0.0	0.0	0.0
0	0.0	0.0	0	0.0357142857142857	16.75	0	0.0	0.055928411633109625	0.0	2.0	0.0	0.0	0.0	0.0	0.0
3	0.0	0.0	48	0.1333333333333333	4.94	0	0.4716981132075471	0.0	0.0	0.0	0.0	0.0	0.0	0.0	0.0
5	0.0	0.0	28	0.0	15.32	0	0.014947683109118086	0.0	0.0	0.0	0.0	0.0	0.0	0.014947683109118086	0.0
2	0.0	0.0	39	0.0	14.76	0	0.02540650406504065	0.0	0.0	0.0	0.0	0.0	0.0	0.02540650406504065	0.0
1	0.0	0.0	17	0.0	14.64	0	0.0	0.06784260515603799	0.0	0.0	0.0	0.0	0.0	0.0	0.0
0	0.0	0.0	16	0.0	0.0	0	0.12531328320802004	0.0	0.0	0.0	0.0	0.0	0.0	0.0	0.0
0	1.0	0.3333333333333333	37	0.0895522388059701	0.0	1	0.0	1.4792899408284024	0.0	1.0	0.0	0.0	0.0	0.0	0.0
3	0.0	0.0	0	0.1428571428571428	16.94	0	0.0	0.8849557522123894	0.0	0.0	0.0	0.0	0.0	0.0	0.0
2	0.0	0.0	64	0.0431654676258992	10.35	0	0.024545900834560628	0.0	0.0	0.0	0.0	0.0	0.0	0.0	0.0
4	0.0	0.0	34	0.0	15.31	0	0.026673779674579887	0.0	0.0	0.0	0.0	0.0	0.0	0.013336889837289943	0.0
1	1.0	0.0	39	0.0	23.57	0	0.036670333700036674	0.0	0.0	0.0	0.0	0.0	0.0	0.018335166850018337	0.0
1	0.0	0.0	72	0.0	5.45	0	0.0	0.48309178743961356	0.0	4.0	0.0	0.0	0.0	0.0	0.0
3	0.0	0.0	29	0.2345132743362832	15.3	0	0.028050490883590466	0.0	0.0	0.0	0.0	0.0	0.0	0.0	0.0
1	0.5	0.0	16	0.0	21.5	0	0.7299270072992701	0.0	0.0	0.0	0.0	0.0	0.0	0.0	0.0
3	0.0	1.0	49	0.0	6.34	0	0.0	0.030998140111593308	0.0	0.0	0.0	0.0	0.0	0.03303600925008259	0.015499070055796654
3	0.0	0.0	37	0.0	7.42	0	0.13157894736842105	0.0	0.0	0.0	0.0	0.0	0.0	0.0	0.0
0	0.0	0.0	0	0.0521739130434782	16.95	0	0.0	0.16299918500407498	0.0	0.0	0.0	0.0	0.0	0.0	0.0
0	0.0	0.0	23	0.1702127659574468	0.0	0	0.0	0.1322751322751323	0.0	0.0	0.0	0.0	0.0	0.0	0.0
3	0.0	0.0	3	0.0	16.56	0	0.20161290322580647	0.0	0.0	1.0	0.0	0.0	0.0	0.0	0.0
0	0.0	0.0	48	0.2049180327868852	0.0	0	0.0	0.10869565217391305	0.0	0.0	0.0	0.0	0.0	0.0	0.0
1	0.0	0.0	31	0.0	5.85	0	0.20746887966804978	0.0	0.0	0.0	0.0	0.0	0.0	0.20746887966804978	0.0
0	1.0	0.0	30	0.0	0.0	0	0.0	0.03429355281207133	0.0	0.0	0.0	0.0	0.0	0.0	0.03429355281207133
2	0.0	0.0	1	0.032258064516129	9.81	0	0.0	0.04180602006688963	0.0	0.0	0.0	0.0	0.0	0.0	0.0
2	0.0	0.0	0	0.0	16.69	0	0.0	0.5	0.0	2.0	0.0	0.0	0.0	0.0	0.0
1	0.0	0.0	27	0.0	2.5	0	0.043440486533449174	0.0	0.0	0.0	0.0	0.0	0.0	0.043440486533449174	0.0
1	0.0	0.0	1	0.0465116279069767	16.68	0	0.0	0.08741258741258742	0.0	0.5	0.0	0.0	0.0	0.0	0.0
2	0.0	0.0	5	0.0526315789473684	9.91	0	0.0	0.08654262224145391	0.0	0.0	0.0	0.0	0.0	0.0	0.0
2	0.0	0.0	36	0.0	14.36	0	0.0	0.03287310979618672	0.0	0.0	0.0	0.0	0.0	0.0	0.0
2	0.0	0.0	26	0.0	15.72	0	0.0	0.031625553447185324	0.0	0.0	0.0	0.0	0.0	0.0	0.0
1	0.0	0.0	75	0.0	8.96	0	1.8867924528301885	0.0	0.0	0.0	0.0	0.0	0.0	0.4716981132075471	0.0
3	0.0	0.0	9	0.2789115646258503	16.24	0	0.041580041580041575	0.08818342151675485	0.0	0.25	0.0	0.0	0.0	0.0	0.0
0	0.0	0.0	21	0.0	0.0	0	0.21008403361344538	0.0	0.0	0.0	0.0	0.0	0.0	0.0	0.0
0	0.0	0.0	0	0.0	16.68	0	0.0	0.040096230954290296	0.0	0.0	0.0	0.0	0.0	0.0	0.0
1	0.0	0.0	0	0.08	17.19	0	0.0	0.06756756756756756	0.0	2.5	0.0	0.0	0.0	0.0	0.0
2	0.0	0.0	2	0.0	16.68	0	0.019186492709132773	0.0	0.0	0.0	0.0	0.0	0.0	0.0	0.0
3	0.0	0.0	0	0.0	16.4	0	0.0	0.06963788300835655	0.0	0.0	0.0	0.0	0.0	0.0	0.0
1	0.0	0.0	0	0.0	10.0	0	0.0	0.4716981132075471	0.0	0.5	0.0	0.0	0.0	0.0	0.0
2	0.0	0.0	2	0.0	16.59	0	1.1363636363636365	0.0	0.0	0.0	0.0	0.0	0.0	0.0	0.0
1	0.0	0.0	16	0.0625	11.35	0	0.0	0.2293577981651376	0.0	0.5	0.0	0.0	0.0	0.0	0.0
9	0.0	0.0	22	0.017391304347826	15.91	0	0.02413127413127413	0.0	0.0	0.5	0.0	0.0	0.0	0.0	0.0
0	0.0	0.0	17	0.0198019801980198	0.0	0	0.0	0.031505986137366104	0.0	0.5	0.0	0.0	0.0	0.0	0.0
2	0.0	0.0	36	0.0	14.19	0	0.0	0.11025358324145534	0.0	0.0	0.0	0.0	0.0	0.0	0.0
5	0.0	0.0	2	0.0	16.23	0	0.02767017155506364	0.0	0.0	0.5	0.0	0.0	0.0	0.0	0.0
0	0.0	0.0	15	0.0	0.0	0	0.04297378599054577	0.0	0.0	0.0	0.0	0.0	0.0	0.0	0.0
2	0.0	0.0	20	0.0	8.63	0	0.18518518518518517	0.0	0.0	0.0	0.0	0.0	0.0	0.0	0.0
1	0.0	0.0	53	0.0	11.71	0	0.0	0.015460729746444031	0.0	0.0	0.0	0.0	0.0	0.0	0.015460729746444031
1	0.0	0.0	0	0.0	16.63	0	0.0	0.17605633802816903	0.0	0.0	0.0	0.0	0.0	0.0	0.0
2	0.0	0.0	34	0.0258620689655172	15.35	0	0.0	0.02328830926874709	0.0	0.0	0.0	0.0	0.0	0.0	0.0
0	0.0	0.0	24	0.0	0.0	0	0.5154639175257733	0.0	0.0	0.0	0.0	0.0	0.0	0.5154639175257733	0.0
0	0.0	0.0	45	0.0	0.0	0	0.0	0.4672897196261682	0.0	0.0	0.0	0.0	0.0	0.0	0.0
1	0.0	0.0	3	0.1818181818181818	15.94	0	0.16286644951140067	0.0	0.0	0.0	0.0	0.0	0.0	0.0	0.0
3	0.0	0.0	17	0.0	6.63	0	0.6097560975609756	0.0	0.0	0.0	0.0	0.0	0.0	0.0	0.0
0	0.0	0.0	14	0.3125	0.0	0	0.3048780487804878	0.0	0.0	0.0	0.0	0.0	0.0	0.0	0.0
3	0.0	1.0	48	0.0	18.6	0	0.043668122270742356	0.0	0.0	0.0	0.0	0.0	0.0	0.0	0.0
0	0.5	1.0	41	0.0	10.05	1	4.970760233918129	0.0	0.0	0.6764705882352942	0.0	0.0	0.0	0.0	0.0
3	0.0	0.0	41	0.0	7.38	0	0.1400560224089636	0.0	0.0	0.0	0.0	0.0	0.0	0.0	0.0
3	0.0	0.0	31	0.0	7.09	0	0.17667844522968199	0.0	0.0	0.5	0.0	0.0	0.0	0.0	0.0
0	1.0	0.0	20	0.0	0.0	0	0.0	0.06944444444444445	0.0	0.5	0.0	0.0	0.0	0.0	0.0
0	0.0	0.0	24	0.3	0.0	1	0.0	0.5813953488372093	0.0	1.0	0.0	0.0	0.0	0.0	0.5813953488372093
1	0.0	0.0	4	0.4117647058823529	15.31	0	0.31446540880503143	0.0	0.0	0.0	0.0	0.0	0.0	0.0	0.0
3	0.0	1.0	22	0.0113207547169811	16.81	0	0.024915908807773765	0.0	0.0	0.0	0.0	0.0	0.0	0.0	0.0
5	0.0	0.0	1	0.0	16.58	0	0.019904458598726114	0.0	0.0	0.0	0.0	0.0	0.0	0.0	0.0
2	0.0	0.0	0	0.0422535211267605	18.79	0	0.07017543859649122	0.0	0.0	0.0	0.0	0.0	0.0	0.0	0.0
2	0.0	0.0	2	0.0918918918918919	16.87	0	0.0	0.047036688617121354	0.0	0.0	0.0	0.0	0.0	0.0	0.0
3	0.0	0.0	2	0.0	16.23	0	0.015096618357487924	0.0	0.0	0.0	0.0	0.0	0.0	0.0	0.0
3	0.0	0.0	23	0.0	15.89	0	0.02540650406504065	0.0	0.0	0.0	0.0	0.0	0.0	0.0	0.0
1	0.0	0.6	43	0.1546391752577319	0.49	0	0.046540490226497054	0.0	0.0	0.0	0.0	0.0	0.0	0.0	0.0
1	0.0	0.0	12	0.0	9.5	0	0.2183406113537118	0.0	0.0	2.0	0.0	0.0	0.0	0.0	0.0
0	0.0	0.0	63	0.0625	0.0	0	0.0	0.33112582781456956	0.0	0.0	0.0	0.0	0.0	0.0	0.0
0	0.0	0.0	33	0.0	0.0	0	0.0	0.08960573476702509	0.0	0.0	0.0	0.0	0.0	0.0	0.0
0	0.0	0.0	17	0.0	0.0	0	0.08051529790660225	0.0	0.0	0.0	0.0	0.0	0.0	0.0	0.0
2	0.0	0.0	0	0.3571428571428571	17.53	0	0.0	1.5151515151515151	0.0	0.0	0.0	0.0	0.0	0.0	0.0
1	0.0	0.0	29	0.0454545454545454	0.28	1	0.0	0.8184523809523809	0.0	1.0	0.0	0.0	0.0	0.0	0.0
3	0.0	0.0	0	0.3366336633663366	16.47	0	0.0	0.038910505836575876	0.0	0.0	0.0	0.0	0.0	0.0	0.0
1	0.0	0.0	0	0.1111111111111111	14.8	0	0.0	3.5087719298245617	0.0	0.0	0.0	0.0	0.0	0.0	0.0
1	0.0	0.0	15	0.0	9.5	0	0.4166666666666667	0.0	0.0	0.0	0.0	0.0	0.0	0.0	0.0
1	0.0	0.0	31	0.0	15.32	0	0.0	0.07170172084130018	0.0	0.0	0.0	0.0	0.0	0.0	0.0
0	0.0	0.0	9	0.0	10.83	0	0.0	0.12376237623762376	0.0	2.0	0.0	0.0	0.0	0.0	0.0
1	0.0	0.0	44	0.0	9.5	0	0.10893246187363835	0.0	0.0	0.0	0.0	0.0	0.0	0.0	0.0
1	0.0	0.0	0	0.2195121951219512	22.16	0	0.0	0.11668611435239207	0.0	0.5	0.0	0.0	0.0	0.0	0.0
11	0.0	0.0	2	0.0069930069930069	16.27	0	0.0	0.01644736842105263	0.0	0.0	0.0	0.0	0.0	0.0	0.0
0	0.0	0.0	10	0.0454545454545454	28.2	1	0.0	1.7094017094017095	0.0	1.75	0.0	0.0	0.0	0.0	0.0
1	0.0	0.0	18	0.0	7.07	0	0.09157509157509157	0.0	0.0	0.0	0.0	0.0	0.0	0.0	0.0
5	0.0	0.0	0	0.0	16.05	0	0.0	0.039393342525113256	0.0	0.0	0.0	0.0	0.0	0.0	0.0
3	0.0	0.0	0	0.0	16.14	0	0.055803571428571425	0.0	0.0	0.0	0.0	0.0	0.0	0.0	0.0
3	0.0	0.0	1	0.0148148148148148	16.46	0	0.041254125412541254	0.0	0.0	0.0	0.0	0.0	0.0	0.0	0.0
1	0.0	0.0	19	0.0	10.61	0	0.1718213058419244	0.0	0.0	0.0	0.0	0.0	0.0	0.0	0.0
0	0.0	0.0	18	0.0833333333333333	0.0	0	0.0	0.2066115702479339	0.0	0.0	0.0	0.0	0.0	0.0	0.0
2	0.0	0.0	30	0.28125	9.99	0	0.0	0.15151515151515152	0.0	1.0	0.0	0.0	0.0	0.0	0.0
1	0.0	1.0	60	0.0	0.97	1	1.385135135135135	0.12391573729863692	0.0	0.4489795918367347	0.0	0.0	0.0	0.03378378378378378	0.1084262701363073
1	0.0	0.0	17	0.0	18.0	0	0.0	0.16556291390728478	0.0	0.0	0.0	0.0	0.0	0.0	0.0
1	0.0	0.0	0	0.0	17.13	0	0.0	0.23584905660377356	0.0	0.0	0.0	0.0	0.0	0.0	0.0
2	0.0	0.0	60	0.0	5.28	0	0.0	0.09074410163339383	0.0	0.0	0.0	0.0	0.0	0.0	0.0
0	0.0	0.0	20	0.0	0.0	0	0.0	0.15723270440251572	0.0	0.0	0.0	0.0	0.0	0.0	0.15723270440251572
4	0.0	0.0	49	0.0	12.72	0	0.0	0.04008016032064128	0.0	0.5	0.0	0.0	0.0	0.0	0.0
2	0.5	1.0	39	0.0	10.21	0	0.0	0.2331002331002331	0.0	0.0	0.0	0.0	0.0	0.0	0.0
4	0.0	0.0	45	0.0	15.09	0	0.012106537530266345	0.01893222264293828	0.0	0.0	0.0	0.0	0.0	0.02421307506053269	0.01893222264293828
0	0.0	0.0	31	0.0	0.0	0	0.0	1.1111111111111112	0.0	0.0	0.0	0.0	0.0	0.0	0.5555555555555556
4	0.0	0.0	2	0.0512820512820512	17.1	0	0.0	0.5012531328320802	0.0	0.08333333333333333	0.0	0.0	0.0	0.0	0.0
2	0.0	0.0	43	0.0	15.08	0	0.024545900834560628	0.0	0.0	0.0	0.0	0.0	0.0	0.012272950417280314	0.0
0	0.0	0.0	31	0.0	0.0	1	0.10476689366160294	0.7838745800671892	0.0	0.625	0.0	0.0	0.0	0.05238344683080147	0.0
1	0.0	0.0	30	0.0	14.12	0	0.06090133982947624	0.0	0.0	0.0	0.0	0.0	0.0	0.06090133982947624	0.0
1	0.0	0.0	35	0.0	16.19	0	0.0	0.011917530687641521	0.0	0.0	0.0	0.0	0.0	0.0	0.0
1	0.0	0.0	16	0.0	8.0	0	0.0	0.03913894324853229	0.0	0.0	0.0	0.0	0.0	0.0	0.0
1	0.0	0.0	32	0.0	9.8	0	0.0	2.941176470588235	0.0	0.3333333333333333	0.0	0.0	0.0	0.0	0.49019607843137253
1	0.0	0.0	20	0.0	16.02	0	0.0	0.022727272727272728	0.0	1.0	0.0	0.0	0.0	0.0	0.022727272727272728
1	0.0	0.0	0	0.0	17.21	0	0.0	0.4608294930875576	0.0	0.25	0.0	0.0	0.0	0.0	0.0
2	0.0	0.0	0	0.0	16.99	0	0.0	0.08361204013377926	0.0	0.5	0.0	0.0	0.0	0.0	0.0
3	0.0	0.0	54	0.0	15.3	0	0.008468834688346884	0.0	0.0	0.0	0.0	0.0	0.0	0.0	0.0
1	0.0	0.0	32	0.0704225352112676	14.67	0	0.019912385503783353	0.0	0.0	2.0	0.0	0.0	0.0	0.0	0.0
1	0.3333333333333333	1.0	21	0.0	5.66	0	0.0	0.03178639542275906	0.0	0.0	0.0	0.0	0.0	0.0	0.0
2	0.0	0.0	1	0.1461187214611872	16.14	0	0.15625	0.0	0.0	1.0	0.0	0.0	0.0	0.0	0.0
4	0.0	0.0	23	0.0	15.85	0	0.025342118601115054	0.0	0.0	0.0	0.0	0.0	0.0	0.03801317790167258	0.0
1	0.0	0.0	32	0.0	6.27	0	2.1739130434782608	0.0	0.0	0.0	0.0	0.0	0.0	0.0	0.0
4	0.0	0.0	15	0.1186440677966101	13.17	0	0.04488330341113106	0.0	0.0	0.0	0.0	0.0	0.0	0.0	0.0
0	0.0	0.0	16	0.0	0.0	0	0.07704160246533127	0.0	0.0	0.0	0.0	0.0	0.0	0.0	0.0
3	0.0	0.0	39	0.0	15.17	0	0.0	0.018663680477790223	0.0	0.0	0.0	0.0	0.0	0.01207437816952427	0.0
8	0.0	0.0	48	0.0	14.96	0	0.024313153415998053	0.0	0.0	0.0	0.0	0.0	0.0	0.0	0.020088388911209322
2	0.0	0.0	38	0.0	5.56	0	0.19455252918287938	0.0	0.0	0.5	0.0	0.0	0.0	0.0	0.0
2	0.0	0.0	33	0.0	15.29	0	0.02836074872376631	0.0	0.0	0.0	0.0	0.0	0.0	0.0	0.0
3	0.0	0.0	0	0.0769230769230769	18.51	0	0.0	0.13774104683195593	0.0	2.0	0.0	0.0	0.0	0.0	0.0
3	0.0	0.0	21	0.0909090909090909	16.36	0	0.0	0.01410039481105471	0.0	0.0	0.0	0.0	0.0	0.0	0.0
2	0.0	0.0	16	0.046875	15.58	0	0.0	0.05875440658049354	0.0	0.0	0.0	0.0	0.0	0.0	0.0
2	0.0	0.0	41	0.0	5.92	0	0.27322404371584696	0.0	0.0	0.0	0.0	0.0	0.0	0.0	0.0
1	0.0	0.0	49	0.0	9.4	0	3.4482758620689657	0.0	0.0	0.125	0.0	0.0	0.0	0.0	0.0
0	0.0	0.0	28	0.0	7.0	0	0.0	0.4347826086956522	0.0	1.0	0.0	0.0	0.0	0.0	0.2173913043478261
3	0.0	0.0	0	0.0	30.37	0	0.0	0.018754688672168042	0.0	0.0	0.0	0.0	0.0	0.0	0.0
1	0.0	0.0	1	0.0	18.12	0	0.0	0.10683760683760685	0.0	6.5	0.0	0.0	0.0	0.0	0.0
4	0.0	0.0	49	0.0	15.45	0	0.0	0.037383177570093455	0.0	0.0	0.0	0.0	0.0	0.0	0.018691588785046728
1	1.0	0.5	73	0.1111111111111111	24.66	1	0.5338078291814946	0.0	0.0	1.0	0.0	0.0	0.0	0.0	0.30959752321981426
0	0.0	1.0	29	0.0	0.0	0	0.22026431718061673	0.0	0.0	0.0	0.0	0.0	0.0	0.22026431718061673	0.0
2	0.0	0.0	42	0.0	8.76	0	0.0	0.04868549172346641	0.0	0.0	0.0	0.0	0.0	0.09242144177449169	0.024342745861733205
2	0.0	0.0	25	0.0	6.05	0	0.3460207612456747	0.0	0.0	0.0	0.0	0.0	0.0	0.0	0.0
0	0.0	0.0	16	0.0	0.0	0	0.0	0.1362397820163488	0.0	0.0	0.0	0.0	0.0	0.0	0.0
2	0.0	0.0	29	0.0	15.23	0	0.0	0.035385704175513094	0.0	0.5	0.0	0.0	0.0	0.0	0.017692852087756547
0	0.0	0.0	0	0.0967741935483871	16.81	0	0.0	0.12562814070351758	0.0	0.0	0.0	0.0	0.0	0.0	0.0
3	0.0	0.0	31	0.0357142857142857	12.87	0	0.09285051067780874	0.0	0.0	0.0	0.0	0.0	0.0	0.0	0.0
5	0.0	0.0	49	0.0	7.05	0	0.0	0.07818608287724786	0.0	0.5	0.0	0.0	0.0	0.0	0.0
1	0.0	0.0	47	0.1391752577319587	14.41	0	0.0	0.012790995139421845	0.0	1.0	0.0	0.0	0.0	0.0	0.012790995139421845
2	0.0	0.0	37	0.0873015873015873	12.57	0	0.055248618784530384	0.0	0.0	0.5	0.0	0.0	0.0	0.0	0.0
5	0.0	0.0	22	0.1567567567567567	15.75	0	0.05574136008918617	0.0	0.0	0.0	0.0	0.0	0.0	0.0	0.0
4	0.0	0.0	37	0.0	15.27	0	0.0	0.01790830945558739	0.0	0.0	0.0	0.0	0.0	0.011488970588235293	0.008954154727793696
1	0.0	0.0	20	0.0	10.5	0	0.1510574018126888	0.0	0.0	0.0	0.0	0.0	0.0	0.0	0.0
9	0.0	0.0	24	0.0	16.12	0	0.0	0.048285852245292124	0.0	0.25	0.0	0.0	0.0	0.02193944712593243	0.0
1	0.0	0.0	9	0.0	8.08	0	0.4	0.0	0.0	1.0	0.0	0.0	0.0	0.0	0.0
2	0.0	0.0	0	0.0	16.29	0	0.017966223499820338	0.0	0.0	0.0	0.0	0.0	0.0	0.0	0.0
3	0.0	0.0	18	0.0	16.08	0	0.024679170779861793	0.0	0.0	1.0	0.0	0.0	0.0	0.0	0.0
3	0.0	0.0	3	0.0576923076923076	17.0	0	0.0	0.70999453850355	0.0	0.9615384615384616	0.0	0.0	0.0	0.0	0.0
1	0.0	0.0	30	0.0	14.0	0	0.13774104683195593	0.0	0.0	0.0	0.0	0.0	0.0	0.0	0.0
5	0.0	0.0	30	0.0	11.6	0	0.07092198581560284	0.0	0.0	0.5	0.0	0.0	0.0	0.0	0.0
4	0.0	0.0	0	0.0	16.25	0	0.0	0.10224948875255624	0.0	0.0	0.0	0.0	0.0	0.0	0.0
2	0.0	0.0	54	0.0	15.49	0	0.019234468166955183	0.0	0.0	0.0	0.0	0.0	0.0	0.0	0.0
1	0.0	0.0	0	0.0	16.97	0	0.0	0.35211267605633806	0.0	0.5	0.0	0.0	0.0	0.0	0.0
1	0.0	0.0	0	0.1785714285714285	10.0	0	0.0	0.16474464579901152	0.0	0.5	0.0	0.0	0.0	0.0	0.0
1	0.0	0.0	36	0.0	15.22	0	0.023952095808383235	0.02828054298642534	0.0	0.0	0.0	0.0	0.0	0.0	0.01414027149321267
0	0.0	0.0	31	0.0	15.7	0	0.0	0.028473804100227793	0.0	0.0	0.0	0.0	0.0	0.0	0.0
0	0.0	0.0	25	0.0140845070422535	0.0	0	0.0	0.045413260672116255	0.0	0.0	0.0	0.0	0.0	0.0	0.0
1	0.0	0.0	4	0.0	15.92	0	0.0	0.5555555555555556	0.0	0.0	0.0	0.0	0.0	0.0	0.0
2	1.0	1.0	40	0.0	71.6	0	0.04256224728665673	0.0	0.0	0.0	0.0	0.0	0.0	0.021281123643328365	0.0
1	0.0	0.0	0	0.0	16.21	0	0.0	0.09057971014492755	0.0	0.0	0.0	0.0	0.0	0.0	0.0
9	0.0	0.0	48	0.0	14.19	0	0.025163563160543533	0.0	0.0	0.0	0.0	0.0	0.0	0.0	0.0
2	0.0	0.0	2	0.0	16.16	0	0.014212620807276862	0.0	0.0	0.0	0.0	0.0	0.0	0.0	0.0
4	1.0	1.0	35	0.0163934426229508	23.56	0	0.0	0.05175983436853002	0.0	0.0	0.0	0.0	0.0	0.0	0.05175983436853002
1	0.0	0.0	15	0.0202020202020202	15.66	0	0.0	0.06277463904582549	0.0	0.0	0.0	0.0	0.0	0.0	0.0
1	0.0	0.0	23	0.1475409836065573	28.64	1	1.337448559670782	0.0	0.0	0.7692307692307693	0.0	0.0	0.0	0.0	0.0
4	0.0	0.0	25	0.0	15.68	0	0.0	0.018539117538005193	0.0	1.0	0.0	0.0	0.0	0.0	0.018539117538005193
2	0.0	0.0	2	0.0	16.67	0	0.0	0.11990407673860912	0.0	0.0	0.0	0.0	0.0	0.0	0.0
3	1.0	1.0	21	0.3517587939698492	13.36	0	0.03897116134060795	0.0	1.0	0.5	0.0	0.0	0.0	0.0	0.0
1	0.0	0.0	75	0.0	4.93	0	0.8620689655172414	0.0	0.0	1.0	0.0	0.0	0.0	0.0	0.0
1	0.0	0.0	0	0.0	9.5	0	0.0	0.5181347150259068	0.0	0.25	0.0	0.0	0.0	0.0	0.0
0	0.0	0.0	19	0.0	0.0	0	0.0	5.0	0.0	0.0	0.0	0.0	0.0	0.0	5.0
1	0.0	0.0	31	0.0	0.59	1	0.3345724907063197	0.7625826131164208	0.0	0.6666666666666666	0.0	0.0	0.0	0.29739776951672864	0.0
3	0.0	0.0	0	0.0555555555555555	16.25	0	0.0	0.030525030525030528	0.0	0.0	0.0	0.0	0.0	0.0	0.0
2	0.0	0.0	30	0.0	15.65	0	0.02304147465437788	0.0	0.0	0.0	0.0	0.0	0.0	0.02304147465437788	0.0
0	0.0	0.0	32	0.0	0.0	0	0.31446540880503143	0.0	0.0	0.0	0.0	0.0	0.0	0.31446540880503143	0.0
6	0.0	0.0	5	0.0	16.11	0	0.017803097739006585	0.0	0.0	0.0	0.0	0.0	0.0	0.0	0.0
1	0.0	0.0	42	0.0512820512820512	14.35	0	0.0594000594000594	0.0	0.0	0.5	0.0	0.0	0.0	0.0	0.01693766937669377
1	0.2	0.5	44	0.0	35.28	1	0.23663038334122102	1.103202846975089	0.024390243902439025	0.5609756097560976	0.03558718861209964	0.0	0.0	0.18930430667297682	0.0
2	0.0	0.0	66	0.0	11.76	0	0.019327406262079627	0.0	0.0	0.0	0.0	0.0	0.0	0.0	0.0
1	0.0	0.0	20	0.0	9.31	0	0.7425742574257426	0.0	0.0	0.16666666666666666	0.0	0.0	0.0	0.0	0.0
3	0.0	0.0	7	0.0	16.53	0	0.02459419576979833	0.0	0.0	0.5	0.0	0.0	0.0	0.0	0.0
3	0.0	0.0	37	0.0	13.68	0	0.0	0.04805382027871216	0.0	0.5	0.0	0.0	0.0	0.0	0.02402691013935608
4	0.0	0.0	47	0.0	6.75	0	0.0	0.1579778830963665	0.0	0.5	0.0	0.0	0.0	0.0	0.0
1	0.0	0.0	0	0.2	16.65	0	0.0	0.5747126436781609	0.0	0.0	0.0	0.0	0.0	0.0	0.0
0	0.0	0.0	25	0.1081081081081081	14.07	0	0.0791765637371338	0.0	0.0	1.0	0.0	0.0	0.0	0.0	0.0
1	0.0	0.0	48	0.0181818181818181	10.74	0	0.0	0.06426735218508997	0.0	0.0	0.0	0.0	0.0	0.0	0.032133676092544985
1	0.0	0.0	0	0.0	15.55	0	0.0	3.3333333333333335	0.0	0.0	0.0	0.0	0.0	0.0	0.0
0	0.0	0.0	15	0.1081081081081081	44.66	0	0.04208754208754208	0.0	0.0	0.0	0.0	0.0	0.0	0.0	0.0
0	0.0	0.0	17	0.0	0.0	0	0.1404494382022472	0.0	0.0	0.0	0.0	0.0	0.0	0.0	0.0
3	0.0	0.0	33	0.0186915887850467	15.11	0	0.035373187124159884	0.0	0.0	0.0	0.0	0.0	0.0	0.0	0.0
0	0.0	0.0	11	0.0	13.22	0	0.0	0.4366812227074236	0.0	1.5	0.0	0.0	0.0	0.0	0.0
2	0.0	0.0	23	0.0	5.96	0	0.5154639175257733	0.0	0.0	0.0	0.0	0.0	0.0	0.0	0.0
2	0.0	0.0	35	0.4709677419354838	14.08	0	0.0	0.3225806451612903	0.0	0.0	0.0	0.0	0.0	0.0	0.0
1	0.0	0.0	46	0.0	5.72	0	0.0	0.19083969465648853	0.0	0.0	0.0	0.0	0.0	0.0	0.19083969465648853
1	0.0	0.0	45	0.1833333333333333	26.08	0	0.0379794910748196	0.0	0.0	0.0	0.0	0.0	0.0	0.0	0.0
1	0.0	0.0	0	0.1428571428571428	17.8	0	0.0	0.3205128205128205	0.0	2.0	0.0	0.0	0.0	0.0	0.0
3	0.0	0.0	0	0.0	16.92	0	0.0	0.2808988764044944	0.0	0.0	0.0	0.0	0.0	0.0	0.0
1	0.0	0.0	28	0.0	10.5	0	0.2862595419847328	0.0	0.0	0.0	0.0	0.0	0.0	0.0	0.0
1	0.0	0.0	17	0.0	9.5	0	0.1557632398753894	0.0	0.0	0.0	0.0	0.0	0.0	0.0	0.0
4	0.0	0.0	25	0.0	16.22	0	0.0	0.01571338780641106	0.0	0.0	0.0	0.0	0.0	0.0	0.0
2	0.0	1.0	27	0.0	11.73	0	0.0	0.035075412136092596	0.0	0.0	0.0	0.0	0.0	0.0	0.035075412136092596
9	0.0	0.0	35	0.0	15.22	0	0.0	0.029205607476635514	0.0	0.0	0.0	0.0	0.0	0.012444001991040319	0.0
2	0.0	0.0	30	0.0	13.73	0	0.04342162396873643	0.0	0.0	0.0	0.0	0.0	0.0	0.021710811984368215	0.0
1	0.0	0.0	0	0.0	9.5	0	0.0	0.4098360655737705	0.0	1.0	0.0	0.0	0.0	0.0	0.0
1	0.0	0.0	45	0.0	6.18	0	0.13550135501355015	0.0	0.0	0.0	0.0	0.0	0.0	0.13550135501355015	0.0
2	0.0	0.0	14	0.0	15.53	0	0.05167958656330749	0.0	0.0	0.0	0.0	0.0	0.0	0.0	0.0
6	0.0	0.0	24	0.0	13.56	0	0.0576036866359447	0.0	0.0	0.0	0.0	0.0	0.0	0.0	0.04508566275924256
6	0.0	0.0	3	0.0	16.84	0	0.0	0.2824858757062147	0.0	0.5	0.0	0.0	0.0	0.0	0.0
2	0.0	0.0	16	0.0	14.36	0	0.0	0.07716049382716049	0.0	0.0	0.0	0.0	0.0	0.0	0.0
0	1.0	0.0	25	0.0	0.0	1	0.7419620774938169	0.27422303473491777	0.0	0.75	0.0	0.0	0.0	0.3297609233305853	0.0
3	0.0	0.5	0	0.0	23.82	0	0.04975124378109452	0.0	0.0	0.0	0.0	0.0	0.0	0.0	0.0
3	0.0	0.0	1	0.0	17.99	0	0.4098360655737705	0.0	0.0	2.0	0.0	0.0	0.0	0.0	0.0
1	0.0	0.0	27	0.0	15.08	0	0.0	0.04734848484848485	0.0	0.0	0.0	0.0	0.0	0.0	0.04734848484848485
5	0.0	0.0	50	0.0067340067340067	15.14	0	0.026730820636193534	0.0	0.0	0.0	0.0	0.0	0.0	0.0	0.0
5	0.0	0.0	40	0.0295566502463054	15.2	0	0.0	0.025380710659898477	0.0	0.0	0.0	0.0	0.0	0.0	0.012690355329949238
0	0.0	0.0	9	0.1481481481481481	0.0	0	0.0	0.0929368029739777	0.0	1.0	0.0	0.0	0.0	0.0	0.0
1	0.0	1.0	32	0.0	12.96	1	0.023798191337458353	0.5976095617529881	0.0	1.2105263157894737	0.0	0.0	0.0	0.023798191337458353	0.0
0	0.0	0.0	18	0.0	0.0	0	0.0	0.3472222222222222	0.0	0.0	0.0	0.0	0.0	0.0	0.0
0	0.0	0.0	0	0.0196078431372549	16.57	0	0.0	0.03741114852225963	0.0	0.0	0.0	0.0	0.0	0.0	0.0
8	0.0	0.0	42	0.0	15.22	0	0.024067388688327317	0.0	0.0	1.0	0.0	0.0	0.0	0.0	0.0
0	0.0	0.0	19	0.0555555555555555	0.0	0	0.33783783783783783	0.0	0.0	0.5	0.0	0.0	0.0	0.0	0.0
2	0.0	0.0	18	0.0	6.56	0	0.29411764705882354	0.0	0.0	0.5	0.0	0.0	0.0	0.0	0.0
2	0.0	0.0	52	0.0	8.1	0	0.0	0.08635578583765112	0.0	0.0	0.0	0.0	0.0	0.0	0.0
0	0.0	0.0	50	0.0	0.0	1	14.705882352941176	0.0	0.0	0.2	0.0	0.0	0.0	8.823529411764705	0.0
1	1.0	0.0	25	0.0	16.5	0	0.0	0.1607717041800643	0.0	0.0	0.0	0.0	0.0	0.0	0.0
0	0.0	0.0	21	0.0	0.0	0	0.7518796992481203	0.0	0.0	0.0	0.0	0.0	0.0	0.0	0.0
3	0.0	0.0	47	0.032258064516129	8.02	0	0.09328358208955223	0.0	0.0	0.0	0.0	0.0	0.0	0.0	0.0
2	0.0	0.0	45	0.0	15.49	0	0.0	0.017882689556509297	0.0	0.0	0.0	0.0	0.0	0.0	0.017882689556509297
0	0.0	0.0	29	0.0	0.0	0	0.0	0.24752475247524752	0.0	0.0	0.0	0.0	0.0	0.0	0.24752475247524752
2	0.0	0.0	20	0.0714285714285714	9.8	0	0.076103500761035	0.0	0.0	1.0	0.0	0.0	0.0	0.0	0.0
0	0.0	0.0	0	0.0	16.85	0	0.0	0.24570024570024568	0.0	0.0	0.0	0.0	0.0	0.0	0.0
0	0.0	0.0	49	0.3359375	11.18	0	0.052410901467505246	0.0	0.0	1.5	0.0	0.0	0.0	0.0	0.0
2	0.0	0.0	17	0.0	16.26	0	0.0	0.02467308166790032	0.0	0.0	0.0	0.0	0.0	0.0	0.0
3	1.0	1.0	1	0.0	21.02	0	0.0	0.04028197381671702	0.0	0.25	0.0	0.0	0.0	0.0	0.0
1	0.0	0.0	37	0.0	9.5	0	0.2717391304347826	0.0	0.0	1.0	0.0	0.0	0.0	0.0	0.0
1	0.0	0.0	36	0.0	4.9	1	0.0	1.1111111111111112	0.0	1.0	0.0	0.0	0.0	0.0	0.0
1	0.0	0.0	27	0.2631578947368421	10.0	0	0.14705882352941177	0.0	0.0	0.0	0.0	0.0	0.0	0.0	0.0
0	0.0	0.0	18	0.0	0.0	0	0.1582278481012658	0.0	0.0	0.0	0.0	0.0	0.0	0.0	0.0
3	0.0	0.0	50	0.0	13.8	0	0.028481913984619765	0.0	0.0	0.0	0.0	0.0	0.0	0.028481913984619765	0.0
0	0.0	1.0	46	0.0	0.0	1	2.127659574468085	0.5434782608695652	0.16666666666666666	0.6666666666666666	0.0	0.5319148936170213	0.0	0.0	0.0
3	0.0	0.0	0	0.0	16.29	0	0.0	0.021791239921551537	0.0	0.0	0.0	0.0	0.0	0.0	0.0
0	0.0	0.0	48	0.0	0.0	0	0.11947431302270013	0.0	0.0	0.0	0.0	0.0	0.0	0.0	0.0
1	0.0	0.0	0	0.0	17.26	0	0.0	0.06123698714023271	0.0	0.0	0.0	0.0	0.0	0.0	0.0
1	0.0	0.0	33	0.0	15.69	0	0.0	0.03707823507601039	0.0	0.0	0.0	0.0	0.0	0.0	0.018539117538005193
1	0.0	0.0	0	0.0	11.0	0	0.0	1.3513513513513513	0.0	0.0	0.0	0.0	0.0	0.0	0.0
11	0.0	0.0	29	0.0192307692307692	14.14	0	0.0	0.1806140878988561	0.0	0.3333333333333333	0.0	0.0	0.0	0.0	0.0
0	0.0	0.0	0	0.0	16.33	0	0.0	0.011291779584462511	0.0	1.0	0.0	0.0	0.0	0.0	0.0
0	0.0	0.0	41	0.0	10.03	0	0.1111111111111111	0.0	0.0	0.0	0.0	0.0	0.0	0.05555555555555555	0.0
1	0.0	0.0	0	0.0	10.5	0	0.0	0.14705882352941177	0.0	1.0	0.0	0.0	0.0	0.0	0.0
1	0.0	0.0	47	0.0	13.51	0	0.03457814661134163	0.0	0.0	0.0	0.0	0.0	0.0	0.0	0.016181229773462785
1	0.0	0.0	21	0.031413612565445004	16.01	0	0.0	0.013068478829064298	0.0	0.0	0.0	0.0	0.0	0.0	0.013068478829064298
1	0.0	0.0	38	0.0	15.66	0	0.01838235294117647	0.0	0.0	0.0	0.0	0.0	0.0	0.009191176470588236	0.0
2	0.0	0.0	17	0.0	7.59	0	0.0	0.2958579881656805	0.0	0.0	0.0	0.0	0.0	0.0	0.2958579881656805
3	0.0	0.0	18	0.0	8.99	0	0.0	0.2222222222222222	0.0	0.0	0.0	0.0	0.0	0.0	0.0
1	0.0	0.0	0	0.0	16.48	0	0.0	0.10030090270812436	0.0	0.0	0.0	0.0	0.0	0.0	0.0
1	0.0	0.0	33	0.0	5.57	0	0.7692307692307692	0.0	0.0	0.0	0.0	0.0	0.0	0.0	0.0
1	0.0	0.0	32	0.0	1.0	0	0.06313131313131314	0.0	0.0	0.0	0.0	0.0	0.0	0.03156565656565657	0.0
5	0.0	0.0	49	0.0	15.28	0	0.0	0.016691704223001168	0.0	0.0	0.0	0.0	0.0	0.0	0.0
1	0.0	0.0	36	0.0	20.5	0	0.14245014245014245	0.0	0.0	0.0	0.0	0.0	0.0	0.0	0.0
1	0.0	0.0	58	0.0	5.1	0	1.0101010101010102	0.0	0.0	0.25	0.0	0.0	0.0	0.0	0.0
1	0.0	0.0	0	0.0985915492957746	16.95	0	0.0	0.039323633503735744	0.0	5.0	0.0	0.0	0.0	0.0	0.0
2	0.0	0.0	0	0.0	17.11	0	0.0	0.3541076487252125	0.0	0.1	0.0	0.0	0.0	0.0	0.0
0	0.0	0.0	16	0.0	6.81	0	0.32679738562091504	0.0	0.0	0.0	0.0	0.0	0.0	0.0	0.0
0	1.0	0.0	8	0.0	0.0	1	0.0	6.25	0.2	0.4	1.25	0.0	1.0	0.0	0.0
3	0.0	1.0	47	0.0	37.19	0	0.0	0.09447331128956069	0.0	0.0	0.0	0.0	0.0	0.0	0.0
4	0.0	0.0	46	0.0	6.73	0	0.0945179584120983	0.0	0.0	0.0	0.0	0.0	0.0	0.0	0.0
1	0.0	1.0	28	0.0	10.5	0	0.0859106529209622	0.0	0.0	0.0	0.0	0.0	0.0	0.0	0.0
6	0.0	0.0	15	0.0211640211640211	16.23	0	0.05458515283842795	0.0	0.0	0.5	0.0	0.0	0.0	0.0	0.0
0	0.0	0.0	21	0.0	13.34	0	0.0	0.10245901639344263	0.0	0.0	0.0	0.0	0.0	0.0	0.0
1	0.0	0.0	32	0.0	11.45	0	0.0	0.13020833333333334	0.0	0.0	0.0	0.0	0.0	0.0	0.06510416666666667
1	1.0	1.0	34	0.0	10.0	0	0.06493506493506493	0.0	0.0	0.0	0.0	0.0	0.0	0.0	0.0
0	0.0	0.0	15	0.0	0.0	0	0.0	0.4098360655737705	0.0	0.0	0.0	0.0	0.0	0.0	0.0
2	0.0	0.0	0	0.0	16.26	0	0.0	0.022675736961451247	0.0	0.0	0.0	0.0	0.0	0.0	0.0
1	0.0	0.0	11	0.3333333333333333	16.27	0	0.0632111251580278	0.0	0.0	2.0	0.0	0.0	0.0	0.0	0.0
1	0.0	0.0	19	0.0	15.49	0	0.03474635163307853	0.0	0.0	0.0	0.0	0.0	0.0	0.0	0.0
0	0.0	0.0	0	0.0	16.56	0	0.0	0.02568053415511043	0.0	0.0	0.0	0.0	0.0	0.0	0.0
0	0.0	0.0	0	0.0	16.78	0	0.033738191632928474	0.0	0.0	0.0	0.0	0.0	0.0	0.0	0.0
0	1.0	0.0	22	0.0	0.0	0	0.027144408251900107	0.0	0.0	0.0	0.0	0.0	0.0	0.027144408251900107	0.0
2	0.0	0.0	7	0.0	8.52	0	0.0	1.3157894736842106	0.0	0.5	0.0	0.0	0.0	0.0	0.0
1	0.0	0.0	0	0.0	17.26	0	0.0	1.4705882352941175	0.0	0.0	0.0	0.0	0.0	0.0	0.0
3	0.0	0.5	37	0.0	19.28	0	0.16447368421052633	0.0	0.0	0.0	0.0	0.0	0.0	0.0	0.0
7	0.0	0.0	67	0.0070422535211267	14.73	0	0.0	0.01771793054571226	0.0	0.0	0.0	0.0	0.0	0.0	0.0
0	0.0	0.0	19	0.0	0.0	0	0.0	0.09746588693957116	0.0	0.0	0.0	0.0	0.0	0.0	0.09746588693957116
1	0.0	0.0	62	0.0	9.5	0	0.10787486515641856	0.0	0.0	0.0	0.0	0.0	0.0	0.0	0.0
4	1.0	0.0	21	0.13875598086124402	11.47	0	0.04329004329004329	0.0	0.0	0.0	0.0	0.0	0.0	0.0	0.0
1	0.0	0.0	26	0.0	15.89	0	0.019334880123743233	0.0	0.0	0.0	0.0	0.0	0.0	0.0	0.0
1	0.0	0.0	0	0.0	9.5	0	0.0	0.9433962264150942	0.0	0.0	0.0	0.0	0.0	0.0	0.0
3	0.0	1.0	38	0.0	11.53	0	0.09881422924901187	0.0	0.0	0.0	0.0	0.0	0.0	0.0	0.0
1	0.0	0.0	38	0.1400778210116731	32.78	0	0.0	0.018597731076808628	0.0	0.0	0.0	0.0	0.0	0.0	0.0
0	1.0	0.0	15	0.0512820512820512	0.0	0	0.07012622720897616	0.0	0.0	0.0	0.0	0.0	0.0	0.0	0.0
0	0.0	0.0	22	0.0	0.0	0	50.0	0.0	0.0	0.5	0.0	0.0	0.0	25.0	0.0
2	0.0	0.0	0	0.0	16.59	0	0.0	0.03825554705432287	0.0	0.0	0.0	0.0	0.0	0.0	0.0
3	0.0	0.0	60	0.0	14.19	0	0.19968051118210864	0.0	0.0	0.0	0.0	0.0	0.0	0.0	0.0
1	0.0	0.0	50	0.0	10.5	0	0.19379844961240308	0.0	0.0	0.0	0.0	0.0	0.0	0.0	0.0
5	0.0	0.0	0	0.0	27.21	0	0.0	0.06433626420759167	0.0	0.16666666666666666	0.0	0.0	0.0	0.0	0.0
2	0.0	0.0	17	0.11875	15.56	0	0.020790020790020788	0.0	0.0	1.0	0.0	0.0	0.0	0.020790020790020788	0.0
0	0.0	0.0	28	0.1666666666666666	0.0	0	0.3246753246753247	0.0	0.0	0.0	0.0	0.0	0.0	0.3246753246753247	0.0
4	0.0	0.0	1	0.0	23.06	0	0.0	0.058445353594389245	0.0	0.0	0.0	0.0	0.0	0.0	0.0
3	0.0	0.0	18	0.0833333333333333	15.64	0	0.030988534242330334	0.0	0.0	0.0	0.0	0.0	0.0	0.0	0.0
0	0.0	0.0	19	0.0	0.0	0	0.0	0.09099181073703366	0.0	0.5	0.0	0.0	0.0	0.0	0.09099181073703366
0	0.0	0.0	37	0.0	0.0	0	0.07204610951008646	0.0	0.0	0.0	0.0	0.0	0.0	0.0	0.0
3	0.0	0.0	2	0.0	16.61	0	0.0	0.028977108084613158	0.0	0.0	0.0	0.0	0.0	0.0	0.0
2	0.0	0.0	3	0.0	15.38	0	0.6289308176100629	0.0	0.0	0.0	0.0	0.0	0.0	0.0	0.0
3	0.0	0.0	1	0.0	16.31	0	0.030788177339901482	0.0	0.0	0.0	0.0	0.0	0.0	0.0	0.0
0	1.0	1.0	45	0.0	15.86	1	0.3815175922000848	0.10387811634349031	0.0	0.6666666666666666	0.0	0.0	0.0	0.0	0.01731301939058172
1	0.0	0.0	36	0.0	15.46	0	0.0	0.05356186395286555	0.0	0.0	0.0	0.0	0.0	0.0	0.026780931976432776
1	0.0	0.0	18	0.0	14.64	0	0.0	0.027563395810363836	0.0	0.0	0.0	0.0	0.0	0.0	0.027563395810363836
1	0.0	0.0	18	0.0	9.5	0	0.22727272727272727	0.0	0.0	0.0	0.0	0.0	0.0	0.0	0.0
6	0.0	0.0	75	0.0416666666666666	12.11	0	0.024777006937561942	0.0	0.0	0.0	0.0	0.0	0.0	0.0	0.0
0	0.0	0.0	21	0.0	0.0	0	0.0	0.17921146953405018	0.0	0.0	0.0	0.0	0.0	0.0	0.0
0	0.0	0.0	43	0.2	0.0	0	0.2958579881656805	0.0	0.0	0.0	0.0	0.0	0.0	0.14792899408284024	0.0
1	0.0	0.0	17	0.0235294117647058	16.17	0	0.0	0.06204756980351603	0.0	0.0	0.0	0.0	0.0	0.0	0.0
0	0.0	0.0	45	0.0	0.0	0	0.0	0.018733608092918696	0.0	0.0	0.0	0.0	0.0	0.0	0.018733608092918696
6	0.0	0.0	38	0.0	5.19	0	0.2840909090909091	0.0	0.0	0.0	0.0	0.0	0.0	0.0	0.0
0	0.0	0.0	11	0.1	0.0	1	0.0	0.3184713375796178	0.0	1.0	0.0	0.0	0.0	0.0	0.0
2	0.0	0.0	41	0.0	11.05	0	0.0	0.05184033177812338	0.0	0.0	0.0	0.0	0.0	0.0	0.0
1	0.0	0.0	21	0.0	16.0	0	0.014682131845543973	0.0	0.0	0.5	0.0	0.0	0.0	0.0	0.0
1	0.0	0.0	30	0.0	10.5	0	0.2617801047120419	0.0	0.0	0.0	0.0	0.0	0.0	0.13089005235602094	0.0
9	0.0	0.0	0	0.0	16.77	0	0.0	0.04248990864669641	0.0	0.0	0.0	0.0	0.0	0.0	0.0
0	0.0	1.0	37	0.0	0.0	0	0.0	0.08045052292839903	0.0	0.0	0.0	0.0	0.0	0.0	0.0
4	0.0	0.0	49	0.1983471074380165	11.48	0	0.03469812630117974	0.0	0.0	0.0	0.0	0.0	0.0	0.03469812630117974	0.0
1	0.0	0.0	1	0.0	11.0	0	0.0	0.11337868480725623	0.0	1.0	0.0	0.0	0.0	0.0	0.0
2	0.0	0.0	0	0.032258064516129	16.53	0	0.0	0.04161464835622139	0.0	1.0	0.0	0.0	0.0	0.0	0.0
1	0.0	0.0	18	0.0	15.61	0	0.06373486297004462	0.0	0.0	0.0	0.0	0.0	0.0	0.0	0.0
1	0.0	0.0	23	0.0	15.7	0	0.0	0.05393743257820928	0.0	0.0	0.0	0.0	0.0	0.0	0.0
6	0.0	0.0	36	0.0	15.37	0	0.024189646831156264	0.0	0.0	0.5	0.0	0.0	0.0	0.024189646831156264	0.0
3	0.0	0.0	37	0.0	14.65	0	0.043687199650502405	0.0	0.0	0.5	0.0	0.0	0.0	0.0	0.0
2	0.0	0.0	8	0.0	9.5	0	0.04576659038901602	0.0	0.0	1.0	0.0	0.0	0.0	0.0	0.0
1	0.0	0.0	31	0.0	9.5	0	0.5988023952095809	0.0	0.0	0.0	0.0	0.0	0.0	0.0	0.0
1	0.0	0.0	36	0.0	12.69	0	0.0	0.02153316106804479	0.0	1.0	0.0	0.0	0.0	0.059880239520958084	0.0
0	0.0	1.0	35	0.0952380952380952	0.0	0	0.20746887966804978	0.0	0.0	0.0	0.0	0.0	0.0	0.20746887966804978	0.0
2	0.0	0.0	26	0.0	6.67	0	0.19193857965451055	0.0	0.0	0.0	0.0	0.0	0.0	0.0	0.0
1	0.0	0.0	0	0.4	17.77	0	0.0	1.8518518518518516	0.0	0.5	0.0	0.0	0.0	0.0	0.0
0	1.0	1.0	37	0.0	0.0	1	4.054054054054054	0.09416195856873824	0.0	0.5714285714285714	0.0	0.0	0.0	0.0	0.0
1	0.0	0.0	18	0.0	8.96	0	0.33670033670033667	0.0	0.0	0.0	0.0	0.0	0.0	0.0	0.0
1	0.0	0.0	0	0.2	11.5	0	0.0	0.6622516556291391	0.0	1.0	0.0	0.0	0.0	0.0	0.0
0	0.0	0.0	2	0.0	16.66	0	0.0	0.04244482173174873	0.0	0.0	0.0	0.0	0.0	0.0	0.0
1	0.0	0.0	32	0.0	5.69	0	0.24752475247524752	0.0	0.0	0.0	0.0	0.0	0.0	0.0	0.0
2	0.0	0.0	27	0.0	8.92	0	0.0	0.1400560224089636	0.0	0.0	0.0	0.0	0.0	0.0	0.0
5	0.0	0.0	37	0.0	14.99	0	0.04397537379067722	0.0	0.0	0.0	0.0	0.0	0.0	0.0	0.010199918400652794
1	0.0	0.0	15	0.2242424242424242	15.5	0	0.0	0.03387533875338754	0.0	0.0	0.0	0.0	0.0	0.0	0.0
3	0.0	0.0	0	0.0	16.23	0	0.01694915254237288	0.0	0.0	0.0	0.0	0.0	0.0	0.0	0.0
2	0.0	0.0	2	0.0	10.66	0	0.0	0.18050541516245489	0.0	0.0	0.0	0.0	0.0	0.0	0.0
1	0.0	0.0	20	0.0	10.0	0	0.28901734104046245	0.0	0.0	0.0	0.0	0.0	0.0	0.0	0.0
4	0.0	0.0	7	0.0103092783505154	16.1	0	0.07204610951008646	0.0	0.0	0.5	0.0	0.0	0.0	0.0	0.0
6	0.0	0.0	4	0.0	16.67	0	0.0	0.03184713375796178	0.0	0.0	0.0	0.0	0.0	0.0	0.0
1	0.0	0.5	43	0.0	0.47	1	1.10062893081761	0.0	0.0	0.35714285714285715	0.0	0.0	0.0	0.0	0.040032025620496396
2	0.0	0.0	0	0.0181818181818181	18.17	0	0.0	0.06613756613756615	0.0	8.0	0.0	0.0	0.0	0.0	0.0
2	0.0	0.0	0	0.12	16.16	0	0.0	0.08488964346349746	0.0	0.0	0.0	0.0	0.0	0.0	0.0
4	0.0	0.0	46	0.0	13.83	0	0.04830917874396135	0.0	0.0	0.0	0.0	0.0	0.0	0.0	0.0
1	0.0	0.0	28	0.0833333333333333	10.0	0	0.3236245954692557	0.0	0.0	0.0	0.0	0.0	0.0	0.0	0.0
2	0.0	0.0	1	0.0	16.36	0	0.0	0.27624309392265195	0.0	0.0	0.0	0.0	0.0	0.0	0.0
0	0.0	0.0	59	0.0	0.0	0	0.14245014245014245	0.0	0.0	0.0	0.0	0.0	0.0	0.0	0.0
1	0.0	0.0	54	0.0	5.36	0	0.23696682464454977	0.0	0.0	0.0	0.0	0.0	0.0	0.0	0.0
2	0.0	0.0	0	0.0	16.75	0	0.0	0.20746887966804978	0.0	0.0	0.0	0.0	0.0	0.0	0.0
1	0.0	0.0	39	0.0	15.62	0	0.017593244194229415	0.0	0.0	0.5	0.0	0.0	0.0	0.008796622097114707	0.0
1	0.0	0.0	40	0.0	9.38	0	0.07451564828614009	0.0	0.0	0.0	0.0	0.0	0.0	0.0	0.04012841091492777
0	1.0	0.0	37	0.0	0.0	0	0.0	0.21321961620469082	0.0	0.0	0.0	0.0	0.0	0.0	0.0
2	0.0	0.0	0	0.1428571428571428	16.91	0	0.0	0.05122950819672131	0.0	0.0	0.0	0.0	0.0	0.0	0.0
0	0.0	0.0	2	0.0	16.33	0	0.0	0.02495632642874969	0.0	0.0	0.0	0.0	0.0	0.0	0.0
4	0.0	0.0	40	0.0	13.47	0	0.0	0.0564652738565782	0.0	0.0	0.0	0.0	0.0	0.0	0.0
4	0.0	0.0	0	0.0	16.21	0	0.0	0.0335795836131632	0.0	0.0	0.0	0.0	0.0	0.0	0.0
5	0.0	0.0	27	0.0	15.89	0	0.022099447513812154	0.0	0.0	0.0	0.0	0.0	0.0	0.0	0.0
3	0.0	0.0	73	0.0080321285140562	12.57	0	0.025342118601115054	0.0	0.0	1.5	0.0	0.0	0.0	0.012671059300557527	0.0
0	0.0	0.0	15	0.0	0.0	0	0.0	0.0	0.0	0.0	0.0	0.0	0.0	0.0	0.0
0	0.0	0.0	27	0.0344827586206896	7.28	1	0.5730659025787965	0.3787878787878788	0.0	0.5454545454545454	0.0	0.0	0.0	0.07163323782234957	0.0
1	0.0	0.0	33	0.0284360189573459	15.14	0	0.013491635186184564	0.0	0.0	0.0	0.0	0.0	0.0	0.0	0.0
0	0.0	0.0	43	0.0	0.0	0	0.0	0.07418397626112759	0.0	0.5	0.0	0.0	0.0	0.0	0.0
3	0.0	0.0	4	0.0483870967741935	16.44	0	0.06027727546714889	0.0	0.0	0.0	0.0	0.0	0.0	0.0	0.0
1	0.0	0.0	0	0.0	16.6	0	0.0	0.26595744680851063	0.0	0.0	0.0	0.0	0.0	0.0	0.0
2	0.0	0.0	18	0.0	16.57	0	0.0	0.012813941568426447	0.0	0.0	0.0	0.0	0.0	0.0	0.0
3	0.0	0.0	36	0.0	15.39	0	0.024142926122646062	0.0	0.0	0.0	0.0	0.0	0.0	0.0	0.0
1	0.0	0.0	17	0.0	15.35	0	0.05353319057815846	0.0	0.0	0.0	0.0	0.0	0.0	0.0	0.0
0	0.0	0.0	9	0.0	10.31	0	0.0	0.819672131147541	0.0	1.0	0.0	0.0	0.0	0.0	0.0
11	0.0	1.0	9	0.0575916230366492	40.79	0	0.0	0.12077294685990339	0.0	0.6	0.0	0.0	0.0	0.0	0.0
1	0.0	0.0	0	0.0	17.53	0	0.0	0.24630541871921185	0.0	1.0	0.0	0.0	0.0	0.0	0.0
3	0.0	0.0	55	0.0	13.01	0	0.031220730565095223	0.0	0.0	0.5	0.0	0.0	0.0	0.0	0.0
0	1.0	0.0	31	0.0	0.0	0	0.028985507246376812	0.0	0.0	0.0	0.0	0.0	0.0	0.0	0.0
0	0.0	0.0	15	0.9101123595505618	0.0	0	10.0	0.0	0.0	0.0	0.0	0.0	0.0	0.0	0.0
2	0.0	0.0	17	0.0	15.13	0	0.0	0.044802867383512544	0.0	0.0	0.0	0.0	0.0	0.0	0.0
2	0.0	0.0	23	0.2011834319526627	14.97	0	0.03636363636363636	0.0	0.0	1.0	0.0	0.0	0.0	0.0	0.0
0	0.0	0.0	17	0.0	0.0	0	0.06684491978609625	0.0	0.0	0.0	0.0	0.0	0.0	0.0	0.0
0	0.0	0.0	18	0.0	0.0	0	0.0	0.03324468085106383	0.0	0.0	0.0	0.0	0.0	0.0	0.03324468085106383
1	0.3333333333333333	0.0	22	0.0	19.05	0	0.0	0.2830188679245283	0.0	0.0	0.0	0.0	0.0	0.0	0.0
3	0.0	0.0	39	0.0	15.82	0	0.0	0.07415647015202077	0.0	0.125	0.0	0.0	0.0	0.0	0.009269558769002597
3	0.0	0.0	1	0.0924092409240924	16.53	0	0.0	0.019912385503783353	0.0	1.0	0.0	0.0	0.0	0.0	0.0
2	0.0	0.0	18	0.0	5.75	0	0.3105590062111801	0.0	0.0	0.0	0.0	0.0	0.0	0.0	0.0
2	0.0	0.0	34	0.0	14.96	0	0.04681647940074907	0.0	0.0	0.0	0.0	0.0	0.0	0.023408239700374533	0.0
5	0.0	0.0	1	0.0	16.28	0	0.030138637733574444	0.0	0.0	1.0	0.0	0.0	0.0	0.0	0.0
0	0.0	0.0	0	0.0	17.25	0	0.0	0.06954102920723226	0.0	2.0	0.0	0.0	0.0	0.0	0.0
1	0.0	0.0	0	0.0	9.5	0	0.0	0.18484288354898337	0.0	0.5	0.0	0.0	0.0	0.0	0.0
1	0.0	0.0	41	0.0	6.0	0	0.0	0.05977286312014345	0.0	0.0	0.0	0.0	0.0	0.021958717610891524	0.029886431560071727
1	0.0	0.0	0	0.0	17.39	0	0.0	0.4504504504504504	0.0	0.0	0.0	0.0	0.0	0.0	0.0
2	0.0	0.0	23	0.0	15.31	0	0.03949447077409163	0.0	0.0	0.0	0.0	0.0	0.0	0.0	0.0
1	0.0	0.0	0	0.0	17.5	0	0.06993006993006992	0.0	0.0	0.0	0.0	0.0	0.0	0.0	0.0
0	0.0	0.0	30	0.0952380952380952	0.0	0	0.1321003963011889	0.0	0.0	0.0	0.0	0.0	0.0	0.0	0.0
3	0.0	0.0	33	0.0659340659340659	15.35	0	0.0	0.050454086781029264	0.0	0.5	0.0	0.0	0.0	0.0	0.0
1	0.0	0.0	32	0.1020408163265306	8.5	0	0.0	0.059737156511350066	0.0	0.5	0.0	0.0	0.0	0.0	0.059737156511350066
5	0.0	0.0	46	0.0046728971962616	14.77	0	0.0	0.02390628735357399	0.0	0.0	0.0	0.0	0.0	0.0	0.02390628735357399
1	1.0	0.0	0	0.0	21.68	0	0.0	0.05015045135406218	0.0	0.5	0.0	0.0	0.0	0.0	0.0
1	0.0	0.0	14	0.0	15.71	0	0.035945363048166784	0.0	0.0	0.0	0.0	0.0	0.0	0.0	0.0
1	0.0	0.0	0	0.0	10.5	0	0.0	0.0	0.0	0.0	0.0	0.0	0.0	0.0	0.0
2	0.0	0.0	18	0.0	16.23	0	0.026191723415400735	0.0	0.0	0.0	0.0	0.0	0.0	0.0	0.0
2	0.0	0.0	39	0.0	15.06	0	0.027956388034665918	0.0	0.0	0.0	0.0	0.0	0.0	0.013978194017332959	0.0
3	0.0	0.0	10	0.2189349112426035	16.71	0	0.0	0.04987531172069825	0.0	1.0	0.0	0.0	0.0	0.0	0.0
1	0.0	0.0	0	0.0	9.5	0	0.0	0.5649717514124294	0.0	0.0	0.0	0.0	0.0	0.0	0.0
2	0.0	0.0	1	0.0	24.78	0	0.0	0.1718213058419244	0.0	0.0	0.0	0.0	0.0	0.0	0.0
0	0.0	0.0	4	0.0250783699059561	16.19	0	0.022123893805309734	0.0	0.0	0.0	0.0	0.0	0.0	0.0	0.0
1	0.0	0.0	18	0.0	8.96	0	2.6315789473684212	0.0	0.0	0.0	0.0	0.0	0.0	0.0	0.0
1	0.0	0.0	40	0.0	14.71	0	0.0	0.027056277056277056	0.0	0.0	0.0	0.0	0.0	0.0	0.027056277056277056
5	0.0	0.0	2	0.0	17.03	0	0.0	0.12562814070351758	0.0	1.0	0.0	0.0	0.0	0.0	0.0
5	0.0	0.0	23	0.0	11.43	0	0.0	0.12048192771084336	0.0	0.0	0.0	0.0	0.0	0.0	0.0
3	0.0	0.0	19	0.0	16.25	0	0.024015369836695485	0.0	0.0	0.0	0.0	0.0	0.0	0.0	0.0
5	0.5	1.0	1	0.064	13.11	0	0.0	0.6464124111182934	0.0	0.0	0.0	0.0	0.0	0.0	0.0
2	0.0	0.0	58	0.0	7.85	0	0.1160092807424594	0.0	0.0	0.0	0.0	0.0	0.0	0.0	0.0
2	1.0	0.25	37	0.0	9.3	0	0.045228403437358664	0.0	0.0	0.0	0.0	0.0	0.0	0.0	0.01548467017652524
4	0.0	0.0	43	0.0571428571428571	13.21	0	0.04110152075626799	0.0	0.0	0.0	0.0	0.0	0.0	0.020550760378133994	0.0
7	0.0	0.0	16	0.2769953051643192	16.81	0	0.0	0.04870920603994155	0.0	7.0	0.0	0.0	0.0	0.0	0.0
3	0.0	0.0	22	0.0	19.95	0	0.2178649237472767	0.0	0.0	1.0	0.0	0.0	0.0	0.2178649237472767	0.0
7	0.0	0.0	41	0.0	15.42	0	0.01873711823121604	0.0	0.0	0.0	0.0	0.0	0.0	0.0	0.015384615384615385
0	0.0	0.0	44	0.0	15.72	0	0.0	0.02249212775528565	0.0	0.0	0.0	0.0	0.0	0.0	0.011246063877642825
3	0.0	0.0	21	0.0140845070422535	15.06	0	0.0	0.03475842891901286	0.0	0.0	0.0	0.0	0.0	0.0	0.0
3	0.0	0.0	37	0.0263157894736842	14.41	0	0.10638297872340426	0.0	0.0	0.0	0.0	0.0	0.0	0.0	0.0
1	0.0	0.0	1	0.2369942196531791	16.3	0	0.1958863858961802	0.0	0.0	0.25	0.0	0.0	0.0	0.0	0.0
2	0.0	0.0	45	0.0	13.22	0	0.017692852087756547	0.0	0.0	1.0	0.0	0.0	0.0	0.0	0.020475020475020474
0	0.0	0.0	15	0.1062271062271062	16.71	0	0.0	0.02144082332761578	0.0	3.5	0.0	0.0	0.0	0.0	0.02144082332761578
3	0.0	0.0	29	0.0	14.19	0	0.05417118093174431	0.0	0.0	0.5	0.0	0.0	0.0	0.0	0.0
3	0.0	0.0	50	0.0256410256410256	15.28	0	0.00874278720055954	0.0	0.0	0.0	0.0	0.0	0.0	0.00874278720055954	0.0
4	0.0	0.0	1	0.0476190476190476	16.79	0	0.0	0.06729475100942127	0.0	1.0	0.0	0.0	0.0	0.0	0.0
1	0.0	0.0	0	0.0	17.3	0	0.0	0.9009009009009008	0.0	0.25	0.0	0.0	0.0	0.0	0.0
2	0.0	0.0	14	0.1052631578947368	15.46	0	0.02826455624646693	0.0	0.0	0.0	0.0	0.0	0.0	0.0	0.0
2	0.0	0.0	33	0.0529801324503311	14.59	0	0.08347245409015025	0.0	0.0	0.0	0.0	0.0	0.0	0.041736227045075125	0.0
1	0.0	1.0	37	0.0	9.0	0	0.04725897920604915	0.0	0.0	0.0	0.0	0.0	0.0	0.023629489603024575	0.0
3	0.0	0.0	31	0.0	15.36	0	0.02755580049600441	0.0	0.0	0.0	0.0	0.0	0.0	0.0	0.014947683109118086
0	0.0	1.0	44	0.0	0.0	1	5.932203389830509	0.0	0.0	0.5714285714285714	0.0	0.0	0.0	0.0	0.0
3	0.0	0.0	74	0.0	7.78	0	0.06493506493506493	0.0	0.0	0.0	0.0	0.0	0.0	0.032467532467532464	0.0
2	0.0	0.0	28	0.0	15.3	0	0.0	0.032829940906106365	0.0	0.0	0.0	0.0	0.0	0.03227888960619755	0.0
1	0.0	0.0	20	0.0	15.89	0	0.0	0.01840264998159735	0.0	0.0	0.0	0.0	0.0	0.0	0.0
7	0.0	0.0	2	0.0091743119266055	16.28	0	0.02720348204570185	0.0	0.0	0.5	0.0	0.0	0.0	0.0	0.0
2	0.0	0.0	37	0.0	12.02	0	0.0	0.4291845493562232	0.0	0.5	0.0	0.0	0.0	0.0	0.0
1	0.0	0.0	47	0.0	14.82	0	0.019956096587507483	0.0	0.0	0.0	0.0	0.0	0.0	0.0	0.0
1	0.0	0.0	23	0.0185185185185185	14.49	0	0.04681647940074907	0.0	0.0	0.0	0.0	0.0	0.0	0.0	0.0
1	0.0	0.0	0	0.0	17.19	0	0.0	0.33783783783783783	0.0	0.0	0.0	0.0	0.0	0.0	0.0
1	0.0	0.0	0	0.0	16.92	0	0.0	0.3811944091486658	0.0	0.0	0.0	0.0	0.0	0.0	0.0
2	0.0	0.0	1	0.0	17.08	0	0.0	0.08802816901408451	0.0	0.0	0.0	0.0	0.0	0.0	0.0
9	0.0	0.0	39	0.0778688524590164	15.75	0	0.3374578177727784	0.0	1.0	0.6666666666666666	0.0	0.0	0.0	0.0	0.007722007722007722
3	0.0	0.0	0	0.0119047619047619	16.42	0	0.033156498673740056	0.0	0.0	0.5	0.0	0.0	0.0	0.0	0.0
0	0.0	0.5	46	0.0	0.0	1	16.666666666666668	0.0	0.0	0.875	0.0	0.0	0.0	8.333333333333334	0.0
3	0.0	0.0	40	0.0	6.69	0	0.14970059880239522	0.0	0.0	0.0	0.0	0.0	0.0	0.0	0.0
0	0.0	0.0	1	0.3068181818181818	13.0	0	0.08896797153024912	0.0	0.0	1.0	0.0	0.0	0.0	0.0	0.0
3	0.0	0.0	0	0.0	16.44	0	0.0	0.27027027027027023	0.0	0.25	0.0	0.0	0.0	0.0	0.0
0	0.0	0.0	17	0.0	0.0	0	0.35335689045936397	0.0	0.0	0.0	0.0	0.0	0.0	0.0	0.0
4	0.0	0.0	1	0.0095238095238095	32.55	0	0.039032006245121	0.0	0.0	0.0	0.0	0.0	0.0	0.0	0.0
2	0.0	0.0	10	0.0612244897959183	35.01	0	0.06687472135532768	0.0	0.0	1.0	0.0	0.0	0.0	0.0	0.0
0	0.0	0.0	40	0.0857142857142857	0.0	1	0.7205764611689351	0.09208103130755065	0.0	0.75	0.0	0.0	0.0	0.0	0.09208103130755065
0	1.0	0.0	38	0.0	0.0	0	0.0	0.08	0.0	0.0	0.0	0.0	0.0	0.0	0.08
0	0.0	0.0	22	0.0	0.0	0	0.09259259259259259	0.0	0.0	0.0	0.0	0.0	0.0	0.0	0.0
1	0.0	0.0	18	0.0	8.01	0	0.06406149903907751	0.0	0.0	0.5	0.0	0.0	0.0	0.0	0.0
3	0.0	0.0	19	0.0	13.97	0	0.0744047619047619	0.0	0.0	0.0	0.0	0.0	0.0	0.0	0.0
1	0.0	0.0	42	0.0680851063829787	13.48	0	0.04599816007359706	0.0	0.0	0.0	0.0	0.0	0.0	0.0	0.0
0	0.0	0.0	21	0.0	0.0	0	0.1510574018126888	0.0	0.0	0.0	0.0	0.0	0.0	0.1510574018126888	0.0
2	0.0	0.0	36	0.0	10.79	0	0.05399568034557235	0.0	0.0	0.0	0.0	0.0	0.0	0.0	0.049309664694280074
1	0.0	1.0	44	0.21739130434782603	0.8	0	0.04591368227731864	0.0	0.0	0.0	0.0	0.0	0.0	0.0	0.0
1	0.0	0.0	66	0.0454545454545454	9.5	0	0.17793594306049823	0.0	0.0	0.0	0.0	0.0	0.0	0.0	0.0
1	0.0	0.0	28	0.0	8.96	0	0.4484304932735426	0.0	0.0	0.0	0.0	0.0	0.0	0.0	0.0
0	0.0	0.0	15	0.0	0.0	0	0.0	1.5625	0.0	0.0	0.0	0.0	0.0	0.0	0.0
5	0.0	0.0	48	0.0	29.21	0	0.03614022406938923	0.0	0.0	0.0	0.0	0.0	0.0	0.018070112034694615	0.0
2	0.0	0.0	3	0.0	16.89	0	0.049407114624505935	0.0	0.0	0.0	0.0	0.0	0.0	0.0	0.0
1	0.0	0.0	0	0.0	16.39	0	0.024485798237022526	0.0	0.0	0.0	0.0	0.0	0.0	0.0	0.0
1	0.0	0.0	0	0.0	17.57	0	0.0	1.5625	0.0	0.0	0.0	0.0	0.0	0.0	0.0
4	0.0	0.0	42	0.0	12.83	0	0.0	0.04205214465937763	0.0	0.0	0.0	0.0	0.0	0.0	0.08410428931875526
1	0.0	0.0	34	0.0	4.9	0	1.282051282051282	0.0	0.0	0.5	0.0	0.0	0.0	0.0	0.0
2	0.0	0.0	6	0.197324414715719	17.15	0	0.0	0.06472491909385114	0.0	2.0	0.0	0.0	0.0	0.0	0.0
3	0.0	0.0	36	0.0	13.38	0	0.0	0.08244023083264633	0.0	0.0	0.0	0.0	0.0	0.0	0.0
1	0.0	0.0	2	0.1694915254237288	17.04	0	0.0	0.08090614886731393	0.0	1.0	0.0	0.0	0.0	0.0	0.0
0	0.0	0.0	15	0.0	0.0	0	0.14204545454545456	0.0	0.0	0.0	0.0	0.0	0.0	0.0	0.0
1	0.0	0.0	64	0.0	9.41	0	0.05537098560354375	0.0	0.0	0.5	0.0	0.0	0.0	0.0	0.0
1	0.0	0.0	0	0.0	10.5	0	0.0	0.4807692307692307	0.0	0.0	0.0	0.0	0.0	0.0	0.0
2	0.0	0.0	16	0.0	15.78	0	0.09157509157509157	0.0	0.0	0.0	0.0	0.0	0.0	0.0	0.0
1	0.0	0.0	15	0.0	11.42	0	0.19762845849802374	0.0	0.0	0.0	0.0	0.0	0.0	0.0	0.0
5	0.0	0.0	26	0.0	15.39	0	0.030581039755351678	0.0	0.0	0.0	0.0	0.0	0.0	0.0	0.0
2	1.0	1.0	41	0.0739130434782608	26.38	0	0.01754078231889142	0.0	0.0	0.0	0.0	0.0	0.0	0.01754078231889142	0.0
2	0.0	0.0	0	0.0	16.7	0	0.0	0.10593220338983052	0.0	0.5	0.0	0.0	0.0	0.0	0.0
2	0.0	0.0	0	0.0	16.74	0	0.015092061575611227	0.0	0.0	1.0	0.0	0.0	0.0	0.0	0.0
2	0.0	0.0	31	0.0	13.06	0	0.13917884481558804	0.0	0.0	0.0	0.0	0.0	0.0	0.0	0.0
1	0.5	0.5	29	0.04	9.5	0	0.2577319587628866	0.0	0.0	0.25	0.0	0.0	0.0	0.0	0.0
1	0.0	0.0	1	0.0069204152249134	16.27	0	0.019000570017100513	0.0	0.0	0.5	0.0	0.0	0.0	0.0	0.0
1	0.0	0.0	48	0.0	10.0	0	0.13440860215053763	0.0	0.0	0.5	0.0	0.0	0.0	0.0	0.0
2	0.0	0.0	40	0.1216730038022813	15.53	0	0.007860399308284862	0.0	0.0	2.0	0.0	0.0	0.0	0.0	0.01815541031227306
0	0.0	0.0	20	0.1379310344827586	15.72	0	0.032435939020434644	0.0	0.0	0.0	0.0	0.0	0.0	0.032435939020434644	0.0
1	0.0	0.0	28	0.1666666666666666	8.31	0	0.4854368932038835	0.0	0.0	0.0	0.0	0.0	0.0	0.0	0.0
3	0.0	0.0	4	0.0	16.42	0	0.09124087591240876	0.0	0.0	0.0	0.0	0.0	0.0	0.0	0.0
5	0.0	0.0	29	0.0	14.7	0	0.041580041580041575	0.0	0.0	0.5	0.0	0.0	0.0	0.0	0.0
1	0.0	1.0	43	0.0	0.42	1	1.066447908121411	0.0	0.0	1.1538461538461537	0.0	0.0	0.0	0.0	0.11813349084465447
0	0.0	0.0	20	0.0	0.0	0	0.7246376811594204	0.0	0.0	0.0	0.0	0.0	0.0	0.7246376811594204	0.0
2	0.0	1.0	0	0.0666666666666666	19.01	0	0.0	0.4166666666666667	0.0	0.0	0.0	0.0	0.0	0.0	0.0
1	0.0	0.0	1	0.3076923076923077	10.0	0	0.5617977528089888	0.0	0.0	0.0	0.0	0.0	0.0	0.0	0.0
1	0.0	0.0	18	0.0	16.16	0	0.0	0.044365572315882874	0.0	0.0	0.0	0.0	0.0	0.0	0.022182786157941437
1	0.0	0.0	0	0.0	16.43	0	0.12376237623762376	0.0	0.0	0.5	0.0	0.0	0.0	0.0	0.0
3	0.0	0.0	27	0.0188679245283018	21.28	0	0.1564945226917058	0.0	0.0	0.0	0.0	0.0	0.0	0.0	0.0
5	0.0	0.0	18	0.0	14.31	0	0.04533091568449683	0.0	0.0	1.0	0.0	0.0	0.0	0.0	0.0
3	0.0	0.0	21	0.0	15.08	0	0.0	0.043440486533449174	0.0	0.0	0.0	0.0	0.0	0.0	0.0
3	0.0	0.0	25	0.0	6.72	0	0.4132231404958678	0.0	0.0	0.0	0.0	0.0	0.0	0.2066115702479339	0.0
1	0.0	0.0	1	0.3529411764705882	18.0	0	0.5405405405405405	0.0	0.0	0.0	0.0	0.0	0.0	0.0	0.0
2	0.0	0.0	1	0.1153846153846153	17.91	0	0.09302325581395349	0.0	0.0	10.5	0.0	0.0	0.0	0.0	0.0
2	1.0	1.0	19	0.0	3.93	0	0.055912776069331836	0.0	0.0	0.0	0.0	0.0	0.0	0.0	0.0
5	0.0	0.0	18	0.2	16.09	0	0.0	0.011373976342129208	0.0	0.0	0.0	0.0	0.0	0.0	0.0
2	0.0	0.0	5	0.0	16.0	0	0.24390243902439027	0.0	0.0	0.5	0.0	0.0	0.0	0.0	0.0
1	0.0	0.0	0	0.0	10.0	0	0.0	1.0204081632653061	0.0	0.0	0.0	0.0	0.0	0.0	0.0
7	0.0	0.0	2	0.0	16.3	0	0.0	0.020755500207555	0.0	0.0	0.0	0.0	0.0	0.0	0.0
1	0.0	0.0	0	0.0	9.5	0	0.0	0.07178750897343862	0.0	0.0	0.0	0.0	0.0	0.0	0.0
4	0.0	0.0	1	0.0	16.48	0	0.04778972520908004	0.0	0.0	0.25	0.0	0.0	0.0	0.0	0.0
1	0.0	0.0	0	0.0	15.0	0	0.0	0.10593220338983052	0.0	0.0	0.0	0.0	0.0	0.0	0.0
0	1.0	0.0	18	0.0	0.0	0	0.0	0.0259000259000259	0.0	0.5	0.0	0.0	0.0	0.0	0.0259000259000259
2	0.0	0.0	28	0.0	5.8	0	0.0	0.36496350364963503	0.0	0.0	0.0	0.0	0.0	0.0	0.36496350364963503
1	0.0	0.0	33	0.0828729281767955	15.1	0	0.0	0.02835270768358378	0.0	0.5	0.0	0.0	0.0	0.0	0.0
1	0.0	0.0	0	0.0	13.14	0	0.0	1.0869565217391304	0.0	1.0	0.0	0.0	0.0	0.0	0.0
1	0.0	0.0	2	0.28	17.5	0	0.06345177664974619	0.0	1.0	1.0	0.0	0.0	0.0	0.0	0.0
0	0.0	0.0	16	0.0344827586206896	0.0	0	0.0	0.10101010101010101	0.0	0.0	0.0	0.0	0.0	0.0	0.0
1	0.0	1.0	45	0.0092165898617511	28.84	0	0.03616636528028933	0.0	0.0	0.0	0.0	0.0	0.0	0.0	0.0
0	0.0	0.0	36	0.0	16.05	0	0.013489815189531905	0.0	0.0	0.0	0.0	0.0	0.0	0.020234722784297856	0.0
5	0.0	0.0	19	0.0	7.58	0	0.10438413361169102	0.0	0.0	0.0	0.0	0.0	0.0	0.0	0.0
2	0.0	0.0	15	0.0	7.54	0	0.27932960893854747	0.0	0.0	0.0	0.0	0.0	0.0	0.0	0.0
6	0.0	0.0	33	0.0	15.7	0	0.020370747606437156	0.0	0.0	0.0	0.0	0.0	0.0	0.0	0.015197568389057751
2	0.0	0.0	0	0.0	16.6	0	0.0	0.02449779519843214	0.0	0.0	0.0	0.0	0.0	0.0	0.0
3	1.0	0.0	45	0.0	13.56	0	0.0	0.04656577415599534	0.0	0.0	0.0	0.0	0.0	0.0	0.011641443538998835
2	0.0	0.0	2	0.0	16.37	0	0.0	0.027693159789531987	0.0	0.0	0.0	0.0	0.0	0.0	0.0
1	0.0	0.0	37	0.0	0.36	1	0.0	1.8092105263157894	0.09090909090909091	0.6363636363636364	0.0	0.0	0.0	0.0	0.0
1	0.0	0.0	0	0.1363636363636363	16.64	0	0.0	0.12285012285012284	0.0	0.5	0.0	0.0	0.0	0.0	0.0
0	0.0	0.0	0	0.0	17.07	0	0.075642965204236	0.0	0.0	0.0	0.0	0.0	0.0	0.0	0.0
0	0.0	0.0	22	0.0	0.0	0	0.0	0.42016806722689076	0.0	0.0	0.0	0.0	0.0	0.0	0.21008403361344538
1	0.0	0.0	42	0.0	10.84	0	0.0	0.10718113612004287	0.0	0.0	0.0	0.0	0.0	0.0	0.05359056806002144
1	0.0	0.0	39	0.0	16.96	0	0.16083634901487737	0.0	0.0	0.25	0.0	0.0	0.0	0.0	0.0
1	0.0	0.0	26	0.05633802816901401	13.36	0	0.08673026886383348	0.0	0.0	0.5	0.0	0.0	0.0	0.08673026886383348	0.0
3	0.0	0.0	26	0.0	27.43	0	0.0	0.06009615384615384	0.0	0.0	0.0	0.0	0.0	0.0	0.0
0	0.0	0.0	20	0.0	0.0	0	0.10559662090813093	0.0	0.0	0.0	0.0	0.0	0.0	0.0	0.0
0	1.0	0.0	26	0.0	0.0	0	0.0	0.14326647564469913	0.0	0.0	0.0	0.0	0.0	0.0	0.0
1	0.0	0.0	0	0.0	17.02	0	0.0	0.27932960893854747	0.0	0.0	0.0	0.0	0.0	0.0	0.0
1	0.0	0.0	1	0.0178571428571428	17.31	0	0.0	0.05920663114268798	0.0	2.5	0.0	0.0	0.0	0.0	0.0
2	0.0	0.0	2	0.0	16.2	0	0.0	0.033967391304347824	0.0	0.0	0.0	0.0	0.0	0.0	0.0
2	0.0	0.0	31	0.0	27.63	0	0.14970059880239522	0.0	0.0	0.0	0.0	0.0	0.0	0.0	0.0
3	1.0	0.0	17	0.0	15.17	0	0.17921146953405018	0.0	0.0	0.0	0.0	0.0	0.0	0.0	0.0
2	0.0	0.0	3	0.0	14.38	0	0.8695652173913044	0.0	0.0	0.0	0.0	0.0	0.0	0.0	0.0
1	0.0	1.0	24	0.0	74.53	0	0.0	0.1775147928994083	0.0	0.0	0.0	0.0	0.0	0.0	0.0
0	0.2857142857142857	0.6666666666666666	48	0.0	51.15	0	0.0	0.2185792349726776	0.0	0.25	0.0	0.0	0.0	0.0	0.1092896174863388
1	0.0	0.0	0	0.1	10.5	0	0.0	0.6884681583476765	0.0	0.75	0.0	0.0	0.0	0.0	0.0
1	0.0	0.0	11	0.0	7.76	0	0.38167938931297707	0.0	0.0	1.0	0.0	0.0	0.0	0.0	0.0
0	0.0	0.0	15	0.0	0.0	0	0.1639344262295082	0.0	0.0	0.0	0.0	0.0	0.0	0.1639344262295082	0.0
2	0.0	0.0	3	0.0	8.73	0	0.8771929824561404	0.0	0.0	0.0	0.0	0.0	0.0	0.0	0.0
2	0.0	0.0	13	0.0	16.3	0	0.032030749519538756	0.0	0.0	0.5	0.0	0.0	0.0	0.0	0.0
1	0.0	0.0	0	0.0	9.5	0	0.0	0.10288065843621398	0.0	0.0	0.0	0.0	0.0	0.0	0.0
4	0.0	0.0	0	0.0	17.37	0	0.0	0.24271844660194175	0.0	0.0	0.0	0.0	0.0	0.0	0.0
3	0.0	1.0	22	0.0	26.15	0	0.0	0.06373486297004462	0.0	0.16666666666666666	0.0	0.0	0.0	0.0	0.0
5	0.0	0.0	78	0.0	9.19	0	0.0	0.07804370447450573	0.0	0.0	0.0	0.0	0.0	0.0	0.0
0	0.0	0.0	32	0.2307692307692307	15.32	0	0.014240956992309883	0.0	1.0	0.0	0.0	0.0	0.0	0.0	0.0
1	0.0	0.0	77	0.0	9.5	0	0.3484320557491289	0.0	0.0	0.5	0.0	0.0	0.0	0.0	0.0
2	0.0	0.0	25	0.0	6.07	0	0.2645502645502646	0.0	0.0	0.0	0.0	0.0	0.0	0.0	0.0
2	0.0	0.0	20	0.0	11.81	0	0.45248868778280543	0.0	0.0	0.0	0.0	0.0	0.0	0.0	0.0
5	0.0	0.0	39	0.0	11.51	0	0.0	0.0700280112044818	0.0	0.0	0.0	0.0	0.0	0.0	0.0
1	0.0	0.0	24	0.0	13.79	1	0.0	1.845018450184502	0.0	1.0	0.0	0.0	0.0	0.0	0.0
0	0.0	0.0	17	0.0	0.0	0	0.25510204081632654	0.0	0.0	0.5	0.0	0.0	0.0	0.25510204081632654	0.0
4	0.0	0.0	30	0.0097087378640776	27.15	0	0.0	0.06877579092159561	0.0	0.0	0.0	0.0	0.0	0.0	0.0
0	0.0	0.0	11	0.2	0.0	0	0.4587155963302752	0.0	0.0	1.0	0.0	0.0	0.0	0.0	0.0
1	0.0	0.0	0	0.0	9.5	0	0.0	0.12224938875305624	0.0	0.0	0.0	0.0	0.0	0.0	0.0
2	0.0	0.0	23	0.0	15.69	0	0.022517451024544024	0.0	0.0	0.5	0.0	0.0	0.0	0.0	0.0
0	0.5	0.0	44	0.0	0.0	0	0.01721170395869191	0.0	0.0	0.5	0.0	0.0	0.0	0.0	0.0
1	0.0	0.0	28	0.0	10.96	0	0.30864197530864196	0.0	0.0	0.0	0.0	0.0	0.0	0.0	0.0
4	0.0	0.0	32	0.0	15.38	0	0.0	0.03032140691328078	0.0	0.0	0.0	0.0	0.0	0.0	0.03032140691328078
1	0.0	0.0	45	0.2	17.5	0	2.941176470588235	0.0	0.0	0.5	0.0	0.0	0.0	0.0	0.0
0	0.0	0.0	13	0.0	0.0	1	2.8846153846153846	0.0	0.0	0.3333333333333333	0.0	0.0	0.0	0.0	0.0
3	0.0	0.0	47	0.0	6.32	0	0.09074410163339383	0.0	0.0	0.0	0.0	0.0	0.0	0.0	0.0
4	0.0	0.0	47	0.0	15.34	0	0.0	0.03457814661134163	0.0	0.0	0.0	0.0	0.0	0.0	0.03457814661134163
1	0.0	0.0	24	0.0	7.78	0	0.4573170731707317	0.0	0.0	0.0	0.0	0.0	0.0	0.0	0.0
1	0.0	0.0	30	0.0357142857142857	9.12	0	0.10845986984815617	0.0	0.0	0.5	0.0	0.0	0.0	0.0	0.0
0	0.0	0.0	18	0.0	0.0	0	0.0	0.5154639175257733	0.0	0.0	0.0	0.0	0.0	0.0	0.5154639175257733
0	0.0	0.0	17	0.0	0.0	0	0.0	0.05	0.0	0.0	0.0	0.0	0.0	0.0	0.0
0	1.0	0.5	48	0.6410256410256411	0.0	0	0.3546099290780142	0.0	0.0	0.0	0.0	0.0	0.0	0.3546099290780142	0.0
2	0.0	0.0	43	0.0833333333333333	5.26	0	0.5714285714285714	0.0	0.0	0.0	0.0	0.0	0.0	0.0	0.0
6	0.0	0.0	21	0.0	15.61	0	0.24449877750611249	0.0	0.0	0.5	0.0	0.0	0.0	0.0	0.0
1	0.0	0.0	0	0.0	18.01	0	0.0	0.5970149253731343	0.0	0.5	0.0	0.0	0.0	0.0	0.0
1	0.0	0.0	0	0.0	10.0	0	0.0	1.7857142857142856	0.0	0.0	0.0	0.0	0.0	0.0	0.0
1	0.0	0.0	0	0.0	10.5	0	0.0	0.1798561151079137	0.0	1.0	0.0	0.0	0.0	0.0	0.0
0	0.0	0.0	51	0.0	0.0	0	0.7246376811594204	0.0	0.0	0.0	0.0	0.0	0.0	0.0	0.0
2	0.0	0.0	17	0.0	16.32	0	0.011337868480725623	0.0	0.0	0.0	0.0	0.0	0.0	0.0	0.0
1	0.0	1.0	62	0.0	9.5	0	2.2222222222222223	0.0	0.0	0.0	0.0	0.0	0.0	0.0	0.0
0	1.0	0.0	29	0.4545454545454545	0.0	0	0.0	5.88235294117647	0.0	0.0	0.0	0.0	0.0	0.0	0.0
1	0.0	0.0	21	0.0	11.1	0	0.1075268817204301	0.0	0.0	0.0	0.0	0.0	0.0	0.0	0.0
1	0.0	0.0	21	0.0	10.57	0	0.0	0.09328358208955223	0.0	0.0	0.0	0.0	0.0	0.0	0.0
0	0.3333333333333333	0.25	28	0.1744186046511628	0.0	0	0.020652622883106153	0.0	0.0	0.0	0.0	0.0	0.0	0.020652622883106153	0.0
0	0.0	0.0	2	0.0	16.67	0	0.10224948875255624	0.0	0.0	0.0	0.0	0.0	0.0	0.0	0.0
2	0.0	0.0	36	0.0	16.28	0	0.02239140170174653	0.0	0.0	0.0	0.0	0.0	0.0	0.0	0.0
0	0.0	0.0	0	0.0	16.62	0	0.0	0.040032025620496396	0.0	0.0	0.0	0.0	0.0	0.0	0.0
5	0.0	0.0	2	0.0	16.34	0	0.0	0.06097560975609756	0.0	0.0	0.0	0.0	0.0	0.0	0.0
3	0.0	0.0	56	0.0	5.14	0	0.267379679144385	0.0	0.0	0.0	0.0	0.0	0.0	0.0	0.0
0	0.0	0.0	18	0.0	0.0	0	0.0	0.7142857142857143	0.0	0.5	0.0	0.0	0.0	0.0	0.0
2	0.0	0.0	22	0.0	24.49	0	3.2258064516129035	0.0	0.0	0.0	0.0	0.0	0.0	0.0	0.0
2	0.0	0.0	43	0.0588235294117647	11.32	0	0.14992503748125938	0.0	0.0	0.0	0.0	0.0	0.0	0.07496251874062969	0.0
1	0.0	0.0	18	0.0	6.62	0	0.2808988764044944	0.0	0.0	0.0	0.0	0.0	0.0	0.0	0.0
2	0.0	0.0	14	0.0	13.31	0	0.1519756838905775	0.0	0.0	0.0	0.0	0.0	0.0	0.0	0.0
1	0.0	1.0	49	0.0359281437125748	3.23	1	0.3446691176470588	0.32379924446842956	0.0	0.38461538461538464	0.0	0.0	0.0	0.25275735294117646	0.20237452779276846
0	0.0	0.0	2	0.0217391304347826	16.81	0	0.0	0.05023442732752847	0.0	1.3333333333333333	0.0	0.0	0.0	0.0	0.0
1	0.0	0.0	18	0.3132530120481928	21.21	0	0.06784260515603799	0.0	0.0	0.0	0.0	0.0	0.0	0.0	0.0
0	0.0	0.0	43	0.0	0.0	0	0.0	0.23809523809523808	0.0	0.0	0.0	0.0	0.0	0.0	0.0
0	0.0	0.0	18	0.0	0.0	0	0.9615384615384615	0.0	0.0	0.0	0.0	0.0	0.0	0.9615384615384615	0.0
10	0.0	0.0	64	0.0112994350282485	15.17	0	0.0	0.01450536698578474	0.0	0.0	0.0	0.0	0.0	0.007686395080707149	0.01450536698578474
3	0.0	0.0	33	0.0	15.85	0	0.018570102135561744	0.0	0.0	0.5	0.0	0.0	0.0	0.0	0.0
0	0.0	0.0	2	0.0	16.22	0	0.0	0.028304557033682426	0.0	0.0	0.0	0.0	0.0	0.0	0.0
6	0.0	0.0	47	0.0167364016736401	15.2	0	0.0	0.00968054211035818	0.0	0.0	0.0	0.0	0.0	0.010131712259371834	0.01936108422071636
1	0.0	0.0	24	0.0	9.5	0	0.7246376811594204	0.0	0.0	0.0	0.0	0.0	0.0	0.0	0.0
0	0.0	1.0	36	0.0879120879120879	0.0	1	7.4324324324324325	0.0	0.0	0.7272727272727273	0.0	0.0	0.0	0.0	0.0
1	0.0	0.0	0	0.0	17.18	0	0.0	0.30303030303030304	0.0	0.5	0.0	0.0	0.0	0.0	0.0
3	0.0	0.0	57	0.0	5.4	0	0.3401360544217687	0.0	0.0	0.0	0.0	0.0	0.0	0.0	0.0
0	0.0	0.0	47	0.0	6.87	0	0.060459492140266025	0.0	0.0	2.0	0.0	0.0	0.0	0.0	0.0
2	0.0	0.0	39	0.027027027027027	14.76	0	0.0	0.046685340802987856	0.0	0.0	0.0	0.0	0.0	0.0	0.0
0	0.0	0.0	36	0.2040816326530612	0.0	0	0.06724949562878278	0.0	0.0	0.0	0.0	0.0	0.0	0.03362474781439139	0.0
1	0.0	0.0	33	0.0	5.83	0	0.35211267605633806	0.0	0.0	0.25	0.0	0.0	0.0	0.0	0.0
1	0.0	0.0	21	0.2857142857142857	4.93	0	2.0	0.0	0.0	0.0	0.0	0.0	0.0	0.0	0.0
1	0.0	0.0	61	0.0	6.84	0	0.07763975155279502	0.0	0.0	0.0	0.0	0.0	0.0	0.0	0.0
0	0.0	0.0	31	0.1494252873563218	14.1	0	0.0	0.04897159647404505	0.0	0.0	0.0	0.0	0.0	0.0	0.024485798237022526
1	0.0	0.0	0	0.0434782608695652	16.34	0	0.0	0.1079913606911447	0.0	0.0	0.0	0.0	0.0	0.0	0.0
1	0.0	0.0	1	0.0	16.0	0	0.0	0.044923629829290206	0.0	0.0	0.0	0.0	0.0	0.0	0.0
3	0.0	0.0	27	0.0	6.03	0	0.3448275862068966	0.0	0.0	0.0	0.0	0.0	0.0	0.0	0.0
0	1.0	0.0	16	0.0486725663716814	38.51	0	0.15273004963726614	0.0	0.0	0.625	0.0	0.0	0.0	0.0	0.0
0	0.0	0.0	0	0.0	16.78	0	0.0	0.22727272727272727	0.0	0.5	0.0	0.0	0.0	0.0	0.0
1	0.0	0.0	44	0.0	12.72	0	0.07097232079488999	0.0	0.0	0.0	0.0	0.0	0.0	0.035486160397444996	0.01603592046183451
3	0.0	0.0	32	0.0	14.9	0	0.05574136008918617	0.0	0.0	0.0	0.0	0.0	0.0	0.0	0.0
5	0.0	0.0	50	0.0056179775280898	13.04	0	0.0	0.033967391304347824	0.0	0.0	0.0	0.0	0.0	0.0	0.0
0	1.0	0.0	43	0.0	0.0	0	0.0	0.11764705882352941	0.0	0.0	0.0	0.0	0.0	0.0	0.058823529411764705
2	0.0	1.0	1	0.0	50.02	0	0.078003120124805	0.049164208456243856	0.0	0.0	0.0	0.0	0.0	0.0	0.0
1	0.0	0.0	0	0.0	16.67	0	0.0	1.3888888888888888	0.0	0.0	0.0	0.0	0.0	0.0	0.0
1	0.0	0.0	21	0.0114942528735632	15.6	0	0.03641660597232338	0.0	0.0	0.5	0.0	0.0	0.0	0.0	0.0
1	0.0	0.0	16	0.0	15.0	0	0.0	0.08223684210526316	0.0	0.0	0.0	0.0	0.0	0.0	0.0
4	1.0	1.0	34	0.1180555555555555	25.23	0	0.04504504504504505	0.0	0.0	0.0	0.0	0.0	0.0	0.0	0.015384615384615385
8	0.0	0.0	36	0.0364963503649635	15.61	0	0.0	0.022977941176470586	0.0	0.0	0.0	0.0	0.0	0.0	0.0
2	0.0	0.0	64	0.0	5.64	0	0.16501650165016502	0.0	0.0	0.0	0.0	0.0	0.0	0.0	0.0
4	0.0	0.0	46	0.0	14.95	0	0.025163563160543533	0.0	0.0	0.5	0.0	0.0	0.0	0.0	0.0
2	0.0	0.0	0	0.0	16.15	0	0.0	0.019630938358853555	0.0	0.0	0.0	0.0	0.0	0.0	0.0
3	0.0	0.0	31	0.032258064516129	15.51	0	0.021468441391155002	0.0	0.0	0.5	0.0	0.0	0.0	0.0	0.0586166471277843
1	0.0	0.0	18	0.0	10.5	0	1.3157894736842106	0.0	0.0	0.0	0.0	0.0	0.0	0.0	0.0
2	0.0	0.5	0	0.0	18.51	0	0.0	0.3717472118959108	0.0	0.0	0.0	0.0	0.0	0.0	0.0
2	0.0	0.0	12	0.3849557522123893	16.61	0	0.0	0.041580041580041575	0.0	2.0	0.0	0.0	0.0	0.0	0.0
4	0.0	0.0	48	0.0	14.8	0	0.0	0.030349013657056143	0.0	0.0	0.0	0.0	0.0	0.0	0.030349013657056143
1	0.0	0.0	14	0.0	9.5	0	0.2304147465437788	0.0	0.0	0.0	0.0	0.0	0.0	0.0	0.0
2	0.0	1.0	0	0.0	18.45	0	0.0	0.17825311942959002	0.0	0.0	0.0	0.0	0.0	0.0	0.0
4	0.0	0.0	24	0.0	16.21	0	0.01485884101040119	0.0	0.0	0.0	0.0	0.0	0.0	0.0	0.0
0	0.0	0.0	18	0.0	0.0	0	0.1152073732718894	0.0	0.0	0.0	0.0	0.0	0.0	0.0	0.0
11	0.0	0.0	2	0.2065727699530516	16.37	0	0.08333333333333333	0.0	0.0	0.0	0.0	0.0	0.0	0.0	0.0
4	0.0	0.0	37	0.0	14.76	0	0.033852403520649964	0.0	0.0	0.0	0.0	0.0	0.0	0.016926201760324982	0.0
3	0.0	0.0	48	0.0	13.3	0	0.027382256297918947	0.0	0.0	0.0	0.0	0.0	0.0	0.0	0.0
2	0.5	0.0	0	0.0	21.04	0	0.0	0.09861932938856015	0.0	0.0	0.0	0.0	0.0	0.0	0.0
1	0.0	0.0	14	0.1	12.83	0	0.09746588693957116	0.0	0.0	0.5	0.0	0.0	0.0	0.0	0.0
0	0.0	0.0	15	0.0	0.0	0	0.0	0.12690355329949238	0.0	0.0	0.0	0.0	0.0	0.0	0.0
5	0.0	0.0	1	0.0	16.72	0	0.4347826086956522	0.0	0.0	0.0	0.0	0.0	0.0	0.0	0.0
2	0.0	0.0	7	0.0	15.95	0	0.0	0.02575991756826378	0.0	0.0	0.0	0.0	0.0	0.0	0.0
0	0.0	1.0	34	0.0	0.0	0	0.2188183807439825	0.0	0.0	0.0	0.0	0.0	0.0	0.0	0.0
0	0.0	0.0	3	0.0140845070422535	16.18	0	0.0409165302782324	0.0	0.0	0.0	0.0	0.0	0.0	0.0	0.0
1	0.0	0.0	13	0.0	9.5	0	0.5494505494505494	0.0	0.0	0.0	0.0	0.0	0.0	0.0	0.0
0	0.0	0.0	24	0.0	0.0	0	0.0	0.3246753246753247	0.0	0.0	0.0	0.0	0.0	0.0	0.16233766233766234
1	0.0	0.0	36	0.0	9.5	0	6.25	0.0	0.0	0.25	0.0	0.0	0.0	0.0	0.0
3	0.0	0.0	46	0.0	14.76	0	0.0	0.014649868151186638	0.0	0.0	0.0	0.0	0.0	0.0	0.014649868151186638
2	0.0	0.0	42	0.0705128205128205	14.09	0	0.026191723415400735	0.0	0.0	2.0	0.0	0.0	0.0	0.0	0.0
2	0.0	0.0	55	0.03603603603603601	41.51	0	0.1544998068752414	0.0	0.0	0.0	0.0	0.0	0.0	0.0	0.0
4	0.0	0.0	19	0.0204081632653061	15.39	0	0.040783034257748776	0.0	0.0	0.0	0.0	0.0	0.0	0.0	0.0
0	0.0	0.0	15	0.0	0.0	0	0.5617977528089888	0.0	0.0	0.0	0.0	0.0	0.0	0.0	0.0
0	0.0	0.0	17	0.4	0.0	1	0.0	0.0	0.0	1.0	0.0	0.0	0.0	0.0	0.0
1	0.0	0.0	44	0.0	11.19	0	0.058513750731421885	0.0	0.0	0.0	0.0	0.0	0.0	0.058513750731421885	0.0
6	0.0	0.0	33	0.0	15.95	0	0.017304031839418584	0.0	0.0	0.0	0.0	0.0	0.0	0.0	0.0
2	0.0	0.0	28	0.0	4.87	0	0.0	7.4074074074074066	0.0	0.0	0.0	0.0	0.0	0.0	0.0
1	0.0	0.0	18	0.0	15.71	0	0.028216704288939055	0.0	0.0	1.0	0.0	0.0	0.0	0.0	0.0
1	0.0	0.0	40	0.0	5.77	0	0.10570824524312895	0.0	0.0	0.0	0.0	0.0	0.0	0.10570824524312895	0.0
2	0.0	0.0	30	0.0	15.96	0	0.014257199885942401	0.0	0.0	0.0	0.0	0.0	0.0	0.0	0.0
2	0.0	0.0	4	0.0769230769230769	11.59	0	1.8518518518518516	0.0	0.0	0.0	0.0	0.0	0.0	0.0	0.0
0	0.0	0.0	31	0.0	15.19	0	0.056689342403628114	0.0	0.0	0.0	0.0	0.0	0.0	0.028344671201814057	0.0
1	0.0	0.0	79	0.0833333333333333	10.37	0	0.0	0.38167938931297707	0.0	0.0	0.0	0.0	0.0	0.0	0.19083969465648853
3	0.0	0.0	34	0.0153452685421994	15.93	0	0.014413375612568464	0.0	0.0	1.0	0.0	0.0	0.0	0.0	0.0
3	0.0	0.0	46	0.1176470588235294	5.54	0	0.0	0.267379679144385	0.0	0.5	0.0	0.0	0.0	0.0	0.1336898395721925
3	0.0	0.0	8	0.1022222222222222	16.75	0	0.0	0.030303030303030304	1.0	2.0	0.0	0.0	0.0	0.0	0.0
1	0.0	0.0	0	0.0	10.5	0	0.0	0.36363636363636365	0.0	0.0	0.0	0.0	0.0	0.0	0.0
7	0.0	0.0	51	0.0518134715025906	14.09	0	0.03231017770597738	0.0	0.0	2.0	0.0	0.0	0.0	0.0	0.0
0	1.0	0.0	23	0.0	0.0	0	0.0	0.3067484662576687	0.0	0.0	0.0	0.0	0.0	0.0	0.15337423312883436
0	0.0	0.0	0	0.0545454545454545	16.06	0	0.03337783711615487	0.0	0.0	0.0	0.0	0.0	0.0	0.0	0.0
4	0.0	0.0	43	0.1373626373626373	13.91	0	0.0474158368895211	0.0	0.0	0.0	0.0	0.0	0.0	0.0474158368895211	0.0
0	0.0	0.0	11	0.4576271186440678	16.51	0	0.0	0.05865102639296187	0.0	1.0	0.0	0.0	0.0	0.0	0.0
2	0.0	0.0	56	0.0	10.37	0	0.0	0.03881987577639751	0.0	0.0	0.0	0.0	0.0	0.0	0.0
2	0.0	0.0	38	0.1967213114754098	12.93	0	0.0	0.023562676720075403	0.0	0.0	0.0	0.0	0.0	0.0	0.023562676720075403
1	0.0	0.0	45	0.125	12.12	0	0.02724795640326975	0.0	0.0	0.0	0.0	0.0	0.0	0.02724795640326975	0.0
1	0.0	0.0	39	0.0	15.1	0	0.025893319523562924	0.0	0.0	0.0	0.0	0.0	0.0	0.0	0.0
0	1.0	1.0	19	0.0	0.0	0	0.117096018735363	0.0	0.0	0.0	0.0	0.0	0.0	0.117096018735363	0.0
3	0.0	0.0	16	0.0	15.89	0	0.04251700680272109	0.0	0.0	0.0	0.0	0.0	0.0	0.0	0.0
1	0.0	0.0	18	0.0	6.6	0	0.7352941176470588	0.0	0.0	0.0	0.0	0.0	0.0	0.0	0.0
4	0.0	0.0	16	0.0	15.49	0	0.14347202295552366	0.0	0.0	0.0	0.0	0.0	0.0	0.0	0.0
2	0.0	0.0	0	0.1650485436893204	16.89	0	0.0	0.04835589941972921	0.0	0.0	0.0	0.0	0.0	0.0	0.0
0	0.0	0.0	27	0.1	0.0	0	0.0	0.26595744680851063	0.0	0.0	0.0	0.0	0.0	0.0	0.0
2	0.0	0.0	1	0.0	18.06	0	0.07656967840735068	0.0	0.0	4.5	0.0	0.0	0.0	0.0	0.0
0	0.0	0.0	0	0.0075187969924812	16.71	0	0.0	0.03443526170798898	0.0	0.0	0.0	0.0	0.0	0.0	0.0
1	0.0	0.0	62	0.0	5.7	0	0.1706484641638225	0.0	0.0	0.0	0.0	0.0	0.0	0.0	0.0
2	0.0	0.0	0	0.0	14.7	0	0.0	0.14450867052023122	0.0	1.0	0.0	0.0	0.0	0.0	0.0
2	0.0	0.0	5	0.0260869565217391	16.53	0	0.02662406815761448	0.0	0.0	12.0	0.0	0.0	0.0	0.0	0.0
4	0.5	0.3333333333333333	2	0.0	32.04	0	0.0	0.03388681802778719	0.0	0.0	0.0	0.0	0.0	0.0	0.0
2	0.0	0.0	2	0.2810457516339869	16.94	0	0.0	0.03094059405940594	0.0	0.0	0.0	0.0	0.0	0.0	0.0
0	0.0	1.0	18	0.0	0.0	0	0.04366812227074236	0.0	0.0	0.0	0.0	0.0	0.0	0.0	0.0
0	0.0	0.0	33	0.0	0.0	0	0.0702247191011236	0.0	0.0	0.0	0.0	0.0	0.0	0.0	0.0
2	0.0	0.0	24	0.0434782608695652	9.76	0	0.2336448598130841	0.0	0.0	0.5	0.0	0.0	0.0	0.0	0.0
2	0.0	0.0	42	0.0	7.88	0	0.4291845493562232	0.0	0.0	0.0	0.0	0.0	0.0	0.4291845493562232	0.0
1	0.3333333333333333	1.0	21	0.0555555555555555	5.19	1	0.0	5.4411764705882355	0.02702702702702703	0.5945945945945946	0.14705882352941177	0.0	0.0	0.0	0.0
0	0.0	0.0	36	0.0	0.0	0	0.0	0.1072961373390558	0.0	0.0	0.0	0.0	0.0	0.0	0.0
0	0.0	0.0	41	0.0	9.03	0	0.06934812760055478	0.0	0.0	0.0	0.0	0.0	0.0	0.06934812760055478	0.0
1	0.6666666666666666	1.0	42	0.0	20.0	0	0.0	0.054945054945054944	0.0	0.5	0.0	0.0	0.0	0.0	0.0
1	0.0	0.0	43	0.0	8.13	0	0.0	0.29239766081871343	0.0	0.0	0.0	0.0	0.0	0.0	0.0
1	0.0	0.0	18	0.0	13.0	0	0.19157088122605365	0.0	0.0	0.0	0.0	0.0	0.0	0.19157088122605365	0.0
1	0.0	0.0	0	0.0	16.5	0	0.05268703898840885	0.0	0.0	0.0	0.0	0.0	0.0	0.0	0.0
2	0.3333333333333333	1.0	0	0.0	25.09	0	0.048437878420925166	0.0	0.0	0.0	0.0	0.0	0.0	0.0	0.0
1	0.0	0.0	0	0.1666666666666666	9.5	0	0.0	0.5102040816326531	0.0	0.0	0.0	0.0	0.0	0.0	0.0
1	0.0	0.0	11	0.3712121212121212	5.66	0	0.04716981132075472	0.0	0.0	0.5	0.0	0.0	0.0	0.0	0.0
4	0.0	0.0	40	0.0	6.84	0	0.0	0.17667844522968199	0.0	0.0	0.0	0.0	0.0	0.0	0.0
0	0.0	0.0	6	0.0	15.74	0	0.12987012987012986	0.0	0.0	0.0	0.0	0.0	0.0	0.0	0.0
0	0.0	1.0	11	0.1768707482993197	0.0	0	0.0	0.03987240829346093	0.0	1.0	0.0	0.0	0.0	0.0	0.0
0	0.0	0.0	23	0.0	0.0	0	0.0	0.3333333333333333	0.0	0.5	0.0	0.0	0.0	0.0	0.3333333333333333
1	0.0	0.0	1	0.4163568773234201	22.63	0	0.0	0.07137758743754462	0.0	0.0	0.0	0.0	0.0	0.0	0.0
0	0.0	0.0	14	0.0	0.0	0	50.0	0.0	0.0	0.0	0.0	0.0	0.0	0.0	0.0
0	0.0	0.0	36	0.081967213114754	0.0	0	0.029205607476635514	0.0	0.0	0.0	0.0	0.0	0.0	0.0	0.0
1	0.0	0.0	0	0.0	16.67	0	0.0	0.5239520958083833	0.0	0.0	0.0	0.0	0.0	0.0	0.0
4	0.0	0.0	37	0.0058823529411764	15.92	0	0.007665184730952015	0.0	0.0	0.0	0.0	0.0	0.0	0.0	0.008114248620577734
0	0.0	0.0	0	0.0	17.69	0	0.0	0.14705882352941177	0.0	2.0	0.0	0.0	0.0	0.0	0.0
2	0.0	0.0	30	0.0	3.27	0	0.0	0.07535795026375283	0.0	0.0	0.0	0.0	0.0	0.0	0.0
1	0.0	0.0	47	0.0	13.16	0	0.016561775422325273	0.0	0.0	0.0	0.0	0.0	0.0	0.0	0.0
4	0.0	0.0	16	0.0	11.93	0	0.0	0.36101083032490977	0.0	0.0	0.0	0.0	0.0	0.0	0.0
1	0.0	0.0	6	0.4166666666666667	11.11	0	0.5747126436781609	0.0	0.0	0.0	0.0	0.0	0.0	0.0	0.0
1	0.0	0.0	18	0.0	6.34	0	0.49504950495049505	0.0	0.0	0.5	0.0	0.0	0.0	0.0	0.0
4	0.0	1.0	34	0.0	12.34	0	0.08223684210526316	0.0	0.0	0.0	0.0	0.0	0.0	0.0	0.04248088360237893
3	0.0	0.0	0	0.0	17.2	0	0.0	0.31446540880503143	0.0	0.0	0.0	0.0	0.0	0.0	0.0
2	0.0	0.0	30	0.0082304526748971	15.55	0	0.02289901534234028	0.0	0.0	0.0	0.0	0.0	0.0	0.01144950767117014	0.011200716845878136
3	0.0	0.0	37	0.0	13.6	0	0.017223561832586977	0.0	0.0	0.0	0.0	0.0	0.0	0.0	0.034364261168384876
5	0.0	0.0	2	0.0439560439560439	16.72	0	0.023952095808383235	0.0	0.0	0.0	0.0	0.0	0.0	0.0	0.0
0	0.0	0.0	33	0.0	0.0	0	0.11961722488038279	0.0	0.0	0.0	0.0	0.0	0.0	0.11961722488038279	0.0
3	0.0	0.0	50	0.0	15.89	0	0.0	0.010715816545220747	0.0	0.0	0.0	0.0	0.0	0.0	0.0
3	0.0	0.0	36	0.0	14.78	0	0.0	0.041425020712510356	0.0	0.5	0.0	0.0	0.0	0.0	0.0
1	0.0	0.0	27	0.0	14.0	0	0.0	0.08116883116883117	0.0	0.5	0.0	0.0	0.0	0.0	0.08116883116883117
1	0.0	0.0	67	0.0	9.5	0	0.9090909090909091	0.0	0.0	0.125	0.0	0.0	0.0	0.0	0.0
3	0.0	0.0	15	0.2641509433962264	15.44	0	0.024177949709864605	0.0	0.0	0.0	0.0	0.0	0.0	0.024177949709864605	0.0
1	0.0	0.0	0	0.0	9.5	0	0.0	0.33783783783783783	0.0	0.5	0.0	0.0	0.0	0.0	0.0
2	0.0	0.5	44	0.0	15.63	0	0.04748338081671415	0.03554923569143264	0.0	0.0	0.0	0.0	0.0	0.023741690408357077	0.0
0	0.0	0.0	25	0.0	0.0	1	1.2875536480686696	0.31779661016949157	0.0	0.5555555555555556	0.0	0.0	0.0	1.2875536480686696	0.0
1	0.0	0.0	0	0.0	10.0	0	0.0	0.9803921568627451	0.0	0.0	0.0	0.0	0.0	0.0	0.0
3	0.0	0.0	34	0.0778210116731517	15.57	0	0.021944261575597982	0.0	0.0	0.0	0.0	0.0	0.0	0.0	0.0
2	0.0	0.0	47	0.0	10.32	0	0.04899559039686428	0.0	0.0	0.0	0.0	0.0	0.0	0.02449779519843214	0.0
6	0.0	0.0	25	0.0	15.41	0	0.03980891719745223	0.0	0.0	0.0	0.0	0.0	0.0	0.0	0.0
1	0.0	0.0	17	0.0	16.12	0	0.028785261945883704	0.0	0.0	0.0	0.0	0.0	0.0	0.028785261945883704	0.0
0	1.0	1.0	24	0.1615384615384615	0.0	0	0.0	0.08631851532153646	0.0	0.5	0.0	0.0	0.0	0.0	0.0
2	0.0	0.0	1	0.0	16.66	0	0.0	0.03779289493575208	0.0	0.0	0.0	0.0	0.0	0.0	0.0
2	0.0	0.0	44	0.1176470588235294	4.91	0	0.4081632653061224	0.0	0.0	0.0	0.0	0.0	0.0	0.0	0.0
0	0.0	0.0	0	0.0	16.39	0	0.0	0.08507018290089323	0.0	0.0	0.0	0.0	0.0	0.0	0.0
7	0.0	0.0	44	0.0100502512562814	14.11	0	0.03484320557491289	0.0	0.0	0.0	0.0	0.0	0.0	0.017421602787456445	0.0
3	0.0	0.0	59	0.0	10.57	0	0.05040322580645162	0.0	0.0	0.5	0.0	0.0	0.0	0.0	0.0
2	0.0	0.0	35	0.11904761904761901	15.78	0	0.01733402669440111	0.0	0.0	0.0	0.0	0.0	0.0	0.01733402669440111	0.0
2	0.0	0.0	13	0.4	6.1	0	0.6329113924050632	0.0	0.0	0.5	0.0	0.0	0.0	0.0	0.0
0	1.0	1.0	38	0.0	0.0	0	4.0	0.0	0.0	0.0	0.0	0.0	0.0	0.0	0.0
0	1.0	1.0	0	0.0	32.33	0	0.07849293563579278	0.0	0.0	0.0	0.0	0.0	0.0	0.0	0.0
4	0.0	0.0	32	0.0761904761904762	14.06	0	0.0	0.15552099533437014	0.0	0.6666666666666666	0.0	0.0	0.0	0.0	0.0
2	0.0	0.0	0	0.0	16.75	0	0.0	0.1310615989515072	0.0	0.5	0.0	0.0	0.0	0.0	0.0
0	0.0	0.0	24	0.0	0.0	1	0.4347826086956522	0.0	0.0	1.0	0.0	0.0	0.0	0.4347826086956522	0.0
2	0.0	0.0	0	0.0	16.33	0	0.1183431952662722	0.0	0.0	0.0	0.0	0.0	0.0	0.0	0.0
2	0.0	0.0	33	0.064516129032258	7.04	0	0.05605381165919283	0.0	0.0	0.0	0.0	0.0	0.0	0.0	0.10869565217391305
2	0.0	1.0	30	0.0	7.32	1	2.272727272727273	0.0	0.0	0.8666666666666667	0.0	0.0	0.0	0.0	0.0
1	0.0	0.0	0	0.0	10.0	0	0.0	0.9615384615384615	0.0	0.75	0.0	0.0	0.0	0.0	0.0
1	0.0	0.0	2	0.0961538461538461	16.68	0	0.0	0.05197505197505198	0.0	0.0	0.0	0.0	0.0	0.0	0.0
1	0.0	0.0	3	0.1621621621621621	16.03	0	0.09578544061302682	0.0	0.0	0.0	0.0	0.0	0.0	0.0	0.0
0	0.0	0.0	1	0.0	19.36	0	0.030525030525030528	0.0	0.0	0.0	0.0	0.0	0.0	0.0	0.0
1	0.0	0.0	18	0.0	9.5	0	2.1739130434782608	0.0	0.0	0.5	0.0	0.0	0.0	0.0	0.0
1	0.0	0.0	1	0.0	31.2	0	0.03356831151393085	0.0	0.0	0.0	0.0	0.0	0.0	0.0	0.0
4	0.0	0.0	16	0.0072202166064981	16.23	0	0.019000570017100513	0.0	0.0	0.0	0.0	0.0	0.0	0.0	0.0
5	0.0	0.0	47	0.0	13.11	0	0.0	0.02782415136338342	0.0	0.5	0.0	0.0	0.0	0.0	0.01391207568169171
0	0.0	0.0	19	0.0	0.0	0	0.19011406844106465	0.0	0.0	0.5	0.0	0.0	0.0	0.0	0.0
1	0.0	0.0	0	0.0	9.5	0	0.0	0.13850415512465375	0.0	0.0	0.0	0.0	0.0	0.0	0.0
4	0.0	0.0	7	0.0294117647058823	16.22	0	0.0	0.10101010101010101	0.0	0.0	0.0	0.0	0.0	0.0	0.0
2	0.0	0.0	0	0.0	16.41	0	0.0	0.2949852507374631	0.0	0.0	0.0	0.0	0.0	0.0	0.0
0	0.0	0.0	17	0.0	0.0	0	0.20491803278688525	0.0	0.0	0.0	0.0	0.0	0.0	0.20491803278688525	0.0
3	0.0	0.0	39	0.0	5.17	0	0.0	0.4385964912280702	0.0	0.0	0.0	0.0	0.0	0.0	0.0
1	0.0	0.0	8	0.0663507109004739	16.33	0	0.0321853878339234	0.0	0.0	2.0	0.0	0.0	0.0	0.0321853878339234	0.0
0	0.0	0.0	43	0.0	0.0	0	0.0	0.02789400278940028	0.0	0.0	0.0	0.0	0.0	0.0	0.0
1	0.0	0.0	0	0.0	9.5	0	0.0	0.0681198910081744	0.0	0.0	0.0	0.0	0.0	0.0	0.0
2	0.0	0.0	41	0.0	13.53	0	0.0	0.017895490336435216	0.0	0.0	0.0	0.0	0.0	0.02050020500205002	0.017895490336435216
1	0.0	0.0	28	0.0	5.25	0	0.0	0.625	0.0	0.0	0.0	0.0	0.0	0.0	0.0
0	0.0	0.0	45	0.0	0.0	0	0.18050541516245489	0.0	0.0	0.5	0.0	0.0	0.0	0.0	0.0
0	0.0	1.0	31	0.0	0.0	0	150.0	0.0	0.0	0.0	0.0	0.0	0.0	0.0	0.0
2	0.0	0.0	58	0.0363636363636363	10.19	0	0.0	0.06134969325153374	0.0	0.0	0.0	0.0	0.0	0.0	0.0
4	0.0	0.0	37	0.0	8.36	0	0.20746887966804978	0.0	0.0	0.0	0.0	0.0	0.0	0.0	0.0
1	0.0	0.0	0	0.0	11.0	0	0.0	0.4	0.0	0.0	0.0	0.0	0.0	0.0	0.0
3	0.0	0.0	0	0.0	16.45	0	0.0	0.1669449081803005	0.0	0.25	0.0	0.0	0.0	0.0	0.0
0	0.0	0.0	2	0.0	37.15	0	0.0	0.05500550055005501	0.0	0.0	0.0	0.0	0.0	0.0	0.0
1	0.0	0.0	7	0.4014084507042254	15.89	0	0.04068348250610253	0.0	0.0	2.0	0.0	0.0	0.0	0.0	0.0
1	0.0	0.0	16	0.0	11.22	0	0.15625	0.0	0.0	0.0	0.0	0.0	0.0	0.0	0.0
2	0.0	0.0	28	0.0	15.85	0	0.0	0.06027727546714889	0.0	15.0	0.0	0.0	0.0	0.0	0.06027727546714889
1	0.0	0.0	2	0.0	17.07	0	0.0	0.1026694045174538	0.0	0.0	0.0	0.0	0.0	0.0	0.0
0	0.0	0.0	39	0.0	14.48	0	0.02927400468384075	0.0	0.0	0.0	0.0	0.0	0.0	0.014637002341920375	0.0
3	0.0	0.0	45	0.0	13.75	0	0.0	0.05002501250625313	0.0	0.0	0.0	0.0	0.0	0.0	0.0
1	0.0	0.0	13	0.0	9.0	0	0.0	0.02793296089385475	0.0	0.5	0.0	0.0	0.0	0.0	0.0
1	0.0	0.0	40	0.0	15.08	0	0.0	0.02873563218390805	0.0	0.0	0.0	0.0	0.0	0.0	0.0
2	0.0	0.0	0	0.0248962655601659	16.65	0	0.0	0.031387319522912745	0.0	0.0	0.0	0.0	0.0	0.0	0.0
1	0.0	0.0	17	0.0	9.5	0	0.5208333333333334	0.0	0.0	0.0	0.0	0.0	0.0	0.0	0.0
4	0.0	0.0	57	0.0	11.8	0	0.0	0.02735229759299781	0.0	0.0	0.0	0.0	0.0	0.0	0.0
3	0.0	0.0	33	0.0	14.43	0	0.0	0.04284490145672665	0.0	0.5	0.0	0.0	0.0	0.0	0.0
0	0.0	0.0	17	0.1666666666666666	0.0	0	0.0	0.0	0.0	0.0	0.0	0.0	0.0	0.0	0.0
3	0.0	0.0	1	0.0	16.28	0	0.0	0.017624250969333802	0.0	0.0	0.0	0.0	0.0	0.0	0.0
1	0.0	0.0	0	0.0	9.5	0	0.0	1.0638297872340425	0.0	0.5	0.0	0.0	0.0	0.0	0.0
3	0.0	0.0	0	0.1027397260273972	16.82	0	0.0	0.2812939521800281	0.0	0.125	0.0	0.0	0.0	0.0	0.0
3	0.0	0.0	19	0.2857142857142857	16.14	0	0.0	0.016061676839061997	0.0	0.0	0.0	0.0	0.0	0.0	0.0
4	0.0	0.0	0	0.0097087378640776	16.24	0	0.0	0.022578460149017838	0.0	0.0	0.0	0.0	0.0	0.0	0.0
1	0.0	0.0	0	0.1185185185185185	16.05	0	0.02782415136338342	0.0	0.0	0.0	0.0	0.0	0.0	0.0	0.0
3	0.0	0.0	44	0.1	5.99	0	0.0	0.5952380952380952	0.0	2.0	0.0	0.0	0.0	0.0	0.2976190476190476
0	0.0	0.0	0	0.2682926829268293	16.02	0	0.0	0.03554923569143264	0.0	0.5	0.0	0.0	0.0	0.0	0.0
1	0.0	0.0	15	0.0	9.5	0	0.7246376811594204	0.0	0.0	0.0	0.0	0.0	0.0	0.0	0.0
0	0.0	0.0	29	0.0	15.23	0	0.0	0.026511134676564158	0.0	0.0	0.0	0.0	0.0	0.0	0.0
3	0.0	0.0	40	0.0	15.46	0	0.0	0.017705382436260624	0.0	0.0	0.0	0.0	0.0	0.0	0.0
0	0.0	0.0	34	0.0	0.0	0	0.0	0.17301038062283736	0.0	0.0	0.0	0.0	0.0	0.0	0.0
0	0.0	0.0	45	0.0566037735849056	0.0	0	0.0	0.06720430107526881	0.0	0.0	0.0	0.0	0.0	0.0	0.0
3	0.0	0.0	60	0.0116279069767441	12.39	0	0.0	0.031407035175879394	0.0	0.0	0.0	0.0	0.0	0.0	0.0
1	0.0	0.0	0	0.0	16.45	0	0.0	0.03912363067292645	0.0	2.0	0.0	0.0	0.0	0.0	0.0
3	0.0	0.0	36	0.0	8.66	0	0.050352467270896276	0.0	0.0	0.0	0.0	0.0	0.0	0.0	0.0
3	0.0	0.0	32	0.0	15.14	0	0.027862914460852605	0.0	0.0	0.5	0.0	0.0	0.0	0.0	0.0
4	0.0	0.0	0	0.0	17.46	0	0.0	0.03326679973386561	0.0	5.0	0.0	0.0	0.0	0.0	0.0
0	0.0	0.0	30	0.0	13.58	0	0.2222222222222222	0.0	0.0	0.0	0.0	0.0	0.0	0.0	0.0
0	0.0	0.0	0	0.0	17.58	0	0.0	1.1111111111111112	0.0	0.0	0.0	0.0	0.0	0.0	0.0
2	0.0	0.0	0	0.0099009900990099	16.79	0	0.0	0.041736227045075125	0.0	0.0	0.0	0.0	0.0	0.0	0.0
0	0.0	0.0	34	0.0	8.23	0	0.53475935828877	0.0	0.0	0.0	0.0	0.0	0.0	0.267379679144385	0.0
0	0.0	0.0	17	0.0357142857142857	0.0	0	0.08841732979664013	0.0	0.0	0.0	0.0	0.0	0.0	0.0	0.0
1	0.0	0.0	21	0.0	6.22	0	0.6329113924050632	0.0	0.0	0.5	0.0	0.0	0.0	0.0	0.0
3	0.0	0.0	1	0.0	16.17	0	0.0	0.04502476361999099	0.0	0.0	0.0	0.0	0.0	0.0	0.0
1	0.0	1.0	40	0.1052631578947368	54.13	1	0.45454545454545453	0.22123893805309736	0.0	0.0	0.0	0.0	0.0	0.0	0.0
0	1.0	0.0	38	0.0	0.0	0	0.033772374197906116	0.0	0.0	0.0	0.0	0.0	0.0	0.033772374197906116	0.0
4	0.0	0.0	42	0.0	13.32	0	0.0	0.0648508430609598	0.0	0.0	0.0	0.0	0.0	0.0	0.0
0	0.0	0.0	19	0.0	15.68	0	0.0	0.03718854592785422	0.0	0.0	0.0	0.0	0.0	0.0	0.03718854592785422
3	0.0	0.0	36	0.0434782608695652	7.34	0	0.1392757660167131	0.0	0.0	0.0	0.0	0.0	0.0	0.06963788300835655	0.0
3	0.0	0.0	36	0.0	5.98	0	0.16501650165016502	0.0	0.0	0.0	0.0	0.0	0.0	0.0	0.0
5	0.0	0.0	2	0.1598173515981735	16.62	0	0.0	0.032247662044501774	0.0	0.0	0.0	0.0	0.0	0.0	0.0
0	0.0	0.0	1	0.0	16.44	0	0.5102040816326531	0.0	0.0	0.0	0.0	0.0	0.0	0.0	0.0
2	0.0	0.0	47	0.0	10.72	0	0.0	0.0409165302782324	0.0	0.0	0.0	0.0	0.0	0.033288948069241014	0.0204582651391162
2	0.0	0.0	37	0.0	15.09	0	0.023310023310023312	0.0	0.0	0.0	0.0	0.0	0.0	0.011655011655011656	0.0
1	0.0	0.0	0	0.0	16.26	0	0.0	0.1440922190201729	0.0	0.0	0.0	0.0	0.0	0.0	0.0
7	0.0	0.0	0	0.0	16.49	0	0.0	0.06587615283267458	0.0	0.5	0.0	0.0	0.0	0.0	0.0
2	0.0	0.0	39	0.0	13.27	0	0.0	0.03979307600477517	0.0	0.0	0.0	0.0	0.0	0.0	0.0
5	0.0	0.0	24	0.0	16.49	0	0.0	0.014259232853272494	0.0	0.0	0.0	0.0	0.0	0.0	0.0
7	0.0	0.0	41	0.0	13.07	0	0.0	0.13157894736842105	0.0	0.0	0.0	0.0	0.0	0.0	0.06578947368421052
3	0.0	0.0	53	0.0	5.5	0	0.6329113924050632	0.0	0.0	0.0	0.0	0.0	0.0	0.0	0.0
1	0.0	0.0	0	0.0	16.21	0	0.0	0.01048327916972429	0.0	0.0	0.0	0.0	0.0	0.0	0.0
1	0.0	0.0	34	0.0	12.5	0	0.0	0.021551724137931036	0.0	0.0	0.0	0.0	0.0	0.0	0.021551724137931036
4	0.0	0.0	4	0.0465116279069767	16.05	0	0.031075201988812928	0.0	0.0	0.0	0.0	0.0	0.0	0.0	0.0
0	0.0	0.0	0	0.0	16.34	0	0.0	0.041220115416323165	0.0	0.0	0.0	0.0	0.0	0.0	0.0
8	0.0	0.0	76	0.0	13.03	0	0.0	0.018152114721365038	0.0	0.0	0.0	0.0	0.0	0.0	0.0
2	0.0	0.0	18	0.0	15.84	0	0.03460207612456748	0.0	0.0	0.5	0.0	0.0	0.0	0.0	0.0
1	0.0	1.0	33	0.0	9.5	0	0.24330900243309	0.0	0.0	0.0	0.0	0.0	0.0	0.0	0.0
2	0.0	0.0	26	0.0	16.13	0	0.0	0.026164311878597593	0.0	0.0	0.0	0.0	0.0	0.0	0.0
2	0.0	0.0	0	0.0117647058823529	16.61	0	0.0	0.018389113644722323	0.0	0.0	0.0	0.0	0.0	0.0	0.0
0	0.0	0.0	0	0.0	16.34	0	0.0	0.01271617497456765	0.0	0.0	0.0	0.0	0.0	0.0	0.0
1	0.0	1.0	51	0.0526315789473684	5.79	1	3.3582089552238803	0.0	0.0	0.0	0.0	0.0	0.0	2.6119402985074625	0.0
4	0.0	0.0	2	0.0	16.63	0	0.01366120218579235	0.0	0.0	0.0	0.0	0.0	0.0	0.0	0.0
4	0.0	0.0	0	0.0	17.33	0	0.0	0.3597122302158274	0.0	0.0	0.0	0.0	0.0	0.0	0.0
1	0.0	0.0	24	0.0	10.37	0	0.0	0.1801801801801802	0.0	0.0	0.0	0.0	0.0	0.0	0.0900900900900901
1	0.0	0.0	11	0.1355140186915887	16.75	0	0.02727768685215494	0.0	0.0	2.0	0.0	0.0	0.0	0.0	0.0
1	0.0	0.0	17	0.0	14.97	0	0.043215211754537596	0.0	0.0	0.0	0.0	0.0	0.0	0.0	0.0
2	0.0	0.0	17	0.0	6.81	0	1.7241379310344829	0.0	0.0	0.0	0.0	0.0	0.0	1.7241379310344829	0.0
2	0.0	0.0	0	0.0	16.76	0	0.0	0.16233766233766234	0.0	0.0	0.0	0.0	0.0	0.0	0.0
0	0.0	0.0	19	0.0	0.0	0	0.10940919037199125	0.0	0.0	0.0	0.0	0.0	0.0	0.0	0.0
2	0.0	0.0	49	0.0	15.36	0	0.017458100558659217	0.0	0.0	0.0	0.0	0.0	0.0	0.0	0.0
1	0.0	0.0	28	0.0232558139534883	17.5	0	0.1079913606911447	0.0	0.0	0.5	0.0	0.0	0.0	0.0	0.0
2	0.0	0.0	2	0.1470588235294117	16.68	0	0.0	0.02129471890971039	0.0	0.0	0.0	0.0	0.0	0.0	0.0
1	0.0	0.0	30	0.0	12.76	0	0.1652892561983471	0.0	0.0	0.0	0.0	0.0	0.0	0.08264462809917356	0.0
2	0.0	0.0	34	0.0	14.36	0	0.03894080996884735	0.0	0.0	0.0	0.0	0.0	0.0	0.019470404984423675	0.0
4	0.0	0.0	49	0.0	17.1	0	0.016493485073396007	0.02081165452653486	0.0	0.0	0.0	0.0	0.0	0.008246742536698003	0.0
3	0.0	0.0	29	0.0377358490566037	13.59	0	0.0	0.08264462809917356	0.0	1.0	0.0	0.0	0.0	0.0	0.0
0	0.0	0.0	26	0.0833333333333333	0.0	1	50.0	0.0	0.0	1.0	0.0	0.0	0.0	0.0	0.0
4	0.0	0.0	1	0.1479591836734693	16.56	0	0.023860653781913627	0.0	0.0	0.0	0.0	0.0	0.0	0.0	0.0
1	0.0	1.0	2	0.2222222222222222	14.14	0	0.28735632183908044	0.0	0.0	0.5	0.0	0.0	0.0	0.0	0.0
1	0.0	0.0	0	0.0	17.11	0	0.0	0.27624309392265195	0.0	1.0	0.0	0.0	0.0	0.0	0.0
2	0.0	0.0	51	0.0444444444444444	10.64	0	0.23547880690737832	0.0	0.0	0.0	0.0	0.0	0.0	0.0	0.0
2	0.0	0.0	17	0.0	16.19	0	0.025081514923501382	0.0	0.0	0.0	0.0	0.0	0.0	0.0	0.0
0	0.0	0.0	39	0.0	15.32	0	0.020128824476650563	0.0	0.0	0.5	0.0	0.0	0.0	0.0	0.0
2	0.0	0.0	2	0.0662983425414364	16.18	0	0.07680491551459294	0.0	0.0	0.0	0.0	0.0	0.0	0.0	0.0
1	0.0	0.0	26	0.0	12.5	0	0.49019607843137253	0.0	0.0	0.0	0.0	0.0	0.0	0.0	0.0
3	1.0	0.0	24	0.0	15.04	0	0.0	0.2127659574468085	0.0	0.0	0.0	0.0	0.0	0.0	0.0
1	0.0	0.0	0	0.0	9.5	0	0.0	0.04496402877697842	0.0	0.0	0.0	0.0	0.0	0.0	0.0
2	0.0	0.0	0	0.025	16.72	0	0.14652014652014653	0.0	0.0	1.0	0.0	0.0	0.0	0.0	0.0
1	0.0	0.0	0	0.0	17.26	0	0.0	0.9433962264150942	0.0	0.0	0.0	0.0	0.0	0.0	0.0
0	0.0	0.0	16	0.0	0.0	0	0.0	0.19685039370078738	0.0	0.5	0.0	0.0	0.0	0.0	0.0
4	0.0	0.0	32	0.0	12.97	0	0.0	0.06261740763932373	0.0	0.0	0.0	0.0	0.0	0.0	0.06261740763932373
2	0.0	0.0	30	0.0	14.01	0	0.02523977788995457	0.0	0.0	0.0	0.0	0.0	0.0	0.0	0.0
1	0.0	0.0	17	0.0	15.95	0	0.033444816053511704	0.0	0.0	0.0	0.0	0.0	0.0	0.0	0.0
3	0.0	0.0	63	0.0	5.22	0	0.26881720430107525	0.0	0.0	0.0	0.0	0.0	0.0	0.0	0.0
2	0.0	0.0	2	0.0	16.65	0	0.0	0.02231644722160232	0.0	0.5	0.0	0.0	0.0	0.0	0.0
5	0.0	0.0	68	0.0	11.53	0	0.02979737783075089	0.0	0.0	0.0	0.0	0.0	0.0	0.0	0.0
1	0.0	0.0	56	0.0	8.96	0	0.20576131687242796	0.19193857965451055	0.0	0.25	0.0	0.0	0.0	0.10288065843621398	0.0
0	0.0	0.0	27	0.0074906367041198	16.1	0	0.0	0.01734304543877905	0.0	0.0	0.0	0.0	0.0	0.0	0.01734304543877905
3	0.0	0.0	47	0.0	11.68	0	0.05144032921810699	0.0	0.0	0.0	0.0	0.0	0.0	0.025720164609053495	0.039032006245121
3	0.0	0.0	33	0.0	15.84	0	0.038109756097560975	0.0	0.0	6.5	0.0	0.0	0.0	0.0	0.0
0	0.0	0.0	10	0.0	16.23	0	0.02004008016032064	0.0	0.0	2.0	0.0	0.0	0.0	0.0	0.0
1	0.0	0.0	60	0.0	14.18	0	0.01985308715505261	0.0	0.0	0.0	0.0	0.0	0.0	0.0	0.0
0	0.0	1.0	30	0.0	0.0	0	0.050226017076845805	0.0	0.0	0.0	0.0	0.0	0.0	0.0	0.0
4	0.0	0.0	0	0.0178571428571428	16.93	0	0.0	0.09765625	0.0	1.0	0.0	0.0	0.0	0.0	0.0
4	0.0	0.0	24	0.0147058823529411	16.02	0	0.022727272727272728	0.0	0.0	0.0	0.0	0.0	0.0	0.022727272727272728	0.0
6	0.0	0.0	30	0.0	14.56	0	0.0	0.04415011037527594	0.0	0.0	0.0	0.0	0.0	0.0	0.0
1	0.0	0.0	0	0.0	9.5	0	0.0	0.2336448598130841	0.0	0.5	0.0	0.0	0.0	0.0	0.0
1	0.0	0.0	0	0.0	16.6	0	0.0	0.045599635202918376	0.0	0.5	0.0	0.0	0.0	0.0	0.0
1	0.0	0.0	0	0.0	16.66	0	0.0	0.08806693086745926	0.0	0.0	0.0	0.0	0.0	0.0	0.0
5	0.0	0.0	80	0.0	12.94	0	0.0	0.022862368541380886	0.0	0.5	0.0	0.0	0.0	0.0	0.011431184270690443
6	0.0	0.0	0	0.0	16.68	0	0.0	0.034638032559750606	0.0	0.0	0.0	0.0	0.0	0.0	0.0
1	0.0	0.0	0	0.0	16.6	0	0.0	0.03071253071253071	0.0	0.0	0.0	0.0	0.0	0.0	0.0
1	0.0	0.0	0	0.0	10.0	0	0.0	0.27322404371584696	0.0	0.0	0.0	0.0	0.0	0.0	0.0
3	0.0	0.0	33	0.0654205607476635	15.29	0	0.035385704175513094	0.0	0.0	0.0	0.0	0.0	0.0	0.035385704175513094	0.0
1	0.0	0.0	17	0.0	14.99	0	0.0286697247706422	0.0	0.0	0.0	0.0	0.0	0.0	0.0	0.0
1	0.0	0.0	0	0.0	16.28	0	0.08710801393728222	0.0	0.0	0.0	0.0	0.0	0.0	0.0	0.0
3	0.0	0.0	4	0.0165289256198347	16.94	0	0.0	0.12706480304955528	0.0	0.0	0.0	0.0	0.0	0.0	0.0
1	0.0	0.0	0	0.0	10.0	0	0.0	5.555555555555555	0.0	0.0	0.0	0.0	0.0	0.0	0.0
1	0.0	0.0	0	0.0	16.63	0	0.0	0.14749262536873156	0.0	0.0	0.0	0.0	0.0	0.0	0.0
0	0.0	0.0	0	0.0	16.47	0	0.0	0.057870370370370364	0.0	1.0	0.0	0.0	0.0	0.0	0.0
2	0.0	0.0	17	0.2388888888888889	15.24	0	0.06253908692933083	0.0	0.0	0.0	0.0	0.0	0.0	0.0	0.0
3	0.0	0.0	24	0.0	9.42	0	0.1400560224089636	0.0	0.0	0.0	0.0	0.0	0.0	0.0	0.0
3	0.0	0.0	25	0.0	12.91	0	0.04844961240310077	0.0	0.0	0.0	0.0	0.0	0.0	0.0	0.0
0	1.0	0.0	17	0.0750853242320819	0.0	0	0.0	0.02004008016032064	0.0	0.0	0.0	0.0	0.0	0.0	0.0
4	0.0	0.0	0	0.0	16.26	0	0.012664640324214793	0.0	0.0	0.0	0.0	0.0	0.0	0.0	0.0
1	0.0	0.0	0	0.0	17.35	0	0.0	0.6493506493506493	0.0	0.0	0.0	0.0	0.0	0.0	0.0
1	0.0	0.0	24	0.0	10.0	0	0.10245901639344263	0.0	0.0	0.0	0.0	0.0	0.0	0.0	0.0
3	0.0	0.0	16	0.0	7.42	0	0.5494505494505494	0.0	0.0	0.0	0.0	0.0	0.0	0.0	0.0
1	0.0	0.0	0	0.1612903225806451	16.67	0	0.0	0.1234567901234568	0.0	0.0	0.0	0.0	0.0	0.0	0.0
2	0.0	0.0	37	0.0	13.31	0	0.04504504504504505	0.0	0.0	0.0	0.0	0.0	0.0	0.0	0.0
4	0.0	0.0	36	0.0	15.79	0	0.0	0.02271178741766977	0.0	0.0	0.0	0.0	0.0	0.0	0.011355893708834885
1	0.0	0.0	0	0.0	17.25	0	0.0	0.40322580645161293	0.0	0.0	0.0	0.0	0.0	0.0	0.0
2	1.0	0.6666666666666666	39	0.010204081632653	11.34	0	0.0	0.0385951370127364	0.0	0.0	0.0	0.0	0.0	0.0	0.0192975685063682
3	0.0	0.0	31	0.0	15.98	0	0.015651901706057285	0.0	0.0	0.5	0.0	0.0	0.0	0.0	0.0
1	0.0	0.0	22	0.1176470588235294	18.5	0	0.0	0.819672131147541	0.0	0.0	0.0	0.0	0.0	0.0	0.4098360655737705
5	0.0	0.0	0	0.0119760479041916	16.98	0	0.0	0.05491488193300384	0.0	0.0	0.0	0.0	0.0	0.0	0.0
5	0.0	0.0	18	0.0	15.9	0	0.0	0.019135093761959435	0.0	0.0	0.0	0.0	0.0	0.0	0.0
0	0.0	0.0	14	0.1596638655462184	0.0	1	0.14154281670205238	1.6129032258064517	0.0	0.5	0.0	0.0	0.0	0.0	0.0
2	0.0	0.0	3	0.0	16.63	0	0.0	0.5535055350553506	0.0	0.5	0.0	0.0	0.0	0.0	0.0
0	0.0	0.0	50	0.0	13.24	0	0.0	0.03816793893129771	0.0	0.5	0.0	0.0	0.0	0.0	0.0
7	0.0	0.0	22	0.0205128205128205	15.61	0	0.0	0.03346720214190094	0.0	0.5	0.0	0.0	0.0	0.0	0.0
2	0.0	0.0	16	0.0	13.9	0	0.15673981191222572	0.0	0.0	0.0	0.0	0.0	0.0	0.0	0.0
0	0.0	0.0	1	0.0	15.5	0	0.0	0.26595744680851063	0.0	1.0	0.0	0.0	0.0	0.0	0.0
0	0.0	0.0	29	0.0	6.01	0	0.3968253968253968	0.0	0.0	0.5	0.0	0.0	0.0	0.0	0.0
2	0.0	0.0	28	0.0	15.78	0	0.023084025854108955	0.0	0.0	0.5	0.0	0.0	0.0	0.0	0.0
2	0.0	0.0	19	0.0	15.33	0	0.0	0.027700831024930747	0.0	0.0	0.0	0.0	0.0	0.0	0.0
1	0.0	0.0	0	0.0	16.91	0	0.0	0.35211267605633806	0.0	0.0	0.0	0.0	0.0	0.0	0.0
3	0.0	0.0	32	0.0	7.2	0	0.1362397820163488	0.0	0.0	0.5	0.0	0.0	0.0	0.0	0.0
1	0.0	0.0	3	0.0217391304347826	9.5	0	0.10822510822510822	0.0	0.0	0.0	0.0	0.0	0.0	0.0	0.0
0	0.0	0.0	2	0.05	16.76	0	0.0	0.039541320680110716	0.0	0.5	0.0	0.0	0.0	0.0	0.0
1	0.0	0.0	15	0.0	9.5	0	0.14577259475218657	0.0	0.0	0.0	0.0	0.0	0.0	0.0	0.0
1	0.0	0.0	0	0.0	9.5	0	0.0	0.24038461538461536	0.0	0.0	0.0	0.0	0.0	0.0	0.0
1	0.0	0.0	0	0.0	17.35	0	0.0	1.0416666666666667	0.0	0.0	0.0	0.0	0.0	0.0	0.0
3	0.0	0.0	80	0.0	14.85	0	0.0	0.01444043321299639	0.0	0.0	0.0	0.0	0.0	0.0	0.01444043321299639
2	0.0	0.0	0	0.0	17.44	0	0.0	0.4273504273504274	0.0	0.5	0.0	0.0	0.0	0.0	0.0
0	1.0	1.0	42	0.0	0.0	1	0.0	105.0	0.0	0.8571428571428571	0.0	0.0	0.0	0.0	0.0
8	0.0	0.0	25	0.0	16.23	0	0.0	0.044490582826635025	0.0	0.0	0.0	0.0	0.0	0.0	0.0
2	0.0	1.0	3	0.0	18.04	0	0.031928480204342274	0.0	0.0	0.5	0.0	0.0	0.0	0.0	0.0
3	0.0	0.0	27	0.0	5.54	0	0.4	0.0	0.0	0.0	0.0	0.0	0.0	0.0	0.0
0	1.0	1.0	38	0.0151515151515151	1.16	1	0.21845985800109233	0.5992329817833174	0.0	0.7575757575757576	0.0	0.0	0.0	0.16384489350081924	0.0
0	0.0	0.0	17	0.2066115702479339	15.56	0	0.0	0.023685457129322598	0.0	2.0	0.0	0.0	0.0	0.0	0.0
1	0.0	0.0	18	0.0	6.0	0	0.0	0.4854368932038835	0.0	0.0	0.0	0.0	0.0	0.0	0.4854368932038835
2	0.0	0.0	20	0.0377358490566037	7.53	0	0.38167938931297707	0.0	0.0	1.0	0.0	0.0	0.0	0.38167938931297707	0.0
0	0.0	0.0	14	0.5652173913043478	0.0	0	0.2824858757062147	0.0	0.0	1.0	0.0	0.0	0.0	0.0	0.0
2	0.0	0.0	44	0.1320754716981132	13.96	0	0.03094059405940594	0.0	0.0	0.0	0.0	0.0	0.0	0.0	0.0
1	0.0	0.0	45	0.0	6.06	0	0.33557046979865773	0.0	0.0	0.0	0.0	0.0	0.0	0.0	0.0
0	0.0	0.0	42	0.0099502487562189	14.53	0	0.0	0.04897159647404505	0.0	0.0	0.0	0.0	0.0	0.0	0.0
4	0.0	0.0	39	0.0114942528735632	14.14	0	0.09086778736937755	0.0	0.0	0.5	0.0	0.0	0.0	0.0	0.0
0	1.0	1.0	37	0.0	24.62	0	0.23094688221709006	0.0	0.0	0.0	0.0	0.0	0.0	0.0	0.0
3	0.0	0.0	5	0.0	16.0	0	0.05157297576070139	0.0	0.0	0.5	0.0	0.0	0.0	0.0	0.0
1	0.0	0.0	20	0.0	9.5	0	0.35714285714285715	0.0	0.0	0.5	0.0	0.0	0.0	0.0	0.0
1	0.0	0.0	13	0.0	21.0	0	0.0	0.16181229773462785	0.0	0.0	0.0	0.0	0.0	0.0	0.0
1	0.0	0.0	36	0.0	14.51	0	0.0	0.04042037186742118	0.0	0.0	0.0	0.0	0.0	0.0	0.0
0	0.0	0.0	40	0.1428571428571428	0.0	1	3.333333333333333	0.2840909090909091	0.0	0.75	0.0	0.0	0.0	3.333333333333333	0.0
0	0.0	0.0	16	0.0	0.0	0	0.0	0.5555555555555556	0.0	0.0	0.0	0.0	0.0	0.0	0.0
6	0.0	0.0	26	0.0	15.85	0	0.0	0.01953125	0.0	0.0	0.0	0.0	0.0	0.020466639377814164	0.0
3	0.0	0.0	76	0.0	5.74	0	0.0	0.09852216748768472	0.0	0.0	0.0	0.0	0.0	0.0	0.0
2	0.0	0.0	4	0.0	11.01	0	0.0	0.15060240963855423	0.0	0.0	0.0	0.0	0.0	0.0	0.0
0	0.0	1.0	35	0.0	0.0	0	0.11848341232227488	0.0	0.0	0.0	0.0	0.0	0.0	0.0	0.0
1	0.0	0.0	19	0.0	6.9	0	0.3787878787878788	0.0	0.0	0.5	0.0	0.0	0.0	0.0	0.0
3	0.0	0.0	4	0.0424710424710424	16.63	0	0.0	0.02486325211337643	0.0	0.0	0.0	0.0	0.0	0.0	0.0
4	0.0	0.0	44	0.0	14.16	0	0.14534883720930233	0.0	0.0	0.0	0.0	0.0	0.0	0.0	0.0
0	0.0	0.0	19	0.0833333333333333	0.0	0	0.09090909090909091	0.0	0.0	0.0	0.0	0.0	0.0	0.09090909090909091	0.0
4	0.0	0.0	42	0.03603603603603601	14.47	0	0.0	0.028425241614553724	0.0	0.0	0.0	0.0	0.0	0.0	0.028425241614553724
1	0.0	0.0	17	0.0	9.5	0	1.5151515151515151	0.0	0.0	0.0	0.0	0.0	0.0	0.0	0.0
2	1.0	0.5	39	0.0	15.28	0	0.0	0.02414875633904854	0.0	0.0	0.0	0.0	0.0	0.0	0.0
0	0.0	0.0	16	0.0	0.0	0	0.5	0.0	0.0	0.0	0.0	0.0	0.0	0.0	0.0
2	0.0	0.0	35	0.0	9.01	0	0.3824091778202677	0.0	0.0	0.25	0.0	0.0	0.0	0.0	0.0
0	1.0	1.0	21	0.1025641025641025	0.0	0	0.0	0.16233766233766234	0.0	0.0	0.0	0.0	0.0	0.0	0.16233766233766234
0	1.0	1.0	2	0.2786885245901639	16.58	0	0.0	0.04482294935006724	0.0	5.0	0.0	0.0	0.0	0.0	0.0
1	1.0	0.0	37	0.0229885057471264	20.5	0	0.0	0.034940600978336823	0.0	0.0	0.0	0.0	0.0	0.0	0.0
5	0.0	0.0	65	0.0	13.09	0	0.0	0.02133560913164071	0.0	0.0	0.0	0.0	0.0	0.0	0.0
2	0.0	0.0	13	0.2361111111111111	16.06	0	0.060350030175015085	0.0	0.0	2.0	0.0	0.0	0.0	0.12070006035003017	0.0
1	0.0	0.0	24	0.0	5.83	0	0.4366812227074236	0.0	0.0	0.0	0.0	0.0	0.0	0.4366812227074236	0.0
3	0.5	1.0	31	0.0	20.26	0	0.0	0.06729475100942127	0.0	0.0	0.0	0.0	0.0	0.0	0.0
1	0.0	0.0	0	0.0	16.34	0	0.0	0.2040816326530612	0.0	0.5	0.0	0.0	0.0	0.0	0.0
2	0.0	0.0	0	0.0	9.64	0	0.0	0.5235602094240838	0.0	0.0	0.0	0.0	0.0	0.0	0.0
0	0.0	0.0	29	0.0	15.7	0	0.036218761318362915	0.0	0.0	0.0	0.0	0.0	0.0	0.0	0.0
1	0.0	0.0	0	0.0	16.73	0	0.0	0.17921146953405018	0.0	0.0	0.0	0.0	0.0	0.0	0.0
0	1.0	1.0	15	0.45	42.46	0	0.24875621890547267	0.0	0.0	0.5	0.0	0.0	0.0	0.0	0.0
1	0.0	0.0	32	0.0	9.5	0	0.3067484662576687	0.0	0.0	0.0	0.0	0.0	0.0	0.0	0.0
1	1.0	1.0	25	0.0285714285714285	3.5	0	0.05068423720223011	0.0	0.0	0.0	0.0	0.0	0.0	0.025342118601115054	0.0
0	0.0	0.0	20	0.0	0.0	0	1.4285714285714286	0.0	0.0	0.0	0.0	0.0	0.0	0.0	0.0
1	0.0	0.0	27	0.0	14.38	0	0.04875670404680643	0.0	0.0	0.0	0.0	0.0	0.0	0.0	0.0
1	0.0	0.0	18	0.0	6.59	0	0.2252252252252252	0.0	0.0	0.0	0.0	0.0	0.0	0.0	0.0
2	0.0	0.0	2	0.0	15.94	0	0.2066115702479339	0.0	0.0	1.0	0.0	0.0	0.0	0.0	0.0
1	0.0	0.0	0	0.0	17.23	0	0.0	0.45454545454545453	0.0	0.5	0.0	0.0	0.0	0.0	0.0
3	0.0	0.0	0	0.2918454935622318	16.2	0	0.016469038208168644	0.0	0.0	0.0	0.0	0.0	0.0	0.0	0.0
3	0.4	0.25	20	0.0	73.07	1	0.0	0.49751243781094523	0.0	0.75	0.04145936981757877	0.021958717610891524	0.0	0.0	0.16583747927031509
1	0.0	0.0	0	0.05	16.36	0	0.0	0.15479876160990713	0.0	0.5	0.0	0.0	0.0	0.0	0.0
2	0.0	0.0	19	0.0	15.52	0	0.08130081300813008	0.0	0.0	0.0	0.0	0.0	0.0	0.0	0.0
5	0.0	0.0	42	0.0	14.54	0	0.032144005143040826	0.0	0.0	0.5	0.0	0.0	0.0	0.0	0.0
0	0.0	0.0	31	0.0	0.0	0	0.09765625	0.0	0.0	0.0	0.0	0.0	0.0	0.09765625	0.0
2	0.0	0.0	0	0.0	18.54	0	0.0	0.1718213058419244	0.0	6.0	0.0	0.0	0.0	0.0	0.0
3	0.0	0.0	73	0.0	6.13	0	0.117096018735363	0.0	0.0	0.0	0.0	0.0	0.0	0.0	0.0
3	0.0	0.0	0	0.0	16.62	0	0.0	0.06410256410256411	0.0	0.5	0.0	0.0	0.0	0.0	0.0
2	0.0	0.0	2	0.3063829787234042	24.35	0	0.0	0.08442380751371886	0.0	0.5	0.0	0.0	0.0	0.0	0.0
0	0.0	0.0	24	0.0	0.0	0	0.0	0.10373443983402489	0.0	0.0	0.0	0.0	0.0	0.0	0.0
4	0.0	0.0	43	0.0108695652173913	11.22	0	0.034940600978336823	0.0	0.0	1.0	0.0	0.0	0.0	0.0	0.035385704175513094
2	0.0	0.0	31	0.0	6.82	0	0.0	0.1519756838905775	0.0	0.5	0.0	0.0	0.0	0.09057971014492755	0.0
2	0.0	0.0	0	0.0	17.6	0	0.07396449704142012	0.0	0.0	3.5	0.0	0.0	0.0	0.0	0.0
3	0.0	0.0	43	0.0	13.42	0	0.0	0.015743073047858942	0.0	0.0	0.0	0.0	0.0	0.0	0.0
1	0.0	0.0	37	0.0	8.87	0	0.0	0.0946969696969697	0.0	0.0	0.0	0.0	0.0	0.0	0.0
3	1.0	0.5	49	0.043103448275862	24.86	0	0.02570253598355038	0.0	0.0	0.0	0.0	0.0	0.0	0.0	0.0
3	0.0	0.0	56	0.3684210526315789	23.5	0	0.0	0.05083884087442806	0.0	0.0	0.0	0.0	0.0	0.0	0.02541942043721403
1	0.0	0.0	0	0.0	16.63	0	0.0	0.03486750348675035	0.0	0.0	0.0	0.0	0.0	0.0	0.0
1	0.0	0.0	0	0.0	16.36	0	0.0	0.0702247191011236	0.0	0.0	0.0	0.0	0.0	0.0	0.0
5	0.0	0.0	30	0.0059701492537313	16.41	0	0.0	0.017494751574527644	0.0	1.0	0.0	0.0	0.0	0.0	0.0
2	0.0	0.0	57	0.064	14.5	0	0.0	0.025131942699170646	0.0	0.0	0.0	0.0	0.0	0.0	0.025131942699170646
2	0.0	0.0	40	0.0	4.69	0	7.142857142857142	0.0	0.0	0.5	0.0	0.0	0.0	0.0	0.0
3	0.0	0.0	20	0.0	6.06	0	0.0	0.4132231404958678	0.0	0.0	0.0	0.0	0.0	0.0	0.0
1	0.0	0.0	0	0.0454545454545454	17.62	0	0.0	0.672645739910314	0.0	0.16666666666666666	0.0	0.0	0.0	0.0	0.0
3	0.0	0.0	0	0.0	17.16	0	0.0	0.22172949002217296	0.0	0.0	0.0	0.0	0.0	0.0	0.0
0	0.0	0.0	31	0.1304347826086956	0.0	0	0.15873015873015872	0.0	0.0	0.0	0.0	0.0	0.0	0.0	0.0
1	0.0	0.0	43	0.0	8.12	0	0.0	0.13966480446927373	0.0	0.5	0.0	0.0	0.0	0.0	0.0
6	0.0	1.0	42	0.0	20.61	0	0.026730820636193534	0.0	0.0	0.5	0.0	0.0	0.0	0.013365410318096767	0.0
1	0.0	0.0	39	0.0	15.04	0	0.0	0.035285815102328866	0.0	0.0	0.0	0.0	0.0	0.0	0.0
0	0.0	0.0	46	0.0	27.6	0	0.0	0.019739439399921045	0.0	0.0	0.0	0.0	0.0	0.0	0.019739439399921045
0	1.0	0.0	48	0.0	0.0	0	0.0	0.18181818181818182	0.0	0.0	0.0	0.0	0.0	0.0	0.0
0	1.0	0.0	31	0.0	0.0	0	0.7246376811594204	0.0	0.0	0.0	0.0	0.0	0.0	0.0	0.0
0	0.0	0.0	15	0.0	0.0	0	0.0	0.33112582781456956	0.0	0.0	0.0	0.0	0.0	0.0	0.0
0	0.0	0.0	24	0.0	0.0	0	0.0	0.056818181818181816	0.0	0.0	0.0	0.0	0.0	0.0	0.056818181818181816
1	0.0	1.0	9	0.1578947368421052	14.72	1	3.9473684210526314	0.0	0.0	1.1666666666666667	0.0	0.0	0.0	0.0	0.0
0	0.0	0.0	42	0.0	10.65	0	0.054824561403508776	0.0	0.0	0.5	0.0	0.0	0.0	0.0	0.0
3	0.0	0.0	2	0.0427807486631016	17.73	0	0.06788866259334692	0.0	0.0	9.5	0.0	0.0	0.0	0.0	0.0
0	1.0	0.0	26	0.0	0.0	0	0.0	0.6756756756756757	0.0	0.0	0.0	0.0	0.0	0.0	0.6756756756756757
1	0.0	0.0	4	0.0185185185185185	17.04	0	0.0	0.14204545454545456	0.0	0.0	0.0	0.0	0.0	0.0	0.0
4	0.0	0.0	2	0.0	24.91	0	0.0	0.0580046403712297	0.0	0.0	0.0	0.0	0.0	0.0	0.0
4	0.0	0.0	36	0.0	13.97	0	0.020333468889792598	0.0	0.0	0.0	0.0	0.0	0.0	0.0	0.0584339696143358
7	0.0	0.0	29	0.0	15.51	0	0.08120178643930166	0.0	0.0	0.25	0.0	0.0	0.0	0.0	0.0
1	0.0	0.0	11	0.1056338028169014	16.48	0	0.0	0.04980079681274901	0.0	1.0	0.0	0.0	0.0	0.0	0.0
0	0.0	0.0	47	0.0	0.0	1	2.8490028490028494	0.0	0.0	0.8	0.0	0.0	0.0	2.2792022792022792	0.0
1	0.0	0.0	32	0.0	5.5	0	1.6304347826086956	0.0	0.0	0.0	0.0	0.0	0.0	0.0	0.0
3	0.0	0.0	30	0.0	15.16	0	0.031338138514572234	0.0	0.0	0.0	0.0	0.0	0.0	0.0	0.0
4	0.0	0.0	30	0.0097087378640776	15.28	0	0.0	0.03484320557491289	0.0	0.0	0.0	0.0	0.0	0.0	0.0
5	0.0	0.0	47	0.0	14.9	0	0.022686025408348458	0.0	0.0	1.0	0.0	0.0	0.0	0.0	0.0
2	0.0	0.0	52	0.0180995475113122	14.92	0	0.053447354355959376	0.0	0.0	7.5	0.0	0.0	0.0	0.026723677177979688	0.0
1	0.0	0.0	24	0.0	18.5	0	0.0	0.30303030303030304	0.0	0.0	0.0	0.0	0.0	0.0	0.30303030303030304
3	0.0	0.0	58	0.0	12.95	0	0.04268032437046521	0.0	0.0	0.0	0.0	0.0	0.0	0.04268032437046521	0.0
0	0.0	0.0	17	0.0	0.0	0	0.14641288433382138	0.0	0.0	0.5	0.0	0.0	0.0	0.14641288433382138	0.0
0	0.0	0.0	15	0.0	0.0	0	0.42016806722689076	0.0	0.0	0.0	0.0	0.0	0.0	0.0	0.0
0	0.0	0.0	16	0.0	0.0	0	0.0	0.35714285714285715	0.0	0.0	0.0	0.0	0.0	0.0	0.0
2	0.0	0.0	66	0.0	8.93	0	0.045228403437358664	0.0	0.0	0.0	0.0	0.0	0.0	0.022614201718679332	0.0
2	0.0	0.0	0	0.0	16.68	0	0.2331002331002331	0.0	0.0	1.0	0.0	0.0	0.0	0.0	0.0
0	0.0	0.0	29	0.0	0.0	0	0.45454545454545453	0.0	0.0	0.0	0.0	0.0	0.0	0.0	0.0
0	0.0	0.0	39	0.0	24.63	0	0.07183908045977011	0.0	0.0	0.0	0.0	0.0	0.0	0.0	0.0
1	0.0	0.0	17	0.0483870967741935	21.0	0	0.11933174224343675	0.0	0.0	0.0	0.0	0.0	0.0	0.0	0.0
4	0.0	0.0	43	0.0	14.84	0	0.0	0.030543677458766034	0.0	0.0	0.0	0.0	0.0	0.0	0.04581551618814905
1	0.0	0.0	18	0.0344827586206896	15.33	0	0.06693440428380187	0.0	0.0	0.0	0.0	0.0	0.0	0.06693440428380187	0.0
4	0.0	0.0	30	0.0	10.26	0	0.0	0.08695652173913043	0.0	0.0	0.0	0.0	0.0	0.0	0.0
3	0.0	0.0	23	0.0	13.44	0	0.0	0.5319148936170213	0.0	0.0	0.0	0.0	0.0	0.0	0.0
1	0.0	0.0	0	0.0	16.56	0	0.0	0.12468827930174564	0.0	0.0	0.0	0.0	0.0	0.0	0.0
1	0.5	0.5	1	0.0	9.9	0	0.0	0.07639419404125286	0.0	0.0	0.0	0.0	0.0	0.0	0.0
0	0.0	0.0	3	0.0	16.59	0	0.0	0.024557956777996073	0.0	0.0	0.0	0.0	0.0	0.0	0.0
1	0.0	0.0	1	0.0	16.29	0	0.02997601918465228	0.0	0.0	0.0	0.0	0.0	0.0	0.0	0.0
1	0.0	0.0	45	0.0555555555555555	5.0	0	0.0	0.18867924528301888	0.0	0.0	0.0	0.0	0.0	0.0	0.0
1	0.0	0.0	0	0.4166666666666667	10.5	0	0.0	1.3888888888888888	0.0	0.0	0.0	0.0	0.0	0.0	0.0
0	0.0	0.0	23	0.0	0.0	0	0.38167938931297707	0.0	0.0	0.5	0.0	0.0	0.0	0.0	0.0
2	0.0	0.0	0	0.0	13.91	0	0.0	0.29411764705882354	0.0	0.0	0.0	0.0	0.0	0.0	0.0
3	1.0	0.0	37	0.01	22.27	0	0.08187772925764192	0.0	0.0	0.16666666666666666	0.0	0.0	0.0	0.0	0.009351037965214139
0	0.0	0.0	42	0.0	0.0	0	0.07396449704142012	0.0	0.0	0.0	0.0	0.0	0.0	0.0	0.0
2	0.0	0.0	0	0.0	17.04	0	0.0	0.08673026886383348	0.0	0.5	0.0	0.0	0.0	0.0	0.0
4	0.0	0.0	33	0.0	15.17	0	0.0	0.028121484814398197	0.0	0.5	0.0	0.0	0.0	0.0	0.0
4	1.0	1.0	13	0.1761363636363636	12.86	0	0.07288629737609328	0.0	0.0	1.5	0.0	0.0	0.0	0.0	0.0
1	0.0	0.0	18	0.0	15.73	0	0.01781895937277263	0.0	0.0	0.0	0.0	0.0	0.0	0.01781895937277263	0.0
0	0.0	0.0	25	0.0	51.15	0	0.0	0.05497526113249038	0.0	0.0	0.0	0.0	0.0	0.0	0.02748763056624519
1	0.0	0.0	16	0.0	8.77	0	0.25510204081632654	0.0	0.0	0.0	0.0	0.0	0.0	0.0	0.0
2	0.0	0.0	2	0.0114285714285714	16.67	0	0.0	0.041271151465125874	0.0	0.0	0.0	0.0	0.0	0.0	0.0
1	0.0	0.0	37	0.1221374045801526	16.01	0	0.0	0.03389830508474576	0.0	1.0	0.0	0.0	0.0	0.0	0.0
3	0.0	0.0	22	0.0	14.47	0	0.0	0.0835421888053467	0.0	1.0	0.0	0.0	0.0	0.0	0.0835421888053467
2	0.0	0.0	28	0.0	15.31	0	0.03210272873194222	0.0	0.0	0.0	0.0	0.0	0.0	0.0	0.0
1	0.0	0.0	0	0.0	17.1	0	0.0	0.4098360655737705	0.0	0.0	0.0	0.0	0.0	0.0	0.0
4	0.0	0.0	27	0.0	15.42	0	0.0	0.1564945226917058	0.0	0.0	0.0	0.0	0.0	0.0	0.0
4	0.0	0.0	44	0.0	15.29	0	0.043782837127845885	0.0	0.0	7.0	0.0	0.0	0.0	0.0	0.010175010175010175
1	0.0	0.0	12	0.16	16.22	0	0.0	2.4038461538461537	0.0	0.4	0.0	0.0	0.0	0.0	0.0
4	0.0	0.0	22	0.0181818181818181	55.36	0	0.0	0.03843197540353574	0.0	0.0	0.0	0.0	0.0	0.0	0.0
1	0.0	0.0	0	0.0	9.5	0	0.0	0.1953125	0.0	0.0	0.0	0.0	0.0	0.0	0.0
2	0.0	0.0	0	0.1923076923076923	17.4	0	0.0	0.3460207612456747	0.0	0.0	0.0	0.0	0.0	0.0	0.0
0	0.0	0.0	39	0.2631578947368421	0.0	0	0.15337423312883436	0.0	0.0	0.5	0.0	0.0	0.0	0.0	0.0
7	0.0	0.0	27	0.0	16.17	0	0.0	0.02464268112370626	0.0	1.0	0.0	0.0	0.0	0.0	0.0
0	0.0	0.0	29	0.1063829787234042	0.0	1	0.21528525296017226	0.41493775933609955	0.0	0.75	0.0	0.0	0.0	0.0	0.0
0	0.0	0.0	17	0.2588235294117647	12.86	0	0.1358695652173913	0.0	0.0	0.0	0.0	0.0	0.0	0.0	0.0
3	0.0	0.0	18	0.0	15.07	0	0.06858710562414266	0.0	0.0	0.0	0.0	0.0	0.0	0.0	0.04325259515570934
3	0.0	0.0	38	0.0	15.55	0	0.01939111886755866	0.0	0.0	0.0	0.0	0.0	0.0	0.0	0.0
1	0.0	0.0	23	0.0	8.44	0	0.2237136465324385	0.0	0.0	0.0	0.0	0.0	0.0	0.0	0.0
5	0.0	0.0	44	0.0	15.11	0	0.02927400468384075	0.0	0.0	0.0	0.0	0.0	0.0	0.02927400468384075	0.0
1	0.0	0.0	51	0.0	14.48	0	0.025094102885821833	0.0	0.0	0.5	0.0	0.0	0.0	0.0	0.0
5	0.0	0.0	20	0.0612244897959183	16.4	0	0.018341892883345562	0.0	0.0	0.0	0.0	0.0	0.0	0.0	0.0
0	0.0	0.0	48	0.1409691629955947	14.64	0	0.011008366358432407	0.0	0.0	0.0	0.0	0.0	0.0	0.0	0.0
1	0.0	0.0	35	0.1111111111111111	5.4	0	0.3424657534246575	0.0	0.0	0.0	0.0	0.0	0.0	0.0	0.0
0	0.0	0.0	27	0.0	16.2	0	0.017067759003242873	0.0	0.0	0.0	0.0	0.0	0.0	0.0	0.0
0	0.0	0.0	0	0.1027027027027027	16.58	0	0.023747328425552126	0.0	0.0	0.0	0.0	0.0	0.0	0.0	0.0
0	0.0	1.0	49	0.1030927835051546	19.22	1	0.0	1.25	0.0	0.6666666666666666	0.0	0.0	0.0	0.0	0.0
3	0.0	0.0	47	0.0604026845637583	15.49	0	0.0	0.020894274968658588	0.0	0.0	0.0	0.0	0.0	0.0	0.010447137484329294
0	0.0	1.0	31	0.0689655172413793	30.78	1	1.366120218579235	0.0	0.0	0.6	0.0	0.0	0.0	0.27322404371584696	0.0
0	0.0	0.0	46	0.0	0.0	0	0.0	0.06798096532970768	0.0	0.0	0.0	0.0	0.0	0.0	0.0
2	0.0	0.0	79	0.0	10.08	0	0.0	0.07326007326007326	0.0	0.0	0.0	0.0	0.0	0.0	0.0
1	0.0	0.0	19	0.0	9.43	0	3.0303030303030303	0.0	0.0	0.0	0.0	0.0	0.0	1.5151515151515151	0.0
3	0.0	0.0	57	0.0126582278481012	7.09	0	0.031338138514572234	0.0	0.0	0.0	0.0	0.0	0.0	0.0	0.0
2	0.0	0.0	37	0.0246913580246913	14.18	0	0.035285815102328866	0.0	0.0	0.0	0.0	0.0	0.0	0.035285815102328866	0.0
1	0.0	0.0	16	0.0526315789473684	10.0	0	0.2347417840375587	0.0	0.0	0.0	0.0	0.0	0.0	0.0	0.0
2	0.0	0.0	29	0.2941176470588235	9.43	0	0.4048582995951417	0.0	0.0	1.0	0.0	0.0	0.0	0.20242914979757085	0.0
0	0.0	0.0	2	0.0103092783505154	16.6	0	0.05698005698005698	0.0	0.0	0.0	0.0	0.0	0.0	0.0	0.0
1	0.0	0.0	27	0.0	12.38	0	0.0779423226812159	0.0	0.0	0.5	0.0	0.0	0.0	0.0	0.0
3	0.0	0.0	0	0.0	16.15	0	0.07886435331230283	0.0	0.0	0.0	0.0	0.0	0.0	0.0	0.0
3	0.0	0.0	16	0.0350877192982456	13.2	0	0.1336898395721925	0.0	0.0	0.5	0.0	0.0	0.0	0.0	0.0
0	0.0	0.0	38	0.0	0.0	0	0.0	0.33783783783783783	0.0	0.0	0.0	0.0	0.0	0.0	0.0
4	0.0	0.0	0	0.0	17.7	0	0.0	0.04180602006688963	0.0	5.0	0.0	0.0	0.0	0.0	0.0
1	0.0	0.0	0	0.0	9.5	0	0.0	1.0135135135135136	0.0	0.0	0.0	0.0	0.0	0.0	0.0
3	0.0	0.0	20	0.0714285714285714	6.48	0	0.5952380952380952	0.0	0.0	0.5	0.0	0.0	0.0	0.0	0.0
1	0.0	0.0	18	0.0	9.5	0	3.571428571428571	0.0	0.0	0.0	0.0	0.0	0.0	0.0	0.0
2	0.0	0.0	0	0.0	16.27	0	0.06443298969072166	0.0	0.0	0.0	0.0	0.0	0.0	0.0	0.0
2	0.0	0.0	66	0.0	6.66	0	0.0	0.0355366027007818	0.0	0.0	0.0	0.0	0.0	0.0	0.0
1	0.0	0.0	26	0.0476190476190476	9.3	0	0.1160092807424594	0.0	0.0	0.0	0.0	0.0	0.0	0.0	0.0
3	0.0	0.0	47	0.0	13.8	0	0.032626427406199025	0.0	0.0	0.0	0.0	0.0	0.0	0.032626427406199025	0.0
2	0.0	0.0	19	0.1739130434782608	15.59	0	0.04019292604501608	0.0	0.0	0.0	0.0	0.0	0.0	0.04019292604501608	0.0
2	0.0	0.0	42	0.0	14.8	0	0.04566210045662101	0.0	0.0	0.0	0.0	0.0	0.0	0.0	0.0
1	1.0	0.0	1	0.0	17.0	0	0.141643059490085	0.0	0.0	0.0	0.0	0.0	0.0	0.0	0.0
1	0.0	0.0	2	0.0141342756183745	16.13	0	0.0	0.016835016835016835	0.0	0.0	0.0	0.0	0.0	0.0	0.0
0	0.0	0.0	19	0.0	28.19	0	0.3623188405797102	0.0	0.0	0.0	0.0	0.0	0.0	0.0	0.0
0	0.0	0.0	15	0.0	0.0	0	0.0	0.0	0.0	0.0	0.0	0.0	0.0	0.0	0.0
4	0.0	1.0	54	0.0	24.34	0	0.03765060240963856	0.0	0.0	1.0	0.0	0.0	0.0	0.0	0.0
2	0.0	0.0	28	0.0153846153846153	14.81	0	0.0	0.04035512510088781	0.0	0.0	0.0	0.0	0.0	0.0	0.020177562550443905
0	0.0	1.0	33	0.0	0.0	0	0.0	0.029647198339756896	0.0	0.0	0.0	0.0	0.0	0.0	0.0
0	0.0	0.0	31	0.0	0.0	0	0.36900369003690037	0.0	0.0	0.5	0.0	0.0	0.0	0.18450184501845018	0.0
0	0.0	0.0	27	0.0212765957446808	0.0	0	0.0	0.06839945280437756	0.0	0.0	0.0	0.0	0.0	0.0	0.0
1	0.0	0.0	77	0.1666666666666666	4.67	0	0.3846153846153846	0.0	0.0	0.0	0.0	0.0	0.0	0.0	0.0
2	0.0	0.0	45	0.0	10.65	0	0.0	0.03225806451612903	0.0	1.0	0.0	0.0	0.0	0.0	0.0
3	0.0	0.0	35	0.0	10.7	0	0.051546391752577324	0.0	0.0	0.5	0.0	0.0	0.0	0.0	0.0
2	0.0	0.0	2	0.0	7.23	0	0.05927682276229994	0.0	0.0	0.0	0.0	0.0	0.0	0.0	0.0
3	0.0	0.0	46	0.0	5.87	0	0.22026431718061673	0.0	0.0	0.0	0.0	0.0	0.0	0.0	0.0
0	0.0	0.0	45	0.0	14.49	0	0.0	0.04006410256410256	0.0	0.0	0.0	0.0	0.0	0.0	0.02003205128205128
2	0.0	0.0	0	0.0	16.61	0	0.0	0.030395136778115502	0.0	0.0	0.0	0.0	0.0	0.0	0.0
2	0.0	0.0	34	0.0181818181818181	15.3	0	0.0	0.027731558513588463	0.0	0.0	0.0	0.0	0.0	0.0	0.0
0	0.0	1.0	40	0.0	0.0	0	0.244299674267101	0.0	0.0	0.3333333333333333	0.0	0.0	0.0	0.16286644951140067	0.0
2	0.0	1.0	49	0.0	22.11	0	0.0	0.17793594306049823	0.0	0.0	0.0	0.0	0.0	0.07751937984496124	0.0
0	0.0	0.0	37	0.0	0.0	0	0.06896551724137931	0.0	0.0	0.0	0.0	0.0	0.0	0.06896551724137931	0.0
1	0.0	0.0	2	0.0	16.22	0	0.024390243902439025	0.0	0.0	0.0	0.0	0.0	0.0	0.0	0.0
0	0.0	0.0	16	0.1111111111111111	0.0	1	0.1693958215697346	0.6172839506172839	0.0	0.6	0.0	0.0	0.0	0.0	0.0
5	0.0	0.0	68	0.0	10.41	0	0.03093102381688834	0.0	0.0	0.0	0.0	0.0	0.0	0.0	0.0
7	0.0	0.0	22	0.016	16.04	0	0.023369946249123627	0.0	0.0	0.0	0.0	0.0	0.0	0.0	0.03457814661134163
2	0.0	0.0	44	0.025	13.04	0	0.03687315634218289	0.0	0.0	0.0	0.0	0.0	0.0	0.018436578171091445	0.0
6	0.0	0.0	27	0.0108695652173913	15.1	0	0.035765379113018594	0.0	0.0	0.0	0.0	0.0	0.0	0.0	0.0
0	0.0	0.0	15	0.1428571428571428	0.0	0	0.0	0.6493506493506493	0.0	0.5	0.0	0.0	0.0	0.0	0.0
0	0.0	0.0	10	0.3110367892976589	16.78	0	0.016283992835043153	0.0	1.0	1.0	0.0	0.0	0.0	0.0	0.0
4	0.0	0.0	0	0.0	17.34	0	0.0	0.7936507936507936	0.0	0.0	0.0	0.0	0.0	0.0	0.0
1	0.0	0.0	0	0.11904761904761901	17.07	0	0.0	0.08064516129032258	0.0	0.0	0.0	0.0	0.0	0.0	0.0
3	0.0	0.0	35	0.0	7.68	0	0.1079913606911447	0.0	0.0	0.0	0.0	0.0	0.0	0.0	0.0
4	0.4	0.0	43	0.0	15.13	0	0.021150592216582064	0.0	0.0	0.5	0.0	0.0	0.0	0.0	0.0
1	0.0	0.0	27	0.0	15.06	0	0.04357298474945534	0.0	0.0	0.5	0.0	0.0	0.0	0.0	0.0
1	0.0	0.0	15	0.0	7.64	0	0.3676470588235294	0.0	0.0	0.5	0.0	0.0	0.0	0.0	0.0
0	0.0	0.0	1	0.1216216216216216	9.0	0	0.0	0.07293946024799416	0.0	1.0	0.0	0.0	0.0	0.0	0.0
0	0.0	0.0	59	0.0	14.09	0	0.0255885363357216	0.021551724137931036	0.0	0.25	0.0	0.0	0.0	0.0	0.0
0	0.0	0.0	2	0.0683760683760683	16.55	0	0.030998140111593308	0.0	0.0	0.5	0.0	0.0	0.0	0.0	0.0
0	0.0	0.0	19	0.0	0.0	0	0.3164556962025316	0.0	0.0	0.0	0.0	0.0	0.0	0.0	0.0
2	0.0	0.0	15	0.0	13.72	0	0.10706638115631692	0.0	0.0	0.0	0.0	0.0	0.0	0.0	0.0
0	0.0	1.0	21	0.25	0.0	0	0.40322580645161293	0.0	0.0	0.0	0.0	0.0	0.0	0.40322580645161293	0.0
6	0.0	0.0	0	0.0	16.94	0	0.0	0.08896797153024912	0.0	0.0	0.0	0.0	0.0	0.0	0.0
2	0.0	0.0	24	0.0	15.48	0	0.0	0.04833252779120348	0.0	0.5	0.0	0.0	0.0	0.0	0.0
1	0.0	0.0	0	0.0	16.27	0	0.021862702229995628	0.0	0.0	2.0	0.0	0.0	0.0	0.0	0.0
5	0.0	0.0	30	0.0	15.75	0	0.022578460149017838	0.012481278082875686	0.0	0.0	0.0	0.0	0.0	0.0	0.0
1	0.0	0.0	0	0.0666666666666666	9.5	0	0.0	0.0979431929480901	0.0	0.5	0.0	0.0	0.0	0.0	0.0
2	0.0	0.0	64	0.2	5.14	0	0.22624434389140272	0.0	0.0	0.0	0.0	0.0	0.0	0.0	0.0
3	0.0	0.0	59	0.0	7.52	0	0.0	0.09066183136899365	0.0	0.0	0.0	0.0	0.0	0.0	0.04533091568449683
7	0.0	0.0	42	0.0	15.24	0	0.027578599007170437	0.0	0.0	0.0	0.0	0.0	0.0	0.013789299503585218	0.0
0	0.0	0.0	18	0.0	0.0	0	0.1295336787564767	0.0	0.0	0.0	0.0	0.0	0.0	0.1295336787564767	0.0
2	0.0	0.0	0	0.0	17.02	0	0.028441410693970423	0.0	0.0	1.0	0.0	0.0	0.0	0.0	0.0
3	0.0	0.0	31	0.0	14.79	0	0.015351550506601166	0.0	0.0	0.0	0.0	0.0	0.0	0.03070310101320233	0.0
3	0.0	0.0	2	0.0273972602739726	16.64	0	0.0946073793755913	0.0	0.0	0.0	0.0	0.0	0.0	0.0	0.0
6	0.0	0.0	42	0.0	15.84	0	0.0	0.01973164956590371	0.0	0.0	0.0	0.0	0.0	0.0	0.01973164956590371
1	0.0	0.0	0	0.0	17.59	0	0.0	1.3157894736842106	0.0	0.0	0.0	0.0	0.0	0.0	0.0
1	0.0	0.0	0	0.1666666666666666	17.12	0	0.0	0.0	0.0	0.0	0.0	0.0	0.0	0.0	0.0
2	0.0	0.0	0	0.0106951871657754	16.07	0	0.0	0.028702640642939148	0.0	0.0	0.0	0.0	0.0	0.0	0.0
1	0.0	0.0	15	0.0	9.5	0	0.9433962264150942	0.0	0.0	0.0	0.0	0.0	0.0	0.0	0.0
0	0.0	0.0	16	0.0714285714285714	0.0	0	0.0	1.0416666666666667	0.0	0.0	0.0	0.0	0.0	0.0	0.0
0	0.0	0.0	45	0.0	0.0	0	0.03759398496240601	0.0	0.0	0.0	0.0	0.0	0.0	0.0	0.0
3	0.0	0.0	0	0.0	16.72	0	0.0	0.3546099290780142	0.0	0.0	0.0	0.0	0.0	0.0	0.0
2	0.0	0.0	43	0.0	5.85	0	0.0	0.38167938931297707	0.0	0.0	0.0	0.0	0.0	0.0	0.0
1	0.0	0.0	0	0.0121951219512195	16.08	0	0.0	0.027442371020856202	0.0	0.0	0.0	0.0	0.0	0.0	0.0
1	0.0	0.0	0	0.0	17.14	0	0.0	0.273972602739726	0.0	0.5	0.0	0.0	0.0	0.0	0.0
2	0.0	0.0	35	0.0	14.98	0	0.0	0.03362474781439139	0.0	0.0	0.0	0.0	0.0	0.0	0.0
2	0.0	0.0	0	0.0833333333333333	16.72	0	0.0	0.3225806451612903	0.0	0.0	0.0	0.0	0.0	0.0	0.0
0	0.0	0.0	48	0.0	14.48	0	0.02572678157962439	0.0	0.0	0.0	0.0	0.0	0.0	0.0	0.0
2	0.0	0.0	40	0.0416666666666666	14.85	0	0.012797542871768621	0.0	0.0	1.0	0.0	0.0	0.0	0.012797542871768621	0.0
6	0.0	0.0	45	0.0	13.55	0	0.02939447383891828	0.0	0.0	0.0	0.0	0.0	0.0	0.0	0.0
4	0.0	0.0	16	0.2413793103448276	15.21	0	0.10638297872340426	0.0	0.0	0.0	0.0	0.0	0.0	0.0	0.0
3	1.0	1.0	44	0.0	23.68	0	0.01834862385321101	0.0	0.0	0.0	0.0	0.0	0.0	0.01834862385321101	0.0
2	0.0	0.0	34	0.0	7.05	0	0.14367816091954022	0.0	0.0	0.0	0.0	0.0	0.0	0.07183908045977011	0.0
0	0.0	0.0	15	0.0	0.0	0	0.16286644951140067	0.0	0.0	0.0	0.0	0.0	0.0	0.16286644951140067	0.0
3	0.0	0.0	37	0.0	15.88	0	0.016784155756965426	0.0	0.0	1.0	0.0	0.0	0.0	0.016784155756965426	0.024218939210462583
0	0.0	1.0	25	0.0	0.0	0	0.11534025374855825	0.0	0.0	0.5	0.0	0.0	0.0	0.0	0.0
3	0.0	0.0	53	0.0	5.84	0	0.3213367609254499	0.0	0.0	0.2	0.0	0.0	0.0	0.0	0.09057971014492755
0	0.0	1.0	17	0.0	0.0	0	0.0	0.10395010395010396	0.0	0.0	0.0	0.0	0.0	0.0	0.10395010395010396
0	0.0	0.0	17	0.0	0.0	0	0.047214353163361665	0.0	0.0	0.0	0.0	0.0	0.0	0.0	0.0
1	0.0	0.0	44	0.0	5.46	0	0.5847953216374269	0.0	0.0	0.0	0.0	0.0	0.0	0.0	0.0
2	0.0	1.0	0	0.0	12.92	0	0.0	0.03763643206624012	0.0	0.0	0.0	0.0	0.0	0.0	0.0
3	0.0	0.0	23	0.0	15.0	0	0.0	0.04244482173174873	0.0	0.0	0.0	0.0	0.0	0.022914757103574702	0.0
1	0.0	0.0	32	0.0	0.97	1	0.6242197253433208	0.0	0.0	0.6	0.0	0.0	0.0	0.0	0.05235602094240837
4	0.0	0.0	1	0.0	16.77	0	0.0	0.043744531933508315	0.0	1.0	0.0	0.0	0.0	0.0	0.0
3	0.0	0.0	2	0.0	16.78	0	0.0	0.033760972316002696	0.0	0.0	0.0	0.0	0.0	0.0	0.0
4	0.0	0.0	2	0.0602409638554216	16.26	0	0.0945179584120983	0.0	0.0	0.0	0.0	0.0	0.0	0.0	0.0
5	0.0	0.0	2	0.4377745241581259	17.23	0	0.0	0.08851515822084532	0.0	0.0	0.0	0.0	0.0	0.0	0.0
1	0.0	0.0	0	0.0	16.38	0	0.0	0.045372050816696916	0.0	0.0	0.0	0.0	0.0	0.0	0.0
0	0.0	1.0	16	0.3114754098360656	0.0	1	0.0	0.18348623853211007	0.0	1.5	0.0	0.0	0.0	0.0	0.0
0	0.0	0.0	13	0.0	0.0	0	0.0	1.0638297872340425	0.0	0.0	0.0	0.0	0.0	0.0	0.0
5	0.0	0.0	26	0.08800000000000001	15.55	0	0.027495188342040146	0.0	0.0	0.0	0.0	0.0	0.0	0.0	0.0
1	0.0	0.0	3	0.0772200772200772	16.58	0	0.018070112034694615	0.0	0.0	0.0	0.0	0.0	0.0	0.0	0.0
1	0.0	1.0	49	0.2602739726027397	3.5	0	0.0	0.13793103448275862	0.0	0.0	0.0	0.0	0.0	0.0	0.06896551724137931
1	0.0	0.0	18	0.0	9.5	0	0.26595744680851063	0.0	0.0	0.0	0.0	0.0	0.0	0.0	0.0
1	0.0	0.0	16	0.0	9.3	0	0.0	0.2680965147453083	0.0	1.5	0.0	0.0	0.0	0.0	0.0
3	0.0	0.0	23	0.0454545454545454	10.74	0	0.0	0.3472222222222222	0.0	0.5	0.0	0.0	0.0	0.0	0.0
1	0.0	0.0	0	0.1071428571428571	16.99	0	0.0	0.06265664160401002	0.0	2.0	0.0	0.0	0.0	0.0	0.0
1	1.0	0.5	0	0.0	29.93	0	0.0	0.032948929159802305	0.0	0.0	0.0	0.0	0.0	0.0	0.0
0	0.0	0.0	22	0.2790697674418604	0.0	0	0.0	0.06265664160401002	0.0	0.0	0.0	0.0	0.0	0.0	0.0
5	0.0	0.0	1	0.0	16.07	0	0.031826861871419476	0.0	0.0	0.0	0.0	0.0	0.0	0.0	0.0
1	0.0	0.0	25	0.018348623853211003	17.0	0	0.05324813631522896	0.0	0.0	1.0	0.0	0.0	0.0	0.0	0.0
1	0.0	0.0	49	0.2424242424242424	21.68	0	0.0	0.27932960893854747	0.0	0.0	0.0	0.0	0.0	0.0	0.0
4	0.0	0.0	46	0.0606060606060606	19.48	0	0.0	1.4044943820224718	0.0	0.1	0.0	0.0	0.0	0.0	0.0
1	0.0	0.0	19	0.0	13.79	0	0.25380710659898476	0.0	0.0	0.0	0.0	0.0	0.0	0.0	0.0
3	0.0	0.0	42	0.0	6.96	0	0.0	0.14104372355430184	0.0	0.0	0.0	0.0	0.0	0.050658561296859174	0.0
1	0.0	0.0	16	0.0	9.5	0	0.10183299389002036	0.0	0.0	0.0	0.0	0.0	0.0	0.0	0.0
0	0.0	0.0	2	0.0	16.33	0	0.0	0.009863878477017163	0.0	0.0	0.0	0.0	0.0	0.0	0.0
0	0.6666666666666666	1.0	27	0.0	0.0	0	0.0	0.06775067750677508	0.0	0.0	0.0	0.0	0.0	0.0	0.0
6	0.0	0.0	1	0.0	16.47	0	0.0	0.015595757953836555	0.0	0.0	0.0	0.0	0.0	0.0	0.0
1	0.0	0.0	0	0.0	17.38	0	0.0	0.32894736842105265	0.0	0.0	0.0	0.0	0.0	0.0	0.0
3	0.0	0.0	61	0.0	5.51	0	0.0	0.17667844522968199	0.0	1.0	0.0	0.0	0.0	0.0	0.0
1	0.0	0.0	16	0.0	15.7	0	0.0	0.025826446280991736	0.0	0.0	0.0	0.0	0.0	0.0	0.0
0	1.0	1.0	41	0.0	0.0	0	0.05720823798627002	0.0	0.0	0.0	0.0	0.0	0.0	0.02860411899313501	0.0
0	0.0	0.0	20	0.0	0.0	0	0.3105590062111801	0.0	0.0	0.0	0.0	0.0	0.0	0.0	0.0
2	0.0	0.0	2	0.0732984293193717	16.19	0	0.017158544955387784	0.0	0.0	0.0	0.0	0.0	0.0	0.0	0.0
0	0.0	0.0	4	0.0	15.81	0	0.18450184501845018	0.0	0.0	1.0	0.0	0.0	0.0	0.0	0.0
1	1.0	0.0	32	0.0067114093959731	16.0	0	0.0	0.025497195308516064	0.0	0.0	0.0	0.0	0.0	0.0	0.0
1	0.0	0.0	42	0.0	5.35	0	0.3968253968253968	0.0	0.0	0.0	0.0	0.0	0.0	0.0	0.0
1	0.0	0.0	22	0.0	8.96	0	0.0	1.1627906976744187	0.0	0.25	0.0	0.0	0.0	0.0	0.0
2	0.0	0.0	15	0.0	15.52	0	0.0	0.1440922190201729	0.0	0.0	0.0	0.0	0.0	0.0	0.0
2	0.0	0.0	20	0.0	14.52	1	0.49019607843137253	1.2195121951219512	0.0	0.0	0.0	0.0	0.0	0.49019607843137253	0.0
0	0.0	0.0	2	0.0	16.69	0	0.0	0.20920502092050208	0.0	0.0	0.0	0.0	0.0	0.0	0.0
0	0.0	0.0	23	0.0	0.0	0	0.31446540880503143	0.0	0.0	0.0	0.0	0.0	0.0	0.31446540880503143	0.0
1	0.0	0.0	24	0.0	15.83	0	0.036118468576932336	0.0	0.0	0.0	0.0	0.0	0.0	0.012039489525644112	0.0
0	0.5	0.0	12	0.2258064516129032	0.0	0	0.13774104683195593	0.0	0.0	1.0	0.0	0.0	0.0	0.0	0.0
1	1.0	0.0	1	0.3838383838383838	7.54	0	0.0	0.234192037470726	0.0	0.0	0.0	0.0	0.0	0.0	0.0
0	0.0	0.0	41	0.0	15.49	0	0.00882768361581921	0.0	0.0	0.0	0.0	0.0	0.0	0.0	0.0
3	0.0	0.0	48	0.0	14.61	0	0.0	0.030303030303030304	0.0	0.0	0.0	0.0	0.0	0.0	0.0
2	0.0	0.0	17	0.0	15.66	0	0.03955696202531645	0.0	0.0	0.0	0.0	0.0	0.0	0.03955696202531645	0.0
1	0.0	0.0	23	0.0257510729613733	16.2	0	0.0	0.061671292013567684	0.0	0.0	0.0	0.0	0.0	0.0	0.0
1	0.0	0.0	0	0.0	17.45	0	0.0	0.8403361344537815	0.0	0.0	0.0	0.0	0.0	0.0	0.0
0	0.0	0.0	20	0.0714285714285714	0.0	0	0.0	0.2590673575129534	0.0	0.0	0.0	0.0	0.0	0.0	0.0
4	0.0	0.0	32	0.0	7.07	0	0.2808988764044944	0.0	0.0	0.0	0.0	0.0	0.0	0.0	0.0
2	0.0	0.0	19	0.0975609756097561	11.4	0	0.04440497335701599	0.0	0.0	1.0	0.0	0.0	0.0	0.0	0.0
0	0.0	0.0	19	0.0	0.0	0	0.030807147258163893	0.0	0.0	0.5	0.0	0.0	0.0	0.0	0.0
0	0.0	0.0	18	0.0	0.0	0	0.819672131147541	0.0	0.0	0.0	0.0	0.0	0.0	0.819672131147541	0.0
1	0.0	0.0	0	0.0	15.0	0	0.0	0.12690355329949238	0.0	1.0	0.0	0.0	0.0	0.0	0.0
2	0.0	0.0	16	0.0625	8.34	0	0.23809523809523808	0.0	0.0	0.0	0.0	0.0	0.0	0.0	0.0
4	0.0	0.0	58	0.0	15.4	0	0.006311537490532694	0.0	0.0	0.0	0.0	0.0	0.0	0.0	0.0
5	0.0	0.0	62	0.0	13.92	0	0.019880715705765408	0.0	0.0	0.0	0.0	0.0	0.0	0.0	0.0
5	0.0	0.0	49	0.0	12.2	0	0.0	0.09000900090009001	0.0	0.5	0.0	0.0	0.0	0.0	0.045004500450045004
4	0.0	0.0	33	0.0	15.98	0	0.0	0.024038461538461536	0.0	0.5	0.0	0.0	0.0	0.0	0.0
1	0.0	0.0	0	0.1111111111111111	9.5	0	0.0	2.0	0.0	0.25	0.0	0.0	0.0	0.0	0.0
1	0.0	1.0	40	0.0	6.5	0	0.06765899864682003	0.0	0.0	0.0	0.0	0.0	0.0	0.0	0.0
6	0.0	0.0	1	0.0	16.61	0	0.015494267121165167	0.0	0.0	1.0	0.0	0.0	0.0	0.0	0.0
0	0.0	0.0	19	0.0909090909090909	0.0	0	0.0	0.9615384615384615	0.0	0.0	0.0	0.0	0.0	0.0	0.0
1	0.0	0.0	0	0.0	13.5	0	0.0	0.7142857142857143	0.0	0.0	0.0	0.0	0.0	0.0	0.0
5	0.0	0.0	27	0.0	14.95	0	0.038804811796662786	0.0	0.0	0.0	0.0	0.0	0.0	0.0	0.0
0	0.0	0.0	19	0.0	0.0	0	0.0	0.8771929824561404	0.0	0.0	0.0	0.0	0.0	0.0	0.0
3	0.0	0.0	22	0.1111111111111111	5.96	0	0.5681818181818182	0.0	0.0	0.0	0.0	0.0	0.0	0.0	0.0
0	0.0	0.0	35	0.0	15.84	0	0.017815784785319793	0.0	0.0	0.5	0.0	0.0	0.0	0.0	0.0
2	0.0	0.0	2	0.0	9.44	0	0.0	0.2695417789757412	0.0	0.0	0.0	0.0	0.0	0.0	0.0
1	0.0	0.0	2	0.0046620046620046	16.24	0	0.044722719141323794	0.0	0.0	0.25	0.0	0.0	0.0	0.0	0.0
0	0.5	0.5	37	0.0	0.0	1	0.0	4.571428571428571	0.0	0.875	0.5714285714285714	0.0	0.5	0.0	0.0
2	0.0	0.0	38	0.0256410256410256	8.31	0	0.0	0.09671179883945842	0.0	0.5	0.0	0.0	0.0	0.0	0.04835589941972921
3	0.0	0.0	0	0.0353982300884955	26.02	0	0.0	0.04625346901017576	0.0	0.0	0.0	0.0	0.0	0.0	0.0
1	0.0	0.0	0	0.0833333333333333	17.37	0	0.0	2.1739130434782608	0.0	0.0	0.0	0.0	0.0	0.0	0.0
0	0.0	0.0	15	0.0454545454545454	0.0	0	0.10626992561105207	0.0	0.0	0.0	0.0	0.0	0.0	0.0	0.0
1	0.0	0.0	40	0.0	11.67	0	0.06090133982947624	0.0	0.0	0.5	0.0	0.0	0.0	0.0	0.02281021897810219
2	0.0	0.0	46	0.0	7.62	0	0.0	0.2610966057441253	0.0	0.8333333333333334	0.0	0.0	0.0	0.0	0.0
0	0.0	0.0	45	0.0	11.37	0	0.0	0.06016847172081829	0.0	0.0	0.0	0.0	0.0	0.0	0.0
4	0.0	0.0	35	0.0	15.34	0	0.0	0.025380710659898477	0.0	0.0	0.0	0.0	0.0	0.0	0.0
8	0.0	0.0	55	0.0054945054945054	15.37	0	0.0	0.08125677139761646	0.0	0.0	0.0	0.0	0.0	0.0	0.0
2	0.0	0.0	43	0.0	14.82	0	0.0	0.026288117770767613	0.0	0.0	0.0	0.0	0.0	0.012490632025980514	0.013144058885383806
2	0.0	0.0	17	0.0833333333333333	12.06	0	1.1363636363636365	0.0	0.0	0.0	0.0	0.0	0.0	0.0	0.0
1	0.0	0.0	77	0.0	9.24	0	0.0	1.0443864229765012	0.0	0.0625	0.0	0.0	0.0	0.0	0.0
3	0.0	0.0	46	0.0	12.4	0	0.0	0.4601226993865031	0.0	0.0	0.0	0.0	0.0	0.0	0.15337423312883436
1	0.0	0.0	23	0.0344827586206896	12.97	0	0.0	0.1694915254237288	0.0	0.0	0.0	0.0	0.0	0.0	0.0
1	0.0	0.0	15	0.0307692307692307	16.35	0	0.0	0.03457814661134163	0.0	0.0	0.0	0.0	0.0	0.0	0.03457814661134163
4	0.0	0.0	44	0.0	14.66	0	0.0	0.03727171077152441	0.0	0.0	0.0	0.0	0.0	0.01156871818602499	0.03727171077152441
5	0.0	0.0	24	0.0227272727272727	15.87	0	0.0	0.03004807692307692	0.0	0.0	0.0	0.0	0.0	0.0	0.01502403846153846
2	0.0	0.0	39	0.0707070707070707	14.76	0	0.0449842555105713	0.0	0.0	0.0	0.0	0.0	0.0	0.0	0.0
2	0.0	0.0	41	0.0	14.53	0	0.03156565656565657	0.0	0.0	0.0	0.0	0.0	0.0	0.0	0.0
0	0.0	0.0	26	0.0	0.0	0	0.0	0.2127659574468085	0.0	0.0	0.0	0.0	0.0	0.0	0.0
0	1.0	1.0	48	0.0	0.0	1	0.5809731299927379	0.4445964432284542	0.0	0.5862068965517241	0.0	0.0	0.0	0.32679738562091504	0.03419972640218878
0	0.0	0.0	16	0.019047619047619	0.0	0	0.0	0.05649717514124294	0.0	0.0	0.0	0.0	0.0	0.0	0.0
2	0.0	0.0	59	0.0	15.15	0	0.045454545454545456	0.0	0.0	0.0	0.0	0.0	0.0	0.0	0.0
2	0.0	0.0	52	0.0	13.87	0	0.0	0.027092928745597402	0.0	0.0	0.0	0.0	0.0	0.0	0.0
0	0.0	0.0	36	0.0	15.06	0	0.0	0.02035002035002035	0.0	0.0	0.0	0.0	0.0	0.0	0.0
0	1.0	1.0	19	0.3185840707964602	0.0	0	0.0	0.026014568158168577	0.0	1.0	0.0	0.0	0.0	0.0	0.0
2	0.0	0.0	27	0.0	15.8	0	0.014762326542663125	0.0	0.0	0.5	0.0	0.0	0.0	0.0	0.0
1	0.0	0.0	1	0.0144927536231884	16.64	0	0.0	0.046838407494145196	0.0	0.0	0.0	0.0	0.0	0.0	0.0
1	1.0	0.0	0	0.0	9.5	0	0.0	0.267379679144385	0.0	0.0	0.0	0.0	0.0	0.0	0.0
2	0.5	1.0	20	0.0	9.39	0	0.04208754208754208	0.0	0.0	0.5	0.0	0.0	0.0	0.0	0.0
2	0.0	0.0	42	0.1735849056603773	15.44	0	0.0	0.018083182640144666	0.0	2.0	0.0	0.0	0.0	0.0	0.0
2	0.0	0.0	1	0.028169014084507005	16.73	0	0.0	0.048520135856380396	0.0	0.0	0.0	0.0	0.0	0.0	0.0
0	0.0	0.0	23	0.0	0.0	0	0.0	0.27322404371584696	0.0	0.0	0.0	0.0	0.0	0.0	0.0
5	0.0	0.0	0	0.0232558139534883	16.15	0	0.0791765637371338	0.0	0.0	0.0	0.0	0.0	0.0	0.0	0.0
0	0.0	0.0	60	0.0	6.43	0	0.15140045420136258	0.0	0.0	0.0	0.0	0.0	0.0	0.0	0.0
0	0.0	0.0	18	0.0	0.0	1	0.0	1.1904761904761905	0.0	1.0	0.0	0.0	0.0	0.0	0.0
5	0.0	0.0	2	0.0	17.07	0	0.0	0.05875440658049354	0.0	2.0	0.0	0.0	0.0	0.0	0.0
0	1.0	0.0	0	0.08	0.0	0	0.0	0.1111111111111111	0.0	0.0	0.0	0.0	0.0	0.0	0.0
6	0.0	0.0	59	0.0	16.31	0	0.0	0.020790020790020788	0.0	1.0	0.0	0.0	0.0	0.0	0.031185031185031183
0	0.0	0.0	29	0.0	0.0	0	0.0	0.4854368932038835	0.0	0.0	0.0	0.0	0.0	0.0	0.24271844660194175
1	0.0	0.0	0	0.0	17.38	0	0.0	1.1494252873563218	0.0	0.0	0.0	0.0	0.0	0.0	0.0
2	0.0	0.0	47	0.0	14.42	0	0.033311125916055964	0.0	0.0	0.5	0.0	0.0	0.0	0.0	0.0
2	0.0	0.0	0	0.3137254901960784	17.12	0	0.0	0.12254901960784313	0.0	0.0	0.0	0.0	0.0	0.0	0.0
3	0.0	0.0	48	0.0	17.33	0	0.4065040650406504	0.0	0.0	0.5	0.0	0.0	0.0	0.0	0.0
0	0.0	0.0	11	0.125	0.0	1	0.5747126436781609	0.0	0.0	3.0	0.0	0.0	0.0	0.0	0.0
2	0.0	0.0	23	0.0	10.55	0	0.09624639076034648	0.0	0.0	0.0	0.0	0.0	0.0	0.0	0.0
3	0.0	1.0	37	0.0	19.42	0	0.33222591362126247	0.0	0.0	0.0	0.0	0.0	0.0	0.16611295681063123	0.0
1	0.0	1.0	52	0.0	0.49	1	0.38927335640138405	0.0	0.0	0.6666666666666666	0.0	0.0	0.0	0.0	0.09481668773704172
5	0.0	0.0	1	0.0147058823529411	16.77	0	0.0	0.0708215297450425	0.0	1.5	0.0	0.0	0.0	0.0	0.0
0	0.0	0.0	0	0.0	16.38	0	0.031113876789047916	0.0	0.0	0.0	0.0	0.0	0.0	0.0	0.0
5	0.0	0.0	42	0.0112359550561797	14.45	0	0.0	0.027995520716685332	0.0	0.0	0.0	0.0	0.0	0.0324254215304799	0.0
1	0.0	0.0	41	0.4545454545454545	9.31	0	2.7777777777777777	0.0	0.0	0.16666666666666666	0.0	0.0	0.0	0.0	0.0
0	1.0	0.0	35	0.2580645161290322	0.0	0	0.0	0.5586592178770949	0.0	0.0	0.0	0.0	0.0	0.0	0.5586592178770949
0	0.0	0.0	16	0.1410788381742738	15.75	0	0.0	0.02881844380403458	0.0	0.0	0.0	0.0	0.0	0.0	0.0
2	0.0	0.0	46	0.0	15.01	0	0.0	0.023391812865497075	0.0	0.5	0.0	0.0	0.0	0.0	0.011695906432748537
3	0.0	0.0	0	0.0	16.82	0	0.0	0.2506265664160401	0.0	0.0	0.0	0.0	0.0	0.0	0.0
1	0.0	0.0	0	0.0	17.71	0	0.0	1.282051282051282	0.0	0.0	0.0	0.0	0.0	0.0	0.0
1	0.0	0.0	34	0.0	6.72	0	0.0	1.0869565217391304	0.0	0.0	0.0	0.0	0.0	0.0	0.0
1	0.0	0.0	44	0.04375	15.39	0	0.0	0.2820432466311501	0.0	1.2777777777777777	0.0	0.0	0.0	0.0	0.0
1	0.0	0.0	15	0.0	6.2	0	0.33783783783783783	0.0	0.0	0.0	0.0	0.0	0.0	0.0	0.0
5	0.0	0.0	37	0.0	15.69	0	0.01818512456810329	0.0	0.0	0.5	0.0	0.0	0.0	0.009092562284051645	0.0
1	0.0	1.0	18	0.0	5.0	0	0.0340599455040872	0.0	0.0	0.0	0.0	0.0	0.0	0.0	0.0
0	0.0	0.0	39	0.0	15.11	0	0.0	0.015110305228165607	0.0	4.0	0.0	0.0	0.0	0.0	0.015110305228165607
0	0.0	0.0	0	0.0	25.49	0	0.0	0.28901734104046245	0.0	0.0	0.0	0.0	0.0	0.0	0.0
1	0.0	0.0	32	0.0	24.5	0	0.0	0.1160092807424594	0.0	0.0	0.0	0.0	0.0	0.0	0.1160092807424594
1	0.0	0.0	76	0.0	10.0	0	0.06784260515603799	0.0	0.0	0.0	0.0	0.0	0.0	0.0	0.0
5	0.0	0.0	22	0.0625	15.97	0	0.0	0.09652509652509653	0.0	1.0	0.0	0.0	0.0	0.0	0.0
1	0.0	0.0	0	0.0	16.39	0	0.0	0.07955449482895784	0.0	0.0	0.0	0.0	0.0	0.0	0.0
1	0.0	0.0	14	0.0	12.56	0	0.2777777777777778	0.0	0.0	0.0	0.0	0.0	0.0	0.0	0.0
2	0.0	0.0	22	0.0	15.52	0	0.303951367781155	0.0	0.0	0.0	0.0	0.0	0.0	0.0	0.0
3	0.0	0.0	53	0.0	15.15	0	0.022588660492432796	0.013648150675583458	0.0	0.0	0.0	0.0	0.0	0.0	0.0
1	0.0	0.3333333333333333	18	0.0	19.6	0	0.10828370330265295	0.0	0.0	0.0	0.0	0.0	0.0	0.0	0.0
1	0.0	0.0	1	0.0	21.5	0	0.0	0.4672897196261682	0.0	0.0	0.0	0.0	0.0	0.0	0.0
1	1.0	0.0	33	0.040650406504065005	13.67	0	0.0	0.039651070578905635	0.0	0.5	0.0	0.0	0.0	0.0	0.039651070578905635
0	0.0	0.0	9	0.0	0.0	1	1.4705882352941175	0.684931506849315	0.0	0.5	0.0	0.0	0.0	0.0	0.0
1	0.0	0.0	0	0.0	14.19	0	0.0	1.282051282051282	0.0	0.0	0.0	0.0	0.0	0.0	0.0
1	0.0	0.0	0	0.0	10.27	0	0.0	0.17391304347826086	0.0	0.8333333333333334	0.0	0.0	0.0	0.0	0.0
0	0.0	0.0	42	0.0	0.0	1	5.0	0.0	0.0	0.5	0.0	0.0	0.0	0.0	0.0
2	0.0	0.0	0	0.0	16.49	0	0.0	0.14285714285714285	0.0	0.0	0.0	0.0	0.0	0.0	0.0
1	0.0	0.0	30	0.0	9.94	0	5.1020408163265305	0.0	0.0	0.0	0.0	0.0	0.0	0.0	0.0
3	0.0	0.0	36	0.0	4.91	0	0.5154639175257733	0.0	0.0	0.0	0.0	0.0	0.0	0.0	0.0
5	0.0	0.0	21	0.0	6.03	0	0.30864197530864196	0.0	0.0	0.0	0.0	0.0	0.0	0.0	0.0
3	0.0	0.0	33	0.0	15.8	0	0.013236267372600927	0.0	0.0	0.0	0.0	0.0	0.0	0.0	0.0
1	0.0	0.0	37	0.0	14.73	0	0.028768699654775607	0.0	0.0	0.0	0.0	0.0	0.0	0.0	0.0
0	0.0	0.0	15	0.0434782608695652	12.66	0	0.1404494382022472	0.0	0.0	0.0	0.0	0.0	0.0	0.0	0.0
4	0.0	0.0	33	0.0	14.93	0	0.0282326369282891	0.0	0.0	0.5	0.0	0.0	0.0	0.01411631846414455	0.024295432458697766
1	0.0	0.0	30	0.0	3.0	0	0.8474576271186441	0.0	0.0	0.5	0.0	0.0	0.0	1.6949152542372883	0.0
5	0.0	0.0	18	0.0	16.5	0	0.00825695648583932	0.0	0.0	0.0	0.0	0.0	0.0	0.0	0.0
3	0.0	0.0	38	0.0	13.77	0	0.12315270935960593	0.0	0.0	0.0	0.0	0.0	0.0	0.0	0.014740566037735848
3	0.0	0.0	37	0.0	10.87	0	0.058343057176196034	0.0	0.0	0.0	0.0	0.0	0.0	0.058343057176196034	0.0
3	0.0	0.0	44	0.032258064516129	21.85	0	0.0	0.15916325602546613	0.0	0.07142857142857142	0.0	0.0	0.0	0.02918004085205719	0.0
1	0.0	0.0	39	0.0	9.31	0	1.0135135135135136	0.0	0.0	0.0	0.0	0.0	0.0	0.0	0.0
2	0.0	0.0	36	0.0	15.7	0	0.0	0.01771793054571226	0.0	0.0	0.0	0.0	0.0	0.00785299198994817	0.0
0	0.4	0.6666666666666666	61	0.0	28.55	1	2.4115755627009645	0.2738892270237371	0.0	0.3076923076923077	0.0	0.0	0.0	1.8488745980707397	0.06086427267194157
0	0.0	0.0	49	0.2258064516129032	0.0	0	0.024330900243309	0.0	0.0	0.0	0.0	0.0	0.0	0.0	0.0
0	0.0	0.0	16	0.1304347826086956	0.0	0	0.3048780487804878	0.0	0.0	0.0	0.0	0.0	0.0	0.0	0.0
0	1.0	1.0	20	0.0	0.0	0	0.03457814661134163	0.0	0.0	0.0	0.0	0.0	0.0	0.017289073305670814	0.0
1	0.0	0.0	0	0.0	9.5	0	0.0	0.24096385542168672	0.0	0.0	0.0	0.0	0.0	0.0	0.0
0	0.0	0.0	6	0.1538461538461538	0.0	0	0.0	0.11389521640091117	0.0	0.75	0.0	0.0	0.0	0.0	0.0
1	0.0	0.0	0	0.0	17.26	0	0.0	0.0671591672263264	0.0	0.5	0.0	0.0	0.0	0.0	0.0
0	0.5	0.5	43	0.0	0.0	0	0.0368052999631947	0.0	0.0	0.5	0.0	0.0	0.0	0.0	0.0
1	0.0	0.0	20	0.0	15.54	0	0.0	0.022675736961451247	0.0	0.0	0.0	0.0	0.0	0.0	0.011337868480725623
0	0.0	0.0	1	0.0	35.9	0	0.06535947712418301	0.0	0.0	0.0	0.0	0.0	0.0	0.0	0.0
1	0.0	0.0	0	0.0	9.5	0	0.0	0.24630541871921185	0.0	0.0	0.0	0.0	0.0	0.0	0.0
4	0.0	0.0	1	0.1	16.89	0	0.0	0.04152823920265781	0.0	0.0	0.0	0.0	0.0	0.0	0.0
2	0.0	0.0	43	0.1111111111111111	6.24	0	0.0	0.390625	0.0	0.0	0.0	0.0	0.0	0.0	0.390625
3	0.0	0.0	14	0.0	16.54	0	0.0	0.014168319637291017	0.0	0.0	0.0	0.0	0.0	0.0	0.0
0	0.0	0.0	18	0.0	0.0	0	0.0	0.1524390243902439	0.0	0.0	0.0	0.0	0.0	0.0	0.0
1	0.0	0.0	0	0.0	16.44	0	0.0	0.08426966292134831	0.0	0.16666666666666666	0.0	0.0	0.0	0.0	0.0
2	0.0	0.0	0	0.0	16.73	0	0.0	0.09124087591240876	0.0	0.0	0.0	0.0	0.0	0.0	0.0
0	0.0	0.0	41	0.0	15.4	0	0.0	0.019398642095053348	0.0	0.0	0.0	0.0	0.0	0.0	0.0
6	0.0	0.0	1	0.0342857142857142	16.4	0	0.029137529137529136	0.0	0.0	0.0	0.0	0.0	0.0	0.0	0.0
1	1.0	0.0	46	0.0	15.0	0	0.0	0.10660980810234541	0.0	0.5	0.0	0.0	0.0	0.0	0.053304904051172705
0	0.0	0.0	1	0.0833333333333333	16.92	0	0.008017960230917255	0.0	0.0	0.0	0.0	0.0	0.0	0.0	0.0
2	1.0	0.0	66	0.0127388535031847	19.96	1	0.8980115458627326	0.0	0.0	0.4642857142857143	0.0	0.0	0.0	0.0	0.0
3	1.0	1.0	24	0.0597826086956521	19.73	0	0.10209290454313426	0.0	0.0	0.0	0.0	0.0	0.0	0.05104645227156713	0.0
2	0.0	0.0	0	0.0606060606060606	17.77	0	0.0	0.07604562737642585	0.0	0.0	0.0	0.0	0.0	0.0	0.0
1	0.0	0.0	0	0.0	17.26	0	0.0	0.49504950495049505	0.0	0.5	0.0	0.0	0.0	0.0	0.0
0	0.0	0.0	18	0.1111111111111111	0.0	0	0.035373187124159884	0.0	0.0	0.0	0.0	0.0	0.0	0.0	0.0
0	0.0	0.0	18	0.0	0.0	0	0.0	0.10298661174047373	0.0	0.0	0.0	0.0	0.0	0.0	0.0
0	0.0	0.0	16	0.0833333333333333	0.0	0	0.0	0.4098360655737705	0.0	0.0	0.0	0.0	0.0	0.0	0.0
3	1.0	0.0	50	0.0	21.42	1	0.14914243102162564	0.24250440917107585	0.06666666666666667	0.7333333333333333	0.02204585537918871	0.0	0.0	0.14914243102162564	0.0
2	0.0	0.0	12	0.0833333333333333	9.24	0	0.0	0.2242152466367713	0.0	3.0	0.0	0.0	0.0	0.0	0.0
0	1.0	1.0	43	0.0	0.0	1	6.32183908045977	0.0	0.0	0.5454545454545454	0.0	0.0	0.0	0.0	0.0
0	0.0	0.0	0	0.0	16.89	0	0.0	0.2857142857142857	0.0	0.0	0.0	0.0	0.0	0.0	0.0
2	1.0	1.0	42	0.0	8.52	0	0.05455537370430988	0.0	0.0	0.0	0.0	0.0	0.0	0.0	0.0
7	1.0	1.0	33	0.0097087378640776	28.65	0	0.058105752469494475	0.0	0.0	0.0	0.0	0.0	0.0	0.0	0.0
1	0.0	0.0	25	0.0	16.02	0	0.0	1.7857142857142856	0.0	0.5	0.0	0.0	0.0	0.0	1.7857142857142856
0	0.5	0.0	25	0.0	0.0	1	0.5813953488372093	0.0	0.0	1.0	0.0	0.0	0.0	0.29069767441860467	0.0
0	0.0	0.0	2	0.0	16.23	0	0.05896226415094339	0.0	0.0	0.0	0.0	0.0	0.0	0.0	0.0
3	0.0	0.0	42	0.0072463768115942	15.73	0	0.0	0.02507522567703109	0.0	0.0	0.0	0.0	0.0	0.0	0.0
1	0.0	0.0	35	0.0	5.1	0	0.3496503496503497	0.0	0.0	0.0	0.0	0.0	0.0	0.0	0.0
1	0.0	0.0	18	0.0	16.0	0	0.037965072133637055	0.0	0.0	0.0	0.0	0.0	0.0	0.0	0.0
2	0.0	0.0	23	0.0	8.01	0	0.2127659574468085	0.0	0.0	0.0	0.0	0.0	0.0	0.2127659574468085	0.0
0	0.0	0.0	16	0.0	16.33	0	0.0	0.02032520325203252	0.0	0.0	0.0	0.0	0.0	0.0	0.02032520325203252
1	0.0	0.0	18	0.2160804020100502	15.52	0	0.01889644746787604	0.0	0.0	0.0	0.0	0.0	0.0	0.0	0.0
1	0.0	0.0	0	0.2	16.55	0	0.0	0.6097560975609756	0.0	0.0	0.0	0.0	0.0	0.0	0.0
5	0.0	0.0	48	0.0	14.88	0	0.0	0.016778523489932886	0.0	0.0	0.0	0.0	0.0	0.0	0.008389261744966443
1	0.0	0.0	20	0.0238095238095238	15.77	0	0.03259452411994785	0.0	0.0	0.0	0.0	0.0	0.0	0.0	0.0
6	0.0	0.0	15	0.0	15.77	0	0.10090817356205853	0.0	0.0	0.0	0.0	0.0	0.0	0.0	0.0
2	0.0	0.0	14	0.0344827586206896	14.03	0	0.1044932079414838	0.0	0.0	0.0	0.0	0.0	0.0	0.0	0.0
3	0.0	0.0	49	0.0	8.59	0	0.06720430107526881	0.0	0.0	0.0	0.0	0.0	0.0	0.06720430107526881	0.07358351729212656
0	1.0	0.0	20	0.0	0.0	0	0.0	0.032992411745298586	0.0	0.0	0.0	0.0	0.0	0.0	0.0
1	0.0	0.0	37	0.0557491289198606	15.52	0	0.0	0.017577781683951486	0.0	0.0	0.0	0.0	0.0	0.0	0.017577781683951486
2	0.0	0.0	6	0.0	14.76	0	0.0	0.1694915254237288	0.0	0.0	0.0	0.0	0.0	0.0	0.0
0	0.0	0.6666666666666666	16	0.0	0.0	0	0.2570694087403599	0.0	0.0	0.0	0.0	0.0	0.0	0.0	0.0
0	0.0	0.0	19	0.0	0.0	0	0.10405827263267431	0.0	0.0	0.0	0.0	0.0	0.0	0.0	0.0
1	0.0	0.0	17	0.0	14.17	0	0.0	0.10288065843621398	0.0	0.0	0.0	0.0	0.0	0.0	0.10288065843621398
2	0.0	0.0	1	0.0	16.83	0	0.0	0.06896551724137931	0.0	0.0	0.0	0.0	0.0	0.0	0.0
6	0.0	0.0	39	0.0	15.6	0	0.0	0.009693679720822024	0.0	1.0	0.0	0.0	0.0	0.0	0.0
5	0.0	0.0	37	0.0526315789473684	6.31	0	0.2222222222222222	0.0	0.0	0.5	0.0	0.0	0.0	0.0	0.0
3	0.0	0.0	1	0.1596244131455399	16.28	0	0.0	0.026917900403768506	0.0	0.0	0.0	0.0	0.0	0.0	0.0
2	0.0	0.0	33	0.0	14.42	0	0.0	0.04764173415912339	0.0	0.0	0.0	0.0	0.0	0.0	0.04764173415912339
3	0.0	0.0	17	0.0	15.95	0	0.0	0.10141987829614606	0.0	0.0	0.0	0.0	0.0	0.0	0.0
4	0.0	0.0	42	0.0	13.58	0	0.04194630872483222	0.0	0.0	0.0	0.0	0.0	0.0	0.0	0.0
3	0.0	0.0	0	0.0	17.24	0	0.0	0.9090909090909092	0.0	0.0	0.0	0.0	0.0	0.0	0.0
1	0.0	0.0	36	0.0	14.05	0	0.0	0.09033423667570009	0.0	0.0	0.0	0.0	0.0	0.0	0.045167118337850046
6	0.0	0.0	58	0.0	14.13	0	0.025713551041398816	0.0	0.0	0.0	0.0	0.0	0.0	0.0	0.0
1	0.0	0.0	19	0.0588235294117647	4.0	0	0.2631578947368421	0.0	0.0	0.0	0.0	0.0	0.0	0.0	0.2604166666666667
1	0.0	0.0	0	0.0	9.5	0	0.0	0.18867924528301888	0.0	0.0	0.0	0.0	0.0	0.0	0.0
4	0.0	0.0	44	0.0	12.46	0	0.044169611307420496	0.0	0.0	1.0	0.0	0.0	0.0	0.0	0.0
1	0.0	0.0	29	0.0	4.87	0	1.7857142857142856	0.0	0.0	0.0	0.0	0.0	0.0	0.0	0.0
3	0.0	0.0	0	0.1428571428571428	16.57	0	0.0	0.026014568158168577	0.0	0.0	0.0	0.0	0.0	0.0	0.0
2	0.0	0.0	0	0.2	16.83	0	0.0	0.2531645569620253	0.0	0.0	0.0	0.0	0.0	0.0	0.0
0	0.0	1.0	15	0.2	0.0	0	0.18518518518518517	0.0	0.0	0.0	0.0	0.0	0.0	0.0	0.0
0	0.0	0.0	13	0.0	0.0	0	0.0	0.1392757660167131	0.0	0.0	0.0	0.0	0.0	0.0	0.0
0	0.0	1.0	17	0.0	0.0	0	0.12106537530266344	0.0	0.0	0.0	0.0	0.0	0.0	0.0	0.0
0	0.0	1.0	36	0.05	0.0	0	0.2777777777777778	0.0	0.0	0.0	0.0	0.0	0.0	0.0	0.0
1	0.0	0.0	0	0.0	16.23	0	0.0	0.023207240659085634	0.0	0.0	0.0	0.0	0.0	0.0	0.0
1	0.0	0.0	33	0.0	15.77	0	0.03800114003420103	0.0	0.0	0.5	0.0	0.0	0.0	0.0	0.0
3	0.0	0.0	15	0.1666666666666666	15.82	0	0.04570383912248629	0.0	0.0	0.0	0.0	0.0	0.0	0.0	0.0
1	0.0	0.0	0	0.0	17.3	0	0.07220216606498195	0.0	0.0	3.0	0.0	0.0	0.0	0.0	0.0
1	0.0	0.0	26	0.0	5.35	0	0.0	1.8867924528301885	0.0	0.0	0.0	0.0	0.0	0.0	0.0
2	0.0	0.0	31	0.0	8.9	0	0.0	0.1392757660167131	0.0	0.0	0.0	0.0	0.0	0.0	0.0
0	0.0	0.0	23	0.0428571428571428	0.0	1	0.0	0.4123711340206186	0.0	0.625	0.0	0.0	0.0	0.0	0.0
0	0.0	0.0	0	0.0	16.15	0	0.04244482173174873	0.0	0.0	0.0	0.0	0.0	0.0	0.0	0.0
1	0.0	0.0	54	0.0	9.5	0	0.048216007714561235	0.0	0.0	0.0	0.0	0.0	0.0	0.0	0.0
0	0.0	0.0	8	0.2631578947368421	0.0	0	0.25380710659898476	0.0	0.0	1.0	0.0	0.0	0.0	0.0	0.0
0	0.0	1.0	28	0.0	0.0	0	0.0	0.04217629692113032	0.0	0.0	0.0	0.0	0.0	0.0	0.0
4	0.0	0.0	33	0.0	15.82	0	0.0	0.02828054298642534	0.0	0.0	0.0	0.0	0.0	0.0	0.0
1	0.0	0.0	16	0.0	9.11	0	0.0	0.16666666666666666	0.0	0.0	0.0	0.0	0.0	0.0	0.0
7	0.0	1.0	31	0.0	14.41	0	0.0	0.08410428931875526	0.0	0.0	0.0	0.0	0.0	0.013520822065981613	0.0
3	0.0	0.0	30	0.0	15.17	0	0.027800945232137893	0.0	0.0	0.0	0.0	0.0	0.0	0.027800945232137893	0.0
2	0.0	0.0	1	0.0	16.24	0	0.1519756838905775	0.07849293563579278	0.0	0.0	0.0	0.0	0.0	0.0	0.0
3	0.0	0.0	15	0.0	12.69	0	0.1172332942555686	0.0	0.0	0.0	0.0	0.0	0.0	0.0	0.0
5	0.0	0.0	76	0.0	13.08	0	0.0	0.02598752598752599	0.0	0.0	0.0	0.0	0.0	0.0	0.0
2	0.0	0.0	60	0.0	13.11	0	0.0	0.026816840976133013	0.0	0.0	0.0	0.0	0.0	0.0	0.0
1	1.0	1.0	34	0.2030075187969924	25.1	0	0.03714710252600297	0.0	0.0	0.5	0.0	0.0	0.0	0.0	0.03351206434316354
1	0.0	0.0	0	0.0	17.26	0	0.0	0.5494505494505494	0.0	0.0	0.0	0.0	0.0	0.0	0.0
0	0.0	0.0	0	0.0467836257309941	16.67	0	0.05105948429920858	0.0	0.0	0.0	0.0	0.0	0.0	0.0	0.0
0	0.0	0.0	18	0.0	0.0	0	0.11286681715575622	0.0	0.0	0.0	0.0	0.0	0.0	0.0	0.0
1	0.0	0.0	26	0.0	9.5	0	0.23148148148148145	0.0	0.0	1.0	0.0	0.0	0.0	0.0	0.0
2	0.0	0.0	25	0.0	7.41	0	0.1529051987767584	0.0	0.0	0.5	0.0	0.0	0.0	0.0	0.0
0	1.0	1.0	63	0.0181818181818181	30.98	0	0.3361344537815126	0.0	0.0	0.0	0.0	0.0	0.0	0.0	0.0
2	0.0	0.0	43	0.0151515151515151	8.95	1	0.0	1.1335012594458438	0.0	0.8888888888888888	0.0	0.0	0.0	0.07558578987150416	0.8816120906801007
4	0.0	0.0	35	0.0	15.45	0	0.0	0.009444654325651681	0.0	0.0	0.0	0.0	0.0	0.0	0.0
1	0.0	0.0	0	0.0	9.5	0	0.0	0.2192982456140351	0.0	0.0	0.0	0.0	0.0	0.0	0.0
0	0.0	0.0	37	0.0	0.0	1	2.1739130434782608	0.0	0.0	1.0	0.0	0.0	0.0	0.0	0.0
1	0.0	0.0	20	0.0	15.6	0	0.03263707571801566	0.0	0.0	0.0	0.0	0.0	0.0	0.0	0.0
3	0.0	0.0	1	0.0	16.46	0	0.2777777777777778	0.0	0.0	0.0	0.0	0.0	0.0	0.0	0.0
0	1.0	1.0	20	0.1176470588235294	0.0	0	0.0	0.07485029940119761	0.0	1.0	0.0	0.0	0.0	0.0	0.0
1	0.0	0.0	24	0.0	13.76	0	0.07518796992481203	0.0	0.0	0.0	0.0	0.0	0.0	0.0	0.0
1	0.0	0.0	46	0.0	8.73	0	0.06765899864682003	0.0	0.0	0.0	0.0	0.0	0.0	0.06765899864682003	0.0
0	0.0	0.0	20	0.0	0.0	0	0.5263157894736842	0.0	0.0	0.0	0.0	0.0	0.0	0.5263157894736842	0.0
1	0.0	0.0	17	0.1	9.64	0	1.1173184357541899	0.0	0.0	0.0	0.0	0.0	0.0	0.0	0.0
8	0.0	0.0	18	0.0421052631578947	16.59	0	0.010577533319229955	0.0	0.0	2.0	0.0	0.0	0.0	0.0	0.0
9	1.0	1.0	27	0.3288590604026846	26.56	0	0.11160714285714285	0.0	0.0	0.0	0.0	0.0	0.0	0.0	0.0
1	0.0	0.0	0	0.0	9.5	0	0.0	0.10351966873706003	0.0	0.0	0.0	0.0	0.0	0.0	0.0
4	0.0	0.0	19	0.0378787878787878	16.43	0	0.018950161076369147	0.0	0.0	1.0	0.0	0.0	0.0	0.0	0.0
0	0.0	0.0	26	0.0	0.0	0	0.11737089201877934	0.0	0.0	0.0	0.0	0.0	0.0	0.0	0.0
0	1.0	0.5	20	0.0	27.94	0	0.0	0.15673981191222572	0.0	0.0	0.0	0.0	0.0	0.0	0.0
0	0.0	0.0	1	0.0	16.23	0	0.029594554601953243	0.0	0.0	0.0	0.0	0.0	0.0	0.0	0.0
1	0.0	0.0	43	0.0	5.5	0	0.5952380952380952	0.0	0.0	0.0	0.0	0.0	0.0	0.0	0.0
2	1.0	0.0	16	0.0	12.76	1	1.1764705882352942	0.0	0.0	0.5	0.0	0.0	0.0	0.0	0.0
0	0.0	0.0	28	0.0	14.85	0	0.0	0.10351966873706003	0.0	0.0	0.0	0.0	0.0	0.0	0.0
3	0.0	0.0	17	0.0476190476190476	14.21	0	0.11627906976744186	0.0	0.0	0.0	0.0	0.0	0.0	0.0	0.0
4	0.0	0.0	36	0.0	15.95	0	0.0	0.013457139012245996	0.0	0.0	0.0	0.0	0.0	0.0	0.006728569506122998
1	0.0	0.0	18	0.2882882882882883	16.32	0	0.011907597046915932	0.0	0.0	0.0	0.0	0.0	0.0	0.0	0.0
4	0.0	0.0	1	0.0930232558139534	16.24	0	0.15060240963855423	0.0	0.0	0.0	0.0	0.0	0.0	0.0	0.0
2	0.0	0.0	21	0.0	16.28	0	0.01874765654293213	0.0	0.0	0.0	0.0	0.0	0.0	0.0	0.0
0	0.0	0.0	28	0.1428571428571428	29.01	0	0.0	0.0682360968952576	0.0	0.0	0.0	0.0	0.0	0.0	0.0
2	1.0	1.0	25	0.0	22.05	0	0.0	0.027196083763937992	0.0	0.0	0.0	0.0	0.0	0.0	0.0
1	0.0	0.0	0	0.0	16.41	0	0.0	0.0676132521974307	0.0	0.0	0.0	0.0	0.0	0.0	0.0
1	0.0	0.0	39	0.0	13.9	0	0.0	0.04068348250610253	0.0	0.5	0.0	0.0	0.0	0.0	0.04068348250610253
8	0.0	0.0	16	0.0	15.79	0	0.0	0.0444247001332741	0.0	0.0	0.0	0.0	0.0	0.0	0.0
2	0.0	0.0	0	0.0	17.3	0	0.0	0.36496350364963503	0.0	0.0	0.0	0.0	0.0	0.0	0.0
1	0.0	0.0	0	0.0	9.5	0	0.0	0.1488095238095238	0.0	0.0	0.0	0.0	0.0	0.0	0.0
3	0.0	0.0	14	0.0405405405405405	16.22	0	0.0	0.03861003861003861	0.0	0.5	0.0	0.0	0.0	0.0	0.0
0	0.0	0.0	4	0.0714285714285714	16.32	0	0.0	0.1519756838905775	0.0	0.5	0.0	0.0	0.0	0.0	0.0
0	0.0	0.0	80	0.0118343195266272	8.41	0	0.0	0.040257648953301126	0.0	0.5	0.0	0.0	0.0	0.0	0.0
0	0.0	0.0	16	0.0	0.0	0	0.0	0.14836795252225518	0.0	0.0	0.0	0.0	0.0	0.0	0.0
2	0.0	0.0	0	0.0	27.74	0	0.0	0.25	0.0	0.0	0.0	0.0	0.0	0.0	0.0
1	0.0	0.0	0	0.0	16.62	0	0.0	0.17857142857142858	0.0	0.0	0.0	0.0	0.0	0.0	0.0
1	0.5	1.0	41	0.0	28.33	0	0.020116676725005028	0.0	0.0	0.0	0.0	0.0	0.0	0.015087507543753771	0.006223549912870301
5	0.0	0.0	38	0.1393442622950819	15.93	0	0.0	0.01478415138971023	0.0	1.0	0.0	0.0	0.0	0.0	0.0
0	0.0	0.0	41	0.0	13.04	0	0.0	0.027502750275027504	0.0	5.0	0.0	0.0	0.0	0.018733608092918696	0.0
1	0.0	0.0	17	0.0	13.27	0	0.17482517482517484	0.0	0.0	0.0	0.0	0.0	0.0	0.0	0.0
2	0.0	0.0	0	0.0	17.45	0	0.0	0.5952380952380952	0.0	0.0	0.0	0.0	0.0	0.0	0.0
0	0.0	0.0	21	0.0714285714285714	7.25	0	0.0	1.6666666666666667	0.0	0.0	0.0	0.0	0.0	0.0	0.0
3	0.0	0.0	45	0.0	13.62	0	0.0	0.06657789613848203	0.0	0.0	0.0	0.0	0.0	0.0	0.033288948069241014
1	0.0	0.0	16	0.0	15.89	0	0.03735524841240194	0.0	0.0	0.0	0.0	0.0	0.0	0.0	0.0
4	0.0	0.0	44	0.0	14.82	0	0.013721185510428101	0.0	0.0	0.0	0.0	0.0	0.0	0.0	0.0
8	0.0	0.0	38	0.0	16.05	0	0.0	0.019860973187686197	0.0	0.0	0.0	0.0	0.0	0.0	0.009930486593843098
1	0.0	0.0	1	0.0	16.12	0	0.034211426616489904	0.0	0.0	0.0	0.0	0.0	0.0	0.0	0.0
3	0.0	0.0	45	0.0251572327044025	14.06	0	0.0	0.03534817956875221	0.0	0.5	0.0	0.0	0.0	0.0	0.017674089784376106
0	0.0	0.0	8	0.0	0.0	0	0.0	0.5376344086021505	0.0	1.0	0.0	0.0	0.0	0.0	0.0
1	0.0	0.0	0	0.0	16.88	0	0.0	0.2066115702479339	0.0	0.0	0.0	0.0	0.0	0.0	0.0
2	0.0	0.0	0	0.0	16.78	0	0.0	0.09157509157509157	0.0	0.0	0.0	0.0	0.0	0.0	0.0
1	0.0	0.0	16	0.0	9.69	0	0.0	0.16778523489932887	0.0	0.0	0.0	0.0	0.0	0.0	0.0
3	0.0	0.0	15	0.1310344827586207	15.8	0	0.0	0.049212598425196846	0.0	0.0	0.0	0.0	0.0	0.0	0.0
3	0.0	0.0	17	0.0588235294117647	10.74	0	0.17301038062283736	0.0	0.0	0.0	0.0	0.0	0.0	0.0	0.0
1	0.0	0.0	51	0.0087336244541484	14.86	0	0.0	0.032970656116056714	0.0	0.5	0.0	0.0	0.0	0.0	0.0
1	0.0	0.0	0	0.0	16.3	0	0.0	0.14094432699083861	0.0	0.0	0.0	0.0	0.0	0.0	0.0
0	0.0	0.0	21	0.0	0.0	0	0.08547008547008547	0.0	0.0	0.0	0.0	0.0	0.0	0.042735042735042736	0.0
3	0.0	0.0	4	0.0	15.57	0	0.0	0.13513513513513511	0.0	0.0	0.0	0.0	0.0	0.0	0.0
0	0.0	0.0	35	0.0	14.47	0	0.0	0.032690421706440015	0.0	0.5	0.0	0.0	0.0	0.0	0.016345210853220007
3	0.0	0.0	39	0.0	14.62	0	0.05285412262156448	0.0	0.0	0.0	0.0	0.0	0.0	0.0	0.0
1	0.0	0.0	0	0.0	9.5	0	0.0	1.7241379310344829	0.0	0.0	0.0	0.0	0.0	0.0	0.0
4	1.0	1.0	2	0.0	20.44	0	0.0	0.12135922330097088	0.0	0.0	0.0	0.0	0.0	0.0	0.0
3	0.0	0.0	12	0.3272727272727272	16.15	0	0.11627906976744186	0.0	0.0	3.0	0.0	0.0	0.0	0.0	0.0
1	0.0	0.0	27	0.0	16.06	0	0.0	0.0282326369282891	0.0	0.0	0.0	0.0	0.0	0.0	0.0564652738565782
1	0.0	0.0	18	0.0	11.39	0	0.09900990099009901	0.0	0.0	0.0	0.0	0.0	0.0	0.0	0.0
5	0.0	0.0	46	0.0	15.16	0	0.0	0.015997440409534474	0.0	0.0	0.0	0.0	0.0	0.0	0.007998720204767237
1	0.0	0.0	0	0.0	16.59	0	0.0	0.4	0.0	0.0	0.0	0.0	0.0	0.0	0.0
3	1.0	1.0	44	0.0	20.61	0	0.0	0.08257638315441784	0.0	0.0	0.0	0.0	0.0	0.0	0.0
0	0.0	1.0	45	0.1428571428571428	9.58	1	0.4506269592476489	0.13392857142857142	0.0	0.6206896551724138	0.0	0.0	0.0	0.0	0.0
1	0.0	0.0	21	0.0	11.5	0	0.819672131147541	0.0	0.0	0.0	0.0	0.0	0.0	0.0	0.0
4	0.0	0.0	41	0.0	15.5	0	0.0	0.037341299477221805	0.0	0.0	0.0	0.0	0.0	0.0	0.018670649738610903
4	0.0	0.0	49	0.0	14.56	0	0.0	0.025412960609911054	0.0	0.0	0.0	0.0	0.0	0.0	0.0
8	0.0	0.0	18	0.0	15.9	0	0.013906271728549576	0.0	0.0	0.0	0.0	0.0	0.0	0.013906271728549576	0.0
4	0.0	0.0	1	0.0	16.64	0	0.030599755201958383	0.0	0.0	1.0	0.0	0.0	0.0	0.0	0.0
0	0.0	0.0	17	0.21739130434782603	0.0	0	0.0	0.12315270935960593	0.0	0.0	0.0	0.0	0.0	0.0	0.0
2	0.0	0.0	18	0.0	10.42	0	0.0	0.09017132551848513	0.0	0.0	0.0	0.0	0.0	0.0	0.0
1	0.0	0.0	0	0.0	10.0	0	0.0	0.5617977528089888	0.0	0.0	0.0	0.0	0.0	0.0	0.0
4	0.0	0.0	16	0.0	16.01	0	0.020889910173386254	0.0	0.0	0.0	0.0	0.0	0.0	0.0	0.0
1	0.0	0.0	0	0.027027027027027	9.5	0	0.0	0.07215007215007216	0.0	0.0	0.0	0.0	0.0	0.0	0.0
0	0.0	0.0	25	0.0	0.0	1	0.78125	1.0989010989010988	0.0	0.3333333333333333	0.0	0.0	0.0	0.0	0.5494505494505494
4	0.0	0.0	34	0.0	15.13	0	0.06958942240779402	0.0	0.0	0.0	0.0	0.0	0.0	0.0	0.0
0	0.0	0.0	17	0.0625	0.0	0	0.0	0.23584905660377356	0.0	0.0	0.0	0.0	0.0	0.0	0.23584905660377356
1	0.0	0.0	20	0.0	9.5	0	0.4672897196261682	0.0	0.0	0.0	0.0	0.0	0.0	0.0	0.0
9	0.0	0.0	69	0.0	14.36	0	0.0	0.02541942043721403	0.0	0.5	0.0	0.0	0.0	0.0	0.012709710218607015
3	0.0	0.0	19	0.0	6.78	0	0.9259259259259258	0.0	0.0	0.0	0.0	0.0	0.0	0.0	0.0
1	0.0	0.0	20	0.0	0.94	1	0.0	3.5087719298245617	0.0	0.5	0.0	0.0	0.0	0.0	0.0
1	0.0	0.0	23	0.0119760479041916	15.39	0	0.0	0.05643340857787811	0.0	0.0	0.0	0.0	0.0	0.0	0.05643340857787811
5	0.0	0.0	0	0.0588235294117647	16.5	0	0.0	0.15625	0.0	0.0	0.0	0.0	0.0	0.0	0.0
3	0.0	0.0	23	0.0	6.69	0	0.23809523809523808	0.0	0.0	0.0	0.0	0.0	0.0	0.0	0.0
1	0.0	0.0	29	0.0	10.83	0	0.16233766233766234	0.0	0.0	0.6666666666666666	0.0	0.0	0.0	0.05411255411255411	0.0
1	0.0	0.0	40	0.0	9.4	0	0.8733624454148472	0.0	0.0	0.0	0.0	0.0	0.0	0.0	0.0
2	0.5	0.5	20	0.0	15.73	1	0.0	0.2909090909090909	0.0	1.125	0.03636363636363636	0.03875968992248062	0.25	0.0	0.14545454545454545
9	0.0	0.0	40	0.0	15.5	0	0.020496003279360527	0.0	0.0	0.0	0.0	0.0	0.0	0.04099200655872105	0.009326618168252192
6	0.0	0.0	57	0.0	9.42	0	0.030525030525030528	0.0	0.0	1.0	0.0	0.0	0.0	0.0	0.0
1	0.0	0.0	0	0.0	9.5	0	0.0	0.30120481927710846	0.0	0.0	0.0	0.0	0.0	0.0	0.0
1	0.0	0.0	40	0.0	13.36	0	0.03627130939426913	0.0	0.0	0.0	0.0	0.0	0.0	0.03627130939426913	0.0
1	0.0	0.0	59	0.0	5.62	0	0.13123359580052493	0.0	0.0	0.5	0.0	0.0	0.0	0.0	0.0
1	0.0	0.0	2	0.0352941176470588	29.74	0	0.06203473945409429	0.0	0.0	0.0	0.0	0.0	0.0	0.0	0.0
7	0.0	0.0	46	0.0	15.14	0	0.010734220695577501	0.0	0.0	0.0	0.0	0.0	0.0	0.021468441391155002	0.0
1	0.0	0.0	0	0.0	10.0	0	0.0	0.5494505494505494	0.0	0.0	0.0	0.0	0.0	0.0	0.0
0	0.0	0.0	39	0.1103448275862069	0.0	1	0.4573170731707317	0.25906735751295334	0.0	0.4782608695652174	0.0	0.0	0.0	0.4573170731707317	0.1850481125092524
2	0.0	0.0	21	0.0	14.35	0	0.0	0.047528517110266164	0.0	0.0	0.0	0.0	0.0	0.0	0.047528517110266164
5	0.0	0.0	7	0.0	16.02	0	0.0	0.17921146953405018	0.0	0.0	0.0	0.0	0.0	0.0	0.0
4	0.0	0.0	2	0.0298507462686567	17.22	0	0.040257648953301126	0.0	0.0	0.0	0.0	0.0	0.0	0.0	0.0
0	0.0	0.0	39	0.0	15.14	0	0.012893243940175348	0.0	0.0	1.0	0.0	0.0	0.0	0.0	0.009600614439324117
0	0.0	0.0	0	0.0	16.3	0	0.0	0.011571395510298541	0.0	0.0	0.0	0.0	0.0	0.0	0.0
3	0.0	0.0	54	0.0	11.46	0	0.1072961373390558	0.0	0.0	0.0	0.0	0.0	0.0	0.0536480686695279	0.0
0	1.0	1.0	18	0.0840336134453781	0.0	0	0.0	0.054884742041712405	0.0	0.0	0.0	0.0	0.0	0.0	0.054884742041712405
2	0.0	0.0	0	0.0235294117647058	16.52	0	0.0	0.043802014892685065	0.0	2.0	0.0	0.0	0.0	0.0	0.0
1	0.0	0.0	28	0.0	21.82	1	0.6435643564356436	0.45676004872107184	0.0	0.6341463414634146	0.0	0.0	0.0	0.19801980198019803	0.0
2	0.0	0.0	17	0.0105820105820105	16.37	0	0.0	0.03177629488401652	0.0	0.0	0.0	0.0	0.0	0.0	0.0
1	1.0	0.0	17	0.0	24.0	0	0.0	0.0999000999000999	0.0	0.0	0.0	0.0	0.0	0.0	0.0999000999000999
3	1.0	0.5	52	0.0194174757281553	16.02	1	0.02702702702702703	0.7633587786259542	0.05263157894736842	1.0	0.04240882103477524	0.0	0.0	0.0	0.0
3	0.0	0.0	1	0.0	16.06	0	0.02969121140142518	0.0	0.0	0.5	0.0	0.0	0.0	0.0	0.0
1	0.0	0.0	29	0.0	15.97	0	0.00971628449280995	0.0	0.0	0.0	0.0	0.0	0.0	0.0	0.0
1	0.0	0.0	16	0.0	9.5	0	0.3048780487804878	0.0	0.0	0.5	0.0	0.0	0.0	0.0	0.0
5	0.0	0.0	48	0.0	15.08	0	0.0	0.021743857360295715	0.0	0.0	0.0	0.0	0.0	0.0	0.0
2	0.0	0.0	35	0.024793388429752	16.04	0	0.0	0.023169601482854497	0.0	0.0	0.0	0.0	0.0	0.0	0.0
1	0.0	0.0	36	0.0159574468085106	14.74	0	0.0	0.030184123151222455	0.0	0.5	0.0	0.0	0.0	0.0	0.0
0	0.0	1.0	25	0.0	0.0	0	0.0	0.10298661174047373	0.0	0.0	0.0	0.0	0.0	0.0	0.0
3	0.0	0.0	75	0.0	4.68	0	0.9615384615384615	0.0	0.0	0.0	0.0	0.0	0.0	0.0	0.0
1	0.0	0.0	0	0.0	17.55	0	0.0	0.8	0.0	0.0	0.0	0.0	0.0	0.0	0.0
4	0.0	0.0	35	0.0	15.59	0	0.0	0.03232062055591467	0.0	0.0	0.0	0.0	0.0	0.0	0.0
3	1.0	0.0	28	0.0	16.63	0	0.040766408479412965	0.0	0.0	0.0	0.0	0.0	0.0	0.0	0.0
1	0.0	0.0	24	0.0	16.01	0	0.035285815102328866	0.0	0.0	6.5	0.0	0.0	0.0	0.0	0.0
1	0.0	0.0	29	0.0135135135135135	7.0	0	0.03295978905735003	0.0	0.0	0.0	0.0	0.0	0.0	0.0	0.0
0	0.0	0.0	48	0.0	14.46	0	0.023342670401493928	0.0	0.0	0.0	0.0	0.0	0.0	0.011671335200746964	0.0
1	0.0	0.0	22	0.1428571428571428	5.63	0	0.47619047619047616	0.0	0.0	0.0	0.0	0.0	0.0	0.0	0.0
1	0.0	0.0	6	0.0	14.99	0	0.0	0.2604166666666667	0.0	1.0	0.0	0.0	0.0	0.0	0.0
1	0.0	0.0	35	0.0	5.26	0	0.6289308176100629	0.0	0.0	0.0	0.0	0.0	0.0	0.31446540880503143	0.0
2	0.0	0.0	0	0.0	16.47	0	0.0	0.35762181493071077	0.0	0.0	0.0	0.0	0.0	0.0	0.0
3	0.5	0.5	47	0.0	16.26	0	0.0	0.05238344683080147	0.0	0.0	0.0	0.0	0.0	0.019833399444664813	0.0
4	0.0	0.0	37	0.0460829493087557	14.93	0	0.032435939020434644	0.0	0.0	0.0	0.0	0.0	0.0	0.0	0.0
1	0.0	0.0	16	0.0119760479041916	31.14	0	0.0413564929693962	0.0	0.0	0.5	0.0	0.0	0.0	0.0	0.0
3	0.0	0.0	8	0.0	16.13	0	0.11507479861910243	0.0	0.0	2.0	0.0	0.0	0.0	0.0	0.0
4	0.0	0.0	34	0.017094017094017	13.42	0	0.0	0.03813882532418002	0.0	1.0	0.0	0.0	0.0	0.0	0.03813882532418002
3	0.0	0.0	45	0.0	6.57	0	0.2	0.0	0.0	0.0	0.0	0.0	0.0	0.0	0.0
7	0.0	0.0	41	0.0136986301369863	15.27	0	0.0	0.01595405232929164	0.0	0.0	0.0	0.0	0.0	0.0	0.0
3	0.0	0.0	3	0.0	16.22	0	0.0	0.0346860908775581	0.0	0.0	0.0	0.0	0.0	0.0	0.0
0	0.0	0.0	34	0.0	11.61	0	0.0	0.07267441860465117	0.0	0.0	0.0	0.0	0.0	0.02824858757062147	0.0
0	0.0	0.0	14	0.0	0.0	0	0.0	0.17482517482517484	0.0	0.0	0.0	0.0	0.0	0.0	0.0
1	0.0	0.0	27	0.0	7.98	1	0.13351134846461948	0.0	0.0	3.0	0.0	0.0	0.0	0.0	0.0
4	0.0	0.0	45	0.0	14.93	0	0.0	0.022366360993066426	0.0	0.0	0.0	0.0	0.0	0.023946360153256706	0.0
1	0.0	0.0	31	0.0	9.03	0	0.25380710659898476	0.0	0.0	0.0	0.0	0.0	0.0	0.0	0.0
4	0.0	0.0	48	0.0	16.11	0	0.010850694444444444	0.0	0.0	0.0	0.0	0.0	0.0	0.0	0.019700551615445233
2	0.0	1.0	26	0.0	13.22	0	0.034710170079833395	0.0	0.0	0.0	0.0	0.0	0.0	0.034710170079833395	0.0
2	0.0	0.0	18	0.0	8.85	0	0.17825311942959002	0.0	0.0	0.0	0.0	0.0	0.0	0.0	0.0
1	0.0	0.0	32	0.0	9.5	0	0.45454545454545453	0.0	0.0	0.0	0.0	0.0	0.0	0.0	0.0
1	0.5	1.0	0	0.1768292682926829	12.5	0	0.0823045267489712	0.0	0.0	0.0	0.0	0.0	0.0	0.0	0.0
3	0.0	0.0	45	0.0	13.14	0	0.0	0.09115770282588878	0.0	0.0	0.0	0.0	0.0	0.0	0.04557885141294439
3	0.0	0.0	37	0.0070921985815602	15.35	0	0.022163120567375887	0.0	0.0	0.0	0.0	0.0	0.0	0.0	0.0
1	0.0	0.0	21	0.1881188118811881	15.56	0	0.033079722130334104	0.0	0.0	0.0	0.0	0.0	0.0	0.0	0.0
8	0.0	0.0	66	0.0	13.98	0	0.022951572182694516	0.0	0.0	0.0	0.0	0.0	0.0	0.0	0.0
1	0.0	0.0	20	0.0	4.5	0	0.0	0.09960159362549802	0.0	0.5	0.0	0.0	0.0	0.0	0.0
13	0.0	0.0	49	0.0470588235294117	15.06	0	0.025974025974025976	0.0	0.0	3.0	0.0	0.0	0.0	0.0	0.0
8	0.0	0.0	0	0.3154362416107382	17.37	0	0.0	0.05649717514124294	0.0	2.0	0.0	0.0	0.0	0.0	0.0
1	0.0	0.0	0	0.0	13.73	0	0.0	1.5625	0.0	1.0	0.0	0.0	0.0	0.0	0.0
4	0.0	0.0	0	0.037037037037037	16.28	0	0.0	0.02697599136768276	0.0	0.0	0.0	0.0	0.0	0.0	0.0
0	0.0	0.0	21	0.0285714285714285	0.0	0	0.2222222222222222	0.0	0.0	0.0	0.0	0.0	0.0	0.0	0.0
4	0.0	0.0	0	0.0	9.69	0	0.0	1.2048192771084338	0.0	0.0	0.0	0.0	0.0	0.0	0.0
1	0.0	0.0	19	0.0	9.5	0	0.9433962264150942	0.0	0.0	0.0	0.0	0.0	0.0	0.0	0.0
2	0.0	0.0	19	0.0	29.93	0	1.1627906976744187	0.0	0.0	0.0	0.0	0.0	0.0	0.0	0.0
0	0.0	0.0	39	0.0	15.25	0	0.023009664058904738	0.0	0.0	0.5	0.0	0.0	0.0	0.011504832029452369	0.012703252032520325
0	0.0	0.0	11	0.3	0.0	0	0.0	25.0	0.0	1.0	0.0	0.0	0.0	0.0	0.0
3	0.0	0.0	20	0.0	8.23	0	0.15432098765432098	0.0	0.0	0.5	0.0	0.0	0.0	0.0	0.0
6	0.0	0.0	56	0.1176470588235294	5.35	0	0.5154639175257733	0.0	0.0	0.5	0.0	0.0	0.0	0.0	0.0
3	0.0	0.0	16	0.0784313725490196	14.62	0	0.0876424189307625	0.0	0.0	0.0	0.0	0.0	0.0	0.0	0.0
3	0.0	0.0	49	0.0	10.35	0	0.0	0.06234413965087282	0.0	0.0	0.0	0.0	0.0	0.024119633381572598	0.03117206982543641
2	0.0	0.0	0	0.0564971751412429	37.57	0	0.0	0.023084025854108955	0.0	0.0	0.0	0.0	0.0	0.0	0.0
2	1.0	1.0	49	0.0	16.8	0	0.0	0.022060445621001547	0.0	0.0	0.0	0.0	0.0	0.0	0.0
2	0.0	0.0	19	0.0	5.62	0	0.0	0.8474576271186441	0.0	0.0	0.0	0.0	0.0	0.4132231404958678	0.0
1	1.0	1.0	19	0.0	20.0	0	0.07733952049497293	0.0	0.0	0.0	0.0	0.0	0.0	0.07733952049497293	0.0
7	0.0	0.0	42	0.0	15.42	0	0.0	0.023234200743494426	0.0	0.5	0.0	0.0	0.0	0.0	0.023234200743494426
2	0.0	0.0	51	0.0248447204968944	12.82	0	0.029850746268656716	0.0	0.0	0.5	0.0	0.0	0.0	0.029850746268656716	0.0
4	0.0	0.0	47	0.0	13.74	0	0.043898156277436345	0.0	0.0	0.0	0.0	0.0	0.0	0.0	0.0
0	1.0	0.0	43	0.0	0.0	0	0.0	0.3623188405797102	0.0	0.0	0.0	0.0	0.0	0.0	0.0
6	0.0	0.0	44	0.2116402116402116	13.67	0	0.019193857965451054	0.0	0.0	0.0	0.0	0.0	0.0	0.03838771593090211	0.0
1	0.0	0.0	21	0.0	9.56	0	0.0	0.1639344262295082	0.0	0.0	0.0	0.0	0.0	0.0	0.1639344262295082
3	0.0	0.0	44	0.0125	13.82	0	0.031505986137366104	0.0	0.0	0.0	0.0	0.0	0.0	0.0	0.0
4	0.0	0.0	32	0.0777777777777777	14.35	0	0.0	0.037257824143070044	0.0	0.0	0.0	0.0	0.0	0.022153300841825433	0.0
0	0.0	0.0	9	0.0	0.0	1	6.25	0.0	0.0	1.0	0.0	0.0	0.0	0.0	0.0
0	0.0	0.0	24	0.3090909090909091	12.6	1	0.0	0.076103500761035	0.0	2.0	0.0	0.0	0.0	0.0	0.0
0	0.0	0.0	44	0.0	0.0	0	0.11641443538998836	0.0	0.0	0.0	0.0	0.0	0.0	0.0	0.0
4	0.0	0.0	15	0.0	7.91	0	0.22624434389140272	0.0	0.0	1.0	0.0	0.0	0.0	0.0	0.0
3	0.0	0.0	32	0.1353711790393013	15.22	0	0.02918004085205719	0.0	0.0	0.0	0.0	0.0	0.0	0.014590020426028595	0.0
0	0.0	0.0	21	0.0	14.11	0	0.07342143906020558	0.0	0.0	0.0	0.0	0.0	0.0	0.07342143906020558	0.0
0	0.0	0.0	17	0.0	0.0	0	0.0	1.4705882352941175	0.0	0.0	0.0	0.0	0.0	0.0	0.0
0	0.0	0.0	43	0.1193181818181818	14.27	0	0.027314941272876262	0.0	0.0	0.0	0.0	0.0	0.0	0.0	0.0
1	0.0	0.0	39	0.0	15.18	0	0.02439619419370578	0.0	0.0	0.0	0.0	0.0	0.0	0.02439619419370578	0.0
3	0.0	0.0	0	0.3865030674846625	27.89	0	0.0	0.08583690987124463	0.0	0.0	0.0	0.0	0.0	0.0	0.0
2	0.0	0.0	20	0.0235294117647058	15.64	0	0.037037037037037035	0.0	0.0	0.0	0.0	0.0	0.0	0.0	0.0
2	0.0	0.0	42	0.0	15.92	0	0.0	0.024563989191844757	0.0	1.0	0.0	0.0	0.0	0.0	0.012281994595922378
4	0.0	0.0	1	0.0	16.23	0	0.0	0.028288543140028287	0.0	0.0	0.0	0.0	0.0	0.0	0.0
3	0.0	0.0	23	0.0	16.36	0	0.0	0.13464991023339318	0.0	0.0	0.0	0.0	0.0	0.0	0.0
1	0.0	0.0	0	0.2222222222222222	17.24	0	0.0	0.4807692307692307	0.0	0.0	0.0	0.0	0.0	0.0	0.0
1	0.0	0.0	15	0.0	16.28	0	0.0	0.03541076487252125	0.0	0.0	0.0	0.0	0.0	0.0	0.03541076487252125
1	0.0	0.0	40	0.0	6.24	0	0.45248868778280543	0.0	0.0	0.5	0.0	0.0	0.0	0.22624434389140272	0.0
3	0.5	1.0	60	0.2912621359223301	7.54	0	0.06112469437652812	0.0	0.0	0.0	0.0	0.0	0.0	0.0	0.0
1	0.0	0.5	28	0.0	20.0	0	0.10706638115631692	0.0	0.0	0.0	0.0	0.0	0.0	0.0	0.0
0	0.0	0.0	20	0.0	0.0	0	0.22624434389140272	0.0	0.0	1.0	0.0	0.0	0.0	0.0	0.0
3	0.0	0.0	22	0.0	12.01	0	0.11061946902654868	0.0	0.0	0.0	0.0	0.0	0.0	0.0	0.0
3	0.0	0.0	33	0.0	12.82	0	0.08025682182985554	0.0	0.0	0.0	0.0	0.0	0.0	0.0	0.0
2	0.0	0.0	37	0.0	11.02	0	0.0	0.08223684210526316	0.0	0.0	0.0	0.0	0.0	0.0	0.0
1	0.0	0.0	22	0.0	5.86	0	0.4424778761061947	0.0	0.0	0.0	0.0	0.0	0.0	0.0	0.0
1	0.0	0.0	0	0.0	16.01	0	0.0	0.03457814661134163	0.0	0.0	0.0	0.0	0.0	0.0	0.0
3	0.0	0.0	0	0.0	16.27	0	0.044365572315882874	0.0	0.0	0.0	0.0	0.0	0.0	0.0	0.0
0	0.0	0.0	21	0.0	0.0	0	0.13333333333333333	0.0	0.0	0.0	0.0	0.0	0.0	0.13333333333333333	0.0
1	0.0	0.0	33	0.0707964601769911	15.27	0	0.027979854504756575	0.0	0.0	1.0	0.0	0.0	0.0	0.0	0.0
0	0.0	0.0	30	0.0434782608695652	11.67	0	0.0	0.07451564828614009	0.0	0.0	0.0	0.0	0.0	0.0	0.07451564828614009
5	0.0	0.0	0	0.0072202166064981	16.27	0	0.0	0.019573302016050106	0.0	0.5	0.0	0.0	0.0	0.0	0.0
0	1.0	1.0	2	0.1551724137931034	16.97	0	0.0	0.18761726078799248	0.0	0.5	0.0	0.0	0.0	0.0	0.0
4	0.0	0.0	30	0.0	15.12	0	0.0	0.041407867494824016	0.0	0.0	0.0	0.0	0.0	0.0	0.0
2	0.0	0.0	0	0.1458333333333333	16.74	0	0.029163021289005542	0.0	0.0	1.5	0.0	0.0	0.0	0.0	0.0
1	0.0	0.0	25	0.0150943396226415	16.3	0	0.01644195988161789	0.0	0.0	0.0	0.0	0.0	0.0	0.0	0.0
6	0.0	0.0	1	0.0	16.76	0	0.0	0.0931098696461825	0.0	0.0	0.0	0.0	0.0	0.0	0.0
4	1.0	0.5	52	0.0492957746478873	30.92	0	0.08012820512820512	0.0	0.0	0.0	0.0	0.0	0.0	0.0	0.0
3	0.0	0.0	25	0.0210526315789473	13.6	0	0.0	0.03599712023038157	0.0	0.0	0.0	0.0	0.0	0.0	0.0
0	0.0	0.0	41	0.0769230769230769	0.0	0	0.0	0.2	0.0	0.0	0.0	0.0	0.0	0.0	0.1
1	0.0	0.0	1	0.0553633217993079	16.08	0	0.037565740045078885	0.0	0.0	0.0	0.0	0.0	0.0	0.0	0.0
2	0.0	0.0	31	0.0198019801980198	13.7	0	0.0	0.05104645227156713	0.0	0.5	0.0	0.0	0.0	0.0	0.05104645227156713
1	0.0	0.0	37	0.1203703703703703	15.11	0	0.032701111837802485	0.0	0.0	0.0	0.0	0.0	0.0	0.0	0.0
1	0.0	0.0	20	0.0	12.5	0	0.16835016835016833	0.0	0.0	0.0	0.0	0.0	0.0	0.16835016835016833	0.0
1	0.0	0.0	0	0.0	9.5	0	0.0	0.3225806451612903	0.0	0.5	0.0	0.0	0.0	0.0	0.0
1	0.0	0.0	15	0.0	8.55	0	0.47619047619047616	0.0	0.0	0.0	0.0	0.0	0.0	0.0	0.0
2	0.0	0.0	19	0.0	16.75	0	0.07215007215007216	0.0	0.0	0.5	0.0	0.0	0.0	0.07215007215007216	0.0
1	0.0	0.0	16	0.0	7.75	0	0.25252525252525254	0.0	0.0	0.0	0.0	0.0	0.0	0.0	0.0
1	0.0	0.0	2	0.0	16.54	0	0.0	0.3048780487804878	0.0	1.0	0.0	0.0	0.0	0.0	0.0
5	0.0	0.0	6	0.0	14.48	0	0.4132231404958678	0.0	0.0	0.0	0.0	0.0	0.0	0.0	0.0
1	0.0	0.0	30	0.0	2.36	0	0.29069767441860467	0.0	0.0	0.0	0.0	0.0	0.0	0.14534883720930233	0.09328358208955223
1	0.0	0.0	26	0.0101522842639593	15.34	0	0.031007751937984496	0.0	0.0	0.0	0.0	0.0	0.0	0.0	0.0
4	0.0	0.0	27	0.0	16.22	0	0.0	0.015762925598991173	0.0	0.5	0.0	0.0	0.0	0.0	0.015762925598991173
0	0.0	0.0	29	0.3928571428571428	0.0	0	0.03455425017277125	0.0	0.0	2.0	0.0	0.0	0.0	0.03455425017277125	0.0
2	0.0	0.0	7	0.0	13.76	0	0.2617801047120419	0.0	0.0	0.0	0.0	0.0	0.0	0.0	0.0
2	0.0	0.0	18	0.0	7.76	0	0.4098360655737705	0.0	0.0	0.5	0.0	0.0	0.0	0.0	0.0
2	0.0	0.0	38	0.0222222222222222	21.75	0	0.0	0.033046926635822864	0.0	0.5	0.0	0.0	0.0	0.0	0.0
0	0.0	0.0	47	0.0227272727272727	18.11	1	0.3144654088050315	0.10775862068965518	0.0	0.35714285714285715	0.0	0.0	0.0	0.052410901467505246	0.0
4	0.0	0.0	31	0.0416666666666666	9.1	0	0.0	0.0782472613458529	0.0	0.0	0.0	0.0	0.0	0.08250825082508251	0.0
4	0.3333333333333333	0.5	42	0.0	25.69	0	0.106439595529537	0.0	0.0	0.0	0.0	0.0	0.0	0.106439595529537	0.0
0	0.0	0.0	16	0.0	0.0	0	0.15015015015015015	0.0	0.0	0.0	0.0	0.0	0.0	0.0	0.0
4	0.0	0.0	0	0.0	16.61	0	0.0	0.008239947264337508	0.0	1.0	0.0	0.0	0.0	0.0	0.0
1	0.0	0.0	20	0.0	8.62	0	0.33444816053511706	0.0	0.0	0.0	0.0	0.0	0.0	0.0	0.0
1	0.0	0.0	19	0.0	11.5	0	0.5434782608695652	0.0	0.0	0.0	0.0	0.0	0.0	0.0	0.0
2	1.0	0.0	58	0.1176470588235294	6.48	1	1.023890784982935	0.26666666666666666	0.0	0.25	0.13333333333333333	0.0	0.0	0.0	0.13333333333333333
4	0.0	0.0	38	0.0	15.28	0	0.022568269013766643	0.0	0.0	0.5	0.0	0.0	0.0	0.022568269013766643	0.06300403225806452
2	0.0	0.0	40	0.0	4.83	1	0.0	2.941176470588235	0.0	1.0	0.0	0.0	0.0	0.0	2.941176470588235
0	0.0	0.0	20	0.0	7.77	0	0.0	0.23809523809523808	0.0	0.0	0.0	0.0	0.0	0.0	0.0
2	0.0	0.0	43	0.0	13.78	0	0.03257328990228013	0.0	0.0	0.0	0.0	0.0	0.0	0.0	0.0
3	0.0	0.0	35	0.0	6.07	0	0.29411764705882354	0.0	0.0	0.5	0.0	0.0	0.0	0.0	0.0
2	0.0	0.0	19	0.0	9.93	0	0.0	0.0586166471277843	0.0	0.0	0.0	0.0	0.0	0.0	0.0
1	0.0	0.0	0	0.0	9.5	0	0.0	0.09107468123861566	0.0	0.5	0.0	0.0	0.0	0.0	0.0
5	0.0	0.0	4	0.0	13.87	0	0.0	0.7936507936507936	0.0	0.0	0.0	0.0	0.0	0.0	0.0
1	0.0	1.0	51	0.0	0.36	1	3.0054644808743167	0.0	0.0	1.0909090909090908	0.0	0.0	0.0	0.0	0.12531328320802004
4	0.0	0.0	55	0.0	5.94	0	0.5102040816326531	0.0	0.0	0.0	0.0	0.0	0.0	0.0	0.0
2	0.0	0.0	41	0.2337662337662337	15.44	0	0.00909090909090909	0.0	0.0	0.0	0.0	0.0	0.0	0.0	0.0
1	0.0	0.0	0	0.0	38.81	0	0.0	0.040032025620496396	0.0	0.0	0.0	0.0	0.0	0.0	0.0
1	0.0	0.0	37	0.1666666666666666	21.68	0	2.0408163265306123	0.0	0.0	0.0	0.0	0.0	0.0	0.0	0.0
4	0.0	0.0	0	0.0091324200913242	16.32	0	0.0	0.005201831044527674	0.0	0.0	0.0	0.0	0.0	0.0	0.0
3	0.0	0.0	17	0.0	14.12	0	0.08333333333333333	0.0	0.0	0.0	0.0	0.0	0.0	0.0	0.0
0	1.0	0.0	15	0.0	0.0	0	0.0	0.2053388090349076	0.0	0.0	0.0	0.0	0.0	0.0	0.0
1	0.0	0.0	0	0.0	17.36	0	0.0	0.5434782608695652	0.0	0.0	0.0	0.0	0.0	0.0	0.0
1	0.0	0.0	7	0.0368098159509202	17.17	0	0.1244296972210701	0.0	0.0	1.6666666666666667	0.0	0.0	0.0	0.0	0.0
1	0.0	0.0	50	0.0	9.8	0	1.6666666666666665	0.0	0.0	0.0	0.0	0.0	0.0	0.0	0.0
4	0.0	0.0	39	0.0	16.05	0	0.0	0.020652622883106153	0.0	0.0	0.0	0.0	0.0	0.0	0.0
0	0.0	0.0	18	0.0	0.0	1	50.0	0.0	0.0	1.0	0.0	0.0	0.0	0.0	0.0
2	0.0	0.0	0	0.0086206896551724	16.61	0	0.0	0.02976190476190476	0.0	0.0	0.0	0.0	0.0	0.0	0.0
1	0.0	0.0	0	0.0	10.5	0	0.0	0.6493506493506493	0.0	0.0	0.0	0.0	0.0	0.0	0.0
1	0.0	0.0	0	0.0	16.86	0	0.0	0.30120481927710846	0.0	0.0	0.0	0.0	0.0	0.0	0.0
0	0.0	0.0	16	0.0	0.0	0	0.0	0.07246376811594203	0.0	0.0	0.0	0.0	0.0	0.0	0.0
2	0.0	0.0	1	0.1666666666666666	16.98	0	0.0	0.33783783783783783	0.0	0.5	0.0	0.0	0.0	0.0	0.0
7	0.0	0.0	61	0.0	13.65	0	0.02680965147453083	0.0	0.0	0.0	0.0	0.0	0.0	0.0	0.0
2	0.0	0.0	41	0.0422077922077922	15.63	0	0.01773049645390071	0.0	0.0	2.0	0.0	0.0	0.0	0.0	0.0
2	0.0	0.0	65	0.0	16.55	0	0.05506607929515418	0.0	0.0	0.0	0.0	0.0	0.0	0.0	0.0
3	0.5	1.0	2	0.1413043478260869	21.51	0	0.0	0.06915629322268325	0.0	0.5	0.0	0.0	0.0	0.0	0.0
3	0.0	0.0	0	0.0	16.32	0	0.0	0.05370569280343716	0.0	0.0	0.0	0.0	0.0	0.0	0.0
0	0.0	0.0	43	0.0	0.0	1	0.5587840858292356	0.17738359201773835	0.0	0.48484848484848486	0.0	0.0	0.0	0.0	0.13303769401330376
0	0.0	0.0	23	0.0	0.0	0	2.5	0.0	0.0	0.0	0.0	0.0	0.0	0.0	0.0
1	0.0	0.0	0	0.0266666666666666	10.5	0	0.0	0.09233610341643582	0.0	0.5	0.0	0.0	0.0	0.0	0.0
5	0.0	0.0	46	0.0	12.53	0	0.0	0.03273322422258593	0.0	0.0	0.0	0.0	0.0	0.0	0.0
0	0.0	1.0	40	0.0	11.73	1	0.48176187198898834	0.5494505494505495	0.0625	0.6875	0.0	0.0	0.0	0.13764624913971094	0.0
2	0.0	0.0	14	0.0	9.44	0	0.30303030303030304	0.0	0.0	0.5	0.0	0.0	0.0	0.0	0.0
2	0.0	0.0	1	0.0	16.81	0	0.14836795252225518	0.0	0.0	0.0	0.0	0.0	0.0	0.0	0.0
0	0.0	0.0	20	0.0	0.0	0	0.0	0.8620689655172414	0.0	0.0	0.0	0.0	0.0	0.0	0.0
2	0.0	0.0	22	0.0	16.12	0	0.0	0.01887504718761797	0.0	0.0	0.0	0.0	0.0	0.0	0.01887504718761797
0	0.0	0.0	16	0.1111111111111111	0.0	0	16.666666666666668	0.0	0.0	0.0	0.0	0.0	0.0	0.0	0.0
2	0.0	0.0	25	0.0	15.56	0	0.0	0.03843197540353574	0.0	0.0	0.0	0.0	0.0	0.0	0.0
1	0.0	0.0	0	0.0	9.5	0	0.0	2.7777777777777777	0.0	0.1	0.0	0.0	0.0	0.0	0.0
0	0.0	0.0	21	0.0	6.23	0	0.0	0.390625	0.0	1.0	0.0	0.0	0.0	0.0	0.390625
2	0.0	0.0	20	0.0821917808219178	16.25	0	0.0	0.02133560913164071	0.0	0.0	0.0	0.0	0.0	0.0	0.0
2	0.0	0.0	34	0.0	9.47	0	0.25	0.0	0.0	0.0	0.0	0.0	0.0	0.125	0.0
2	0.0	0.0	0	0.0	17.27	0	0.0	1.595744680851064	0.0	0.0	0.0	0.0	0.0	0.0	0.0
5	0.0	0.0	38	0.0237154150197628	15.78	0	0.0	0.0463821892393321	0.0	0.0	0.0	0.0	0.0	0.0	0.02319109461966605
0	0.0	0.0	39	0.3846153846153846	0.0	0	0.0	0.4273504273504274	0.0	0.0	0.0	0.0	0.0	0.0	0.2136752136752137
1	0.0	0.0	2	0.0	16.49	0	0.0	0.7692307692307692	0.0	1.0	0.0	0.0	0.0	0.0	0.0
1	0.0	0.0	28	0.03125	10.98	1	0.0	1.046337817638266	0.0	0.7142857142857143	0.0	0.0	0.0	0.0	0.0
3	0.0	0.0	41	0.2272727272727272	30.73	0	0.3460207612456747	0.0	0.0	0.0	0.0	0.0	0.0	0.0	0.0
0	0.0	0.0	15	0.0225563909774436	16.29	0	0.017806267806267807	0.0	0.0	0.0	0.0	0.0	0.0	0.0	0.0
6	0.0	0.0	46	0.0	19.21	0	0.0292141396435875	0.0	0.0	0.0	0.0	0.0	0.0	0.0	0.0
3	0.0	0.0	48	0.0	11.98	0	0.03901677721420211	0.0	0.0	0.5	0.0	0.0	0.0	0.0	0.0
0	0.0	0.0	3	0.0	16.32	0	0.015384615384615385	0.0	0.0	0.0	0.0	0.0	0.0	0.0	0.0
2	0.0	0.5	33	0.0	13.83	0	0.14258555133079848	0.0	0.0	0.0	0.0	0.0	0.0	0.0	0.0
2	0.0	0.0	0	0.0	16.06	0	0.0	0.03225806451612903	0.0	0.0	0.0	0.0	0.0	0.0	0.0
7	0.0	0.0	60	0.0	15.21	0	0.014384349827387804	0.0	0.0	0.0	0.0	0.0	0.0	0.0	0.0
8	0.0	0.0	37	0.0505050505050505	15.27	0	0.02293052052281587	0.0	0.0	0.0	0.0	0.0	0.0	0.0	0.013594344752582924
1	0.0	0.0	48	0.0	7.66	0	0.0835421888053467	0.0	0.0	0.0	0.0	0.0	0.0	0.0	0.0
2	0.0	0.0	0	0.1261261261261261	16.11	0	0.0	0.02004008016032064	0.0	0.0	0.0	0.0	0.0	0.0	0.0
1	0.0	0.0	15	0.0	14.77	0	0.08156606851549755	0.0	0.0	0.0	0.0	0.0	0.0	0.0	0.0
2	0.0	0.0	48	0.0	15.15	0	0.017866714311238163	0.0	0.0	0.0	0.0	0.0	0.0	0.017866714311238163	0.0
0	0.0	0.0	0	0.0	16.74	0	0.0	0.03114294612270321	0.0	0.0	0.0	0.0	0.0	0.0	0.0
1	0.0	0.0	48	0.0	10.96	0	0.0	0.04549590536851683	0.0	0.0	0.0	0.0	0.0	0.0	0.04549590536851683
4	0.0	0.0	4	0.0112676056338028	16.49	0	0.0	0.017421602787456445	0.0	0.0	0.0	0.0	0.0	0.0	0.0
1	0.0	0.0	0	0.0	16.61	0	0.0	0.18181818181818182	0.0	0.0	0.0	0.0	0.0	0.0	0.0
1	0.0	0.0	24	0.0	4.96	0	0.5882352941176471	0.0	0.0	0.0	0.0	0.0	0.0	0.5882352941176471	0.0
1	0.0	1.0	1	0.0	21.0	0	0.025523226135783564	0.0	0.0	0.0	0.0	0.0	0.0	0.0	0.0
2	1.0	0.0	19	0.0	47.86	0	0.0	0.1227495908346972	0.0	0.0	0.0	0.0	0.0	0.0	0.0
4	0.0	0.0	21	0.0	10.38	0	0.13089005235602094	0.0	0.0	0.5	0.0	0.0	0.0	0.0	0.0
3	0.0	0.0	15	0.0612244897959183	14.48	0	0.1984126984126984	0.0	0.0	0.0	0.0	0.0	0.0	0.0	0.0
1	0.0	0.0	17	0.0	9.5	0	0.5208333333333334	0.0	0.0	0.0	0.0	0.0	0.0	0.5208333333333334	0.0
3	0.0	0.0	23	0.0	14.63	0	0.0	0.10845986984815617	0.0	0.0	0.0	0.0	0.0	0.0	0.0
1	0.0	0.0	34	0.0	14.5	0	0.0	0.02193944712593243	0.0	0.0	0.0	0.0	0.0	0.0	0.010969723562966214
1	1.0	1.0	47	0.0828402366863905	4.9	0	0.053323853537148955	0.0	0.0	0.0	0.0	0.0	0.0	0.0	0.0
0	0.0	0.0	0	0.0	26.08	0	0.0	0.18450184501845018	0.0	0.0	0.0	0.0	0.0	0.0	0.0
0	0.0	0.0	15	0.0	0.0	0	0.0	0.07575757575757576	0.0	0.0	0.0	0.0	0.0	0.0	0.07575757575757576
0	0.0	0.0	15	0.0	0.0	0	0.42372881355932207	0.0	0.0	0.5	0.0	0.0	0.0	0.42372881355932207	0.0
1	0.0	0.0	15	0.0	16.04	0	0.02901915264074289	0.027972027972027972	0.0	0.0	0.0	0.0	0.0	0.0	0.0
1	0.0	0.0	14	0.0	16.02	0	0.0	0.02853881278538813	0.0	0.0	0.0	0.0	0.0	0.0	0.0
2	0.0	0.0	15	0.0	15.64	1	0.0	0.4677268475210477	0.0	1.6	0.0	0.0	0.0	0.0	0.23386342376052385
1	0.0	0.0	0	0.0	9.5	0	0.0	0.25	0.0	0.5	0.0	0.0	0.0	0.0	0.0
2	0.0	0.0	37	0.0	14.27	0	0.0	0.04019292604501608	0.0	0.0	0.0	0.0	0.0	0.0	0.0
1	0.0	0.0	30	0.075187969924812	15.2	1	1.596351197263398	0.038299502106472615	0.0	0.8	0.0	0.0	0.0	0.0	0.0
3	0.6666666666666666	0.0	39	0.0	11.28	0	0.0	0.03323363243602526	0.0	0.0	0.0	0.0	0.0	0.0	0.0
1	0.0	0.0	67	0.0064935064935064	14.24	0	0.0	0.021949078138718173	0.0	0.0	0.0	0.0	0.0	0.0	0.0
0	0.0	0.0	23	0.0	0.0	0	0.0	0.03429355281207133	0.0	0.5	0.0	0.0	0.0	0.0	0.0
1	0.0	0.0	20	0.0	18.5	0	0.0	0.08733624454148473	0.0	0.5	0.0	0.0	0.0	0.0	0.0
0	0.0	0.0	16	0.0	0.0	1	4.444444444444445	0.0	0.0	0.875	0.0	0.0	0.0	0.0	0.0
3	0.0	0.0	45	0.0	16.47	0	0.0	0.0154320987654321	0.0	0.0	0.0	0.0	0.0	0.0	0.00771604938271605
2	0.0	0.0	78	0.0	7.17	0	0.0	0.2053388090349076	0.0	0.0	0.0	0.0	0.0	0.0	0.0
0	0.0	0.0	50	0.0080971659919028	34.09	0	0.0	0.02313743637204998	0.0	0.5	0.0	0.0	0.0	0.0	0.0
0	0.0	0.0	22	0.0	0.0	1	0.0	0.9036144578313253	0.0	0.6666666666666666	0.0	0.0	0.0	0.0	0.0
0	0.0	0.0	17	0.2727272727272727	0.0	0	0.0	0.23584905660377356	0.0	0.0	0.0	0.0	0.0	0.0	0.23584905660377356
1	0.0	0.0	19	0.023391812865497	15.57	0	0.04382120946538125	0.0	0.0	0.0	0.0	0.0	0.0	0.04382120946538125	0.0
3	0.0	0.0	51	0.0	5.71	0	0.1996007984031936	0.0	0.0	0.0	0.0	0.0	0.0	0.0	0.0
0	0.0	0.0	18	0.0	0.0	0	0.0	0.03469812630117974	0.0	0.0	0.0	0.0	0.0	0.0	0.03469812630117974
2	0.0	0.0	16	0.0	17.17	0	0.4132231404958678	0.0	0.0	0.0	0.0	0.0	0.0	0.0	0.0
1	0.0	0.0	56	0.0	5.88	0	0.4398826979472141	0.0	0.0	0.16666666666666666	0.0	0.0	0.0	0.0	0.0
1	1.0	0.5	41	0.0434782608695652	0.3	1	0.0	0.680786686838124	0.0	0.9444444444444444	0.0	0.0	0.0	0.0	0.0
0	0.0	1.0	42	0.0	0.0	0	0.05387931034482759	0.0	0.0	0.0	0.0	0.0	0.0	0.05387931034482759	0.0
1	0.0	0.0	0	0.0923076923076923	16.83	0	0.0	0.027464982147761607	0.0	2.5	0.0	0.0	0.0	0.0	0.0
4	0.0	0.0	24	0.0	20.85	0	0.10995052226498075	0.0	0.0	0.25	0.0	0.0	0.0	0.0	0.0
3	0.0	0.0	19	0.0	14.7	0	0.0382262996941896	0.0	0.0	1.0	0.0	0.0	0.0	0.0	0.0
2	0.0	0.0	61	0.0188679245283018	9.35	0	0.05458515283842795	0.0	0.0	0.5	0.0	0.0	0.0	0.0	0.0
0	0.6666666666666666	1.0	47	0.0	7.5	1	11.25	0.0	0.0	0.2222222222222222	0.0	0.0	0.0	4.375	0.0
1	0.0	0.0	30	0.0	5.77	0	0.2824858757062147	0.0	0.0	0.0	0.0	0.0	0.0	0.0	0.0
2	0.0	0.0	30	0.1595092024539877	15.23	0	0.0	0.033863867253640365	0.0	3.0	0.0	0.0	0.0	0.019623233908948195	0.0
6	0.0	0.0	67	0.0677966101694915	15.12	0	0.0	0.021048200378867607	0.0	0.5	0.0	0.0	0.0	0.0	0.0
7	0.0	0.0	65	0.0	14.57	0	0.020946795140343526	0.0	0.0	0.0	0.0	0.0	0.0	0.0	0.0
2	0.0	0.0	18	0.0	13.23	0	0.0	0.15503875968992248	0.0	1.0	0.0	0.0	0.0	0.0	0.0
1	0.0	0.0	0	0.0	16.67	0	0.0	0.3125	0.0	0.0	0.0	0.0	0.0	0.0	0.0
2	0.0	0.0	0	0.0	17.26	0	0.0	0.3472222222222222	0.0	1.0	0.0	0.0	0.0	0.0	0.0
2	0.0	0.0	51	0.2430939226519337	12.83	0	0.03380662609871535	0.0	0.0	0.0	0.0	0.0	0.0	0.0	0.0
0	0.0	0.0	14	0.0	0.0	0	0.04222972972972973	0.0	0.0	0.0	0.0	0.0	0.0	0.0	0.0
0	0.0	0.0	14	0.0	0.0	0	0.0	0.3597122302158274	0.0	0.0	0.0	0.0	0.0	0.0	0.0
2	0.0	0.0	47	0.0	13.42	0	0.01896813353566009	0.0	0.0	1.0	0.0	0.0	0.0	0.0	0.0
1	0.0	1.0	19	0.1214574898785425	2.5	0	0.0	0.03284072249589491	0.0	0.0	0.0	0.0	0.0	0.0	0.03284072249589491
0	0.0	0.0	28	0.0	15.33	0	0.044722719141323794	0.0	0.0	0.0	0.0	0.0	0.0	0.0	0.0
0	0.0	0.0	15	0.4	5.78	0	0.5050505050505051	0.0	0.0	0.0	0.0	0.0	0.0	0.0	0.0
0	0.0	0.0	29	0.0	0.0	0	0.0	0.35211267605633806	0.0	1.0	0.0	0.0	0.0	0.0	0.0
1	0.0	0.0	19	0.0	15.6	0	0.0	0.04257130693912303	0.0	0.0	0.0	0.0	0.0	0.0	0.0
5	0.0	0.0	34	0.0	15.7	0	0.019443904335990667	0.0	0.0	0.0	0.0	0.0	0.0	0.019443904335990667	0.0
1	0.0	0.0	0	0.0	11.0	0	0.0	1.1363636363636365	0.0	0.0	0.0	0.0	0.0	0.0	0.0
8	0.0	0.0	44	0.0	16.31	0	0.0	0.017415534656913968	0.0	10.0	0.0	0.0	0.0	0.0	0.0
2	0.0	0.0	74	0.0	4.65	0	0.0	0.8333333333333334	0.0	0.0	0.0	0.0	0.0	0.0	0.0
0	0.0	0.0	43	0.0	13.65	0	0.04280821917808219	0.0	0.0	0.0	0.0	0.0	0.0	0.0	0.0
0	0.0	0.0	34	0.0	0.0	0	0.28735632183908044	0.0	0.0	0.0	0.0	0.0	0.0	0.0	0.0
0	1.0	1.0	15	0.0826446280991735	0.0	0	0.0	0.04065040650406504	0.0	4.5	0.0	0.0	0.0	0.0	0.04065040650406504
2	0.0	0.0	43	0.1875	19.3	0	0.26881720430107525	0.0	0.0	0.0	0.0	0.0	0.0	0.0	0.0
2	0.5	0.0	33	0.0	28.41	0	0.020652622883106153	0.0	0.0	0.0	0.0	0.0	0.0	0.0	0.0
1	1.0	1.0	1	0.3018867924528302	15.08	0	0.14388489208633093	0.0	0.0	0.5	0.0	0.0	0.0	0.0	0.0
0	0.0	0.0	15	0.1176470588235294	0.0	0	0.0	2.1739130434782608	0.0	0.0	0.0	0.0	0.0	0.0	0.0
1	0.0	0.0	37	0.0	14.94	0	0.03599712023038157	0.0	0.0	0.0	0.0	0.0	0.0	0.017998560115190784	0.0
4	0.0	0.0	34	0.0398406374501992	15.69	0	0.0	0.02712967986977754	0.0	0.0	0.0	0.0	0.0	0.0	0.01356483993488877
0	0.0	1.0	15	0.0	0.0	0	0.0	2.4390243902439024	0.0	0.0	0.0	0.0	0.0	0.0	0.0
3	0.0	0.0	35	0.1276595744680851	8.35	0	0.0	0.1488095238095238	0.0	0.0	0.0	0.0	0.0	0.0	0.0
1	0.0	0.0	3	0.0	9.0	0	0.0	0.08064516129032258	0.0	0.5	0.0	0.0	0.0	0.0	0.0
5	0.0	0.0	9	0.0	14.35	0	1.3888888888888888	0.0	0.0	1.0	0.0	0.0	0.0	0.0	0.0
1	0.0	1.0	0	0.0	9.5	0	0.0	0.04161464835622139	0.0	0.0	0.0	0.0	0.0	0.0	0.0
5	0.0	0.0	34	0.0	15.11	0	0.0	0.041788549937317176	0.0	0.0	0.0	0.0	0.0	0.0	0.0
2	1.0	1.0	46	0.0	23.34	0	0.05393743257820928	0.0	0.0	0.0	0.0	0.0	0.0	0.0	0.009718172983479106
1	0.0	0.0	0	0.1	9.5	0	0.0	0.2645502645502646	0.0	0.0	0.0	0.0	0.0	0.0	0.0
1	0.0	0.0	26	0.0	5.33	0	0.6896551724137931	0.0	0.0	0.0	0.0	0.0	0.0	0.6896551724137931	0.0
2	1.0	0.0	26	0.0	12.76	0	0.111731843575419	0.0	0.0	0.0	0.0	0.0	0.0	0.0	0.07451564828614009
2	0.0	0.0	35	0.0	14.19	0	0.07092198581560284	0.0	0.0	0.0	0.0	0.0	0.0	0.0	0.0
1	0.0	0.0	29	0.1076923076923077	28.16	1	0.8293838862559242	0.0	0.0	0.8571428571428571	0.0	0.0	0.0	0.0	0.0
0	0.0	0.0	10	0.0	0.0	1	0.2617801047120419	0.8333333333333334	0.0	0.3333333333333333	0.0	0.0	0.0	0.2617801047120419	0.0
3	0.0	0.0	0	0.0	16.09	0	0.0	0.02079866888519135	0.0	0.0	0.0	0.0	0.0	0.0	0.0
5	0.0	0.0	1	0.0	16.95	0	0.0	0.035423308537017355	0.0	0.0	0.0	0.0	0.0	0.0	0.0
2	0.0	0.0	28	0.0	5.18	0	0.49019607843137253	0.0	0.0	0.0	0.0	0.0	0.0	0.49019607843137253	0.0
3	0.0	0.0	38	0.0	15.73	0	0.0	0.032819166393173616	0.0	0.0	0.0	0.0	0.0	0.0	0.032819166393173616
1	0.0	0.0	46	0.0465116279069767	11.06	1	0.9918845807033364	0.670391061452514	0.0	0.2608695652173913	0.0	0.0	0.0	0.6762849413886384	0.0
2	0.0	0.0	14	0.0	10.8	0	0.15151515151515152	0.0	0.0	0.5	0.0	0.0	0.0	0.0	0.0
3	0.0	0.0	31	0.0625	6.37	0	0.4672897196261682	0.0	0.0	0.0	0.0	0.0	0.0	0.0	0.0
0	0.0	0.0	2	0.0	16.14	0	0.0	0.0321853878339234	0.0	0.0	0.0	0.0	0.0	0.0	0.0
1	0.0	0.0	26	0.0088495575221238	15.49	0	0.03571428571428571	0.0	0.0	0.0	0.0	0.0	0.0	0.0	0.0
0	0.0	0.0	11	0.0	0.0	1	0.0	0.6097560975609756	0.0	1.0	0.0	0.0	0.0	0.0	0.0
4	0.0	0.0	24	0.1511627906976744	13.35	0	0.0	0.05530973451327434	0.0	0.0	0.0	0.0	0.0	0.0	0.05530973451327434
3	0.0	0.0	73	0.0169491525423728	7.75	0	0.07507507507507508	0.0	0.0	0.0	0.0	0.0	0.0	0.0	0.0
1	1.0	0.0	57	0.1176470588235294	1.55	1	0.0	5.803571428571428	0.07692307692307693	1.1538461538461537	0.4464285714285714	0.0	1.0	0.0	0.0
2	0.0	0.0	17	0.0	14.0	0	0.15337423312883436	0.0	0.0	0.5	0.0	0.0	0.0	0.0	0.0
1	0.0	0.0	0	0.0	17.49	0	0.0	2.0833333333333335	0.0	0.0	0.0	0.0	0.0	0.0	0.0
0	0.0	0.0	40	0.0	0.0	1	0.9280742459396752	0.18248175182481752	0.0	0.4	0.0	0.0	0.0	0.0	0.18248175182481752
0	0.0	0.0	15	0.0	0.0	0	0.7352941176470588	0.0	0.0	0.5	0.0	0.0	0.0	0.0	0.0
2	0.0	0.0	28	0.0	14.89	0	0.0	0.04730368968779565	0.0	0.0	0.0	0.0	0.0	0.0	0.04730368968779565
3	0.0	0.0	31	0.0333333333333333	9.38	0	0.0931098696461825	0.0	0.0	0.0	0.0	0.0	0.0	0.0	0.0
0	0.0	0.0	47	0.08823529411764698	0.0	0	0.06353240152477764	0.0	0.0	0.0	0.0	0.0	0.0	0.06353240152477764	0.0
1	1.0	0.6666666666666666	49	0.0	12.73	0	0.05068423720223011	0.0	0.0	0.0	0.0	0.0	0.0	0.025342118601115054	0.0
1	0.0	0.0	0	0.0	11.0	0	0.0	0.2173913043478261	0.0	0.0	0.0	0.0	0.0	0.0	0.0
2	1.0	0.0	39	0.1470588235294117	17.91	0	0.0	0.05707762557077626	0.0	0.5	0.0	0.0	0.0	0.0	0.0
4	0.0	0.0	21	0.0526315789473684	16.51	0	0.35842293906810035	0.0	0.0	0.0	0.0	0.0	0.0	0.0	0.0
2	0.0	0.0	19	0.0	15.26	0	0.04116920543433512	0.0	0.0	0.0	0.0	0.0	0.0	0.0	0.0
3	0.0	0.0	16	0.0228310502283105	15.75	0	0.0143184421534937	0.0	0.0	1.0	0.0	0.0	0.0	0.0	0.0
2	0.0	0.0	29	0.0	14.73	0	0.0	0.03735524841240194	0.0	0.0	0.0	0.0	0.0	0.0	0.01867762420620097
1	0.0	0.0	16	0.0	15.6	0	0.04426737494466578	0.0	0.0	0.5	0.0	0.0	0.0	0.0	0.0
3	0.0	0.0	0	0.0	16.87	0	0.0	0.17006802721088435	0.0	0.5	0.0	0.0	0.0	0.0	0.0
2	0.0	0.0	47	0.1728395061728395	16.41	0	0.16246953696181965	0.0	0.0	0.0	0.0	0.0	0.0	0.0	0.0
0	0.0	0.0	29	0.0	0.0	0	0.18050541516245489	0.0	0.0	0.0	0.0	0.0	0.0	0.09025270758122744	0.0
1	0.0	0.0	19	0.2446808510638297	16.6	0	0.0	0.10070493454179255	0.0	1.0	0.0	0.0	0.0	0.0	0.0
5	0.0	0.0	48	0.0	14.75	0	0.025994281258123215	0.0	0.0	0.0	0.0	0.0	0.0	0.0	0.0
1	0.0	0.0	7	0.0	24.0	0	0.018515089798185523	0.0	0.0	0.0	0.0	0.0	0.0	0.0	0.0
1	0.0	0.0	60	0.0	9.5	0	0.10438413361169102	0.0	0.0	0.0	0.0	0.0	0.0	0.0	0.0
1	0.0	0.0	15	0.0769230769230769	9.5	0	1.4492753623188408	0.0	0.0	0.0	0.0	0.0	0.0	0.0	0.0
0	0.0	0.0	29	0.0	0.0	0	0.12987012987012986	0.0	0.0	1.0	0.0	0.0	0.0	0.0	0.0
3	0.0	0.0	41	0.0	5.32	0	1.1560693641618498	0.0	0.0	0.0	0.0	0.0	0.0	0.0	0.0
3	0.0	0.0	0	0.0666666666666666	10.11	0	0.0	0.19157088122605365	0.0	1.0	0.0	0.0	0.0	0.0	0.0
1	0.0	0.0	0	0.05	16.56	0	0.0	0.12919896640826872	0.0	0.0	0.0	0.0	0.0	0.0	0.0
0	0.0	0.0	17	0.0	0.0	0	0.5263157894736842	0.0	0.0	0.0	0.0	0.0	0.0	0.0	0.0
1	0.0	1.0	23	0.064516129032258	2.13	1	0.9174311926605504	0.041631973355537054	0.0	0.75	0.0	0.0	0.0	0.0	0.041631973355537054
1	0.0	0.0	25	0.1125541125541125	16.4	0	0.0	0.06345177664974619	0.0	0.0	0.0	0.0	0.0	0.0	0.0
0	0.0	0.0	7	0.0	13.25	0	0.0	0.27932960893854747	0.0	0.5	0.0	0.0	0.0	0.0	0.0
8	0.0	0.0	0	0.0	16.34	0	0.0	0.0167000668002672	0.0	0.0	0.0	0.0	0.0	0.0	0.0
1	0.0	0.0	0	0.0166666666666666	9.5	0	0.0	0.031725888324873094	0.0	0.0	0.0	0.0	0.0	0.0	0.0
4	0.0	0.0	48	0.0	13.66	0	0.03032140691328078	0.0	0.0	0.0	0.0	0.0	0.0	0.03032140691328078	0.0
4	0.0	0.0	0	0.0	17.16	0	0.0	0.09671179883945842	0.0	0.0	0.0	0.0	0.0	0.0	0.0
3	0.0	0.0	0	0.0	16.23	0	0.0	0.035161744022503515	0.0	0.0	0.0	0.0	0.0	0.0	0.0
5	0.0	0.0	19	0.0	14.02	0	0.0	0.06285355122564425	0.0	0.0	0.0	0.0	0.0	0.0	0.06285355122564425
1	0.0	0.0	44	0.0	9.5	0	0.5586592178770949	0.0	0.0	0.25	0.0	0.0	0.0	0.0	0.0
4	0.0	0.0	2	0.0	16.57	0	0.0	0.015873015873015872	0.0	0.0	0.0	0.0	0.0	0.0	0.0
1	0.0	1.0	21	0.0	7.5	0	0.03139717425431711	0.0	0.0	0.0	0.0	0.0	0.0	0.0	0.0
3	0.5	1.0	37	0.0	10.89	0	0.047281323877068564	0.0	0.0	0.0	0.0	0.0	0.0	0.023640661938534282	0.017998560115190784
1	0.0	0.0	0	0.0	16.81	0	0.0	0.23584905660377356	0.0	0.0	0.0	0.0	0.0	0.0	0.0
2	0.0	0.0	20	0.0	8.61	0	0.2079002079002079	0.0	0.0	0.5	0.0	0.0	0.0	0.0	0.0
0	0.0	0.0	18	0.0	0.0	0	0.11574074074074073	0.0	0.0	0.0	0.0	0.0	0.0	0.0	0.0
1	0.5	1.0	67	0.0196078431372549	22.27	0	0.07568590350047304	0.0	0.0	0.0	0.0	0.0	0.0	0.01892147587511826	0.0
2	0.0	0.0	1	0.008695652173913	18.87	0	0.0	0.03073140749846343	0.0	0.0	0.0	0.0	0.0	0.0	0.0
2	0.0	0.0	0	0.0	16.67	0	0.0	0.032583903551645484	0.0	0.0	0.0	0.0	0.0	0.0	0.0
2	0.0	0.0	58	0.0	6.72	0	0.3048780487804878	0.0	0.0	1.0	0.0	0.0	0.0	0.0	0.0
0	0.0	0.0	8	0.0	0.0	1	6.25	0.0	0.0	0.5	0.0	0.0	0.0	0.0	0.0
1	0.0	0.0	0	0.0	16.25	0	0.0	0.01951981260979895	0.0	0.0	0.0	0.0	0.0	0.0	0.0
0	0.0	0.0	28	0.0	0.0	0	0.0	0.390625	0.0	0.0	0.0	0.0	0.0	0.0	0.1953125
7	0.0	0.0	36	0.1242937853107344	15.18	0	0.0	0.07680491551459294	0.0	0.5	0.0	0.0	0.0	0.0	0.0
0	0.0	0.0	45	0.0	41.22	0	0.11248593925759279	0.0	0.0	0.0	0.0	0.0	0.0	0.0	0.0
3	0.0	0.0	21	0.0	15.54	0	0.0	0.041407867494824016	0.0	0.0	0.0	0.0	0.0	0.0	0.0
0	1.0	1.0	28	0.0	0.0	0	0.2304147465437788	0.0	0.0	0.0	0.0	0.0	0.0	0.2304147465437788	0.0
1	0.0	0.0	0	0.0	9.5	0	0.0	0.14705882352941177	0.0	0.0	0.0	0.0	0.0	0.0	0.0
6	0.0	0.0	1	0.0	16.69	0	0.0	0.03443526170798898	0.0	0.5	0.0	0.0	0.0	0.0	0.0
2	0.0	0.0	2	0.0434782608695652	16.75	0	0.0	0.0782472613458529	0.0	0.0	0.0	0.0	0.0	0.0	0.0
2	1.0	0.0	0	0.0	18.02	0	0.0	0.059665871121718374	0.0	0.0	0.0	0.0	0.0	0.0	0.0
5	0.3333333333333333	1.0	39	0.0	19.95	0	0.0	0.02226179875333927	0.0	0.0	0.0	0.0	0.0	0.0	0.0
0	0.0	0.0	18	0.0	0.0	0	0.0	0.04972650422675286	0.0	0.0	0.0	0.0	0.0	0.0	0.04972650422675286
4	0.0	0.0	16	0.1538461538461538	7.3	0	0.0	0.2777777777777778	0.0	0.0	0.0	0.0	0.0	0.0	0.0
2	0.0	0.0	43	0.0	7.36	0	0.0	0.10570824524312895	0.0	0.0	0.0	0.0	0.0	0.0	0.0
2	0.0	0.0	30	0.0796019900497512	15.53	0	0.06657789613848203	0.0	0.0	0.0	0.0	0.0	0.0	0.0	0.0
1	0.0	0.0	17	0.0	9.5	0	0.11235955056179775	0.0	0.0	0.0	0.0	0.0	0.0	0.0	0.0
2	0.0	0.0	29	0.0	6.01	0	0.0	0.3460207612456747	0.0	0.0	0.0	0.0	0.0	0.0	0.3460207612456747
0	0.0	0.0	40	0.0	0.0	0	0.0782472613458529	0.0	0.0	0.0	0.0	0.0	0.0	0.03912363067292645	0.0
0	1.0	1.0	40	0.0	0.0	0	0.07993605115907275	0.0	0.0	0.0	0.0	0.0	0.0	0.039968025579536375	0.0
1	0.0	0.0	17	0.0	11.55	0	0.13736263736263735	0.0	0.0	0.5	0.0	0.0	0.0	0.0	0.0
1	0.0	0.0	18	0.0	6.86	0	0.2645502645502646	0.0	0.0	0.5	0.0	0.0	0.0	0.0	0.0
1	0.0	0.0	19	0.0	3.5	0	0.0	0.034482758620689655	0.0	0.0	0.0	0.0	0.0	0.0	0.0
1	0.0	0.0	35	0.0	5.78	0	0.7326007326007326	0.0	0.0	0.0	0.0	0.0	0.0	0.0	0.0
0	0.0	0.0	11	0.0	16.49	0	0.020416496529195593	0.0	0.0	4.0	0.0	0.0	0.0	0.0	0.0
2	0.0	0.0	11	0.2784810126582278	16.48	0	0.03671071953010279	0.0	0.0	1.0	0.0	0.0	0.0	0.0	0.0
1	0.0	0.0	36	0.0	19.33	0	0.0	0.04057618178129438	0.0	0.0	0.0	0.0	0.0	0.0	0.0
2	0.0	0.0	22	0.0532544378698224	15.69	0	0.020695364238410598	0.0	0.0	0.5	0.0	0.0	0.0	0.0	0.0
1	0.0	0.0	22	0.0	8.54	1	1.0912698412698412	0.0	0.0	1.0	0.0	0.0	0.0	0.0	0.11194029850746269
3	0.0	0.0	57	0.0	7.58	0	0.38910505836575876	0.0	0.0	0.4166666666666667	0.0	0.0	0.0	0.0	0.0
1	0.0	0.0	29	0.0	5.39	0	0.5952380952380952	0.0	0.0	0.5	0.0	0.0	0.0	0.0	0.0
2	0.0	0.0	37	0.0	15.5	0	0.020946795140343526	0.0	0.0	0.0	0.0	0.0	0.0	0.0	0.011168192986374803
3	0.0	0.0	60	0.3113207547169811	10.58	0	0.023730422401518746	0.0	0.0	0.0	0.0	0.0	0.0	0.0	0.0
1	0.0	0.0	0	0.2090395480225988	16.58	0	0.0	0.037965072133637055	0.0	0.0	0.0	0.0	0.0	0.0	0.0
1	1.0	0.0	0	0.0	19.8	0	0.0	0.0395882818685669	0.0	0.0	0.0	0.0	0.0	0.0	0.0
1	0.0	0.0	0	0.0	16.03	0	0.042034468263976464	0.0	0.0	0.0	0.0	0.0	0.0	0.0	0.0
2	0.0	0.0	51	0.0076045627376425	14.99	0	0.011049723756906077	0.0	0.0	0.0	0.0	0.0	0.0	0.0	0.0
3	0.0	0.0	74	0.1951219512195122	11.98	0	0.021570319240724764	0.0	0.0	0.0	0.0	0.0	0.0	0.0	0.0484027105517909
3	0.0	0.0	43	0.0	13.84	0	0.03475842891901286	0.0	0.0	0.0	0.0	0.0	0.0	0.0	0.0
1	0.0	0.0	3	0.0	16.1	0	0.1122334455667789	0.0	0.0	0.0	0.0	0.0	0.0	0.0	0.0
0	0.0	0.0	32	0.0	15.37	0	0.023651844843897825	0.0	0.0	0.0	0.0	0.0	0.0	0.0	0.0
2	0.0	0.0	12	0.0	9.31	1	0.0	1.5625	0.0	2.0	0.0	0.0	0.0	0.0	1.5625
0	0.0	0.0	24	0.0	0.0	0	0.0	0.4	0.0	0.0	0.0	0.0	0.0	0.0	0.4
2	0.0	0.0	0	0.0	17.49	0	0.0	0.7407407407407407	0.0	0.0	0.0	0.0	0.0	0.0	0.0
1	0.0	0.0	16	0.0	22.63	0	0.3389830508474576	0.0	0.0	1.0	0.0	0.0	0.0	0.0	0.0
1	0.0	0.0	18	0.0	15.11	0	0.05770340450086556	0.0	0.0	0.5	0.0	0.0	0.0	0.0	0.0
2	1.0	0.0	44	0.0	17.75	0	0.026239832065074783	0.0	0.0	0.0	0.0	0.0	0.0	0.0	0.0
1	0.0	0.0	21	0.0	6.22	0	0.2717391304347826	0.0	0.0	0.5	0.0	0.0	0.0	0.0	0.0
0	0.0	0.0	19	0.0	0.0	0	0.33783783783783783	0.0	0.0	0.0	0.0	0.0	0.0	0.33783783783783783	0.0
0	0.0	0.0	24	0.0	0.0	0	0.0	0.8333333333333334	0.0	0.0	0.0	0.0	0.0	0.0	0.0
1	1.0	1.0	19	0.018018018018018004	19.8	0	0.04215851602023609	0.0	0.0	1.0	0.0	0.0	0.0	0.0	0.0
1	0.0	0.0	63	0.0094339622641509	42.84	0	0.08603383997705764	0.0	0.0	0.0	0.0	0.0	0.0	0.0	0.0
0	0.0	0.0	12	0.04	0.0	0	0.09372071227741331	0.0	0.0	2.0	0.0	0.0	0.0	0.09372071227741331	0.0
1	0.0	0.0	0	0.0	9.5	0	0.0	0.36496350364963503	0.0	0.5	0.0	0.0	0.0	0.0	0.0
2	0.0	0.0	72	0.0	13.22	0	0.024679170779861793	0.0	0.0	0.0	0.0	0.0	0.0	0.0	0.0
1	0.0	0.0	1	0.0	16.38	0	0.0	2.1739130434782608	0.0	0.0	0.0	0.0	0.0	0.0	0.0
0	0.0	0.0	0	0.0	16.26	0	0.0	0.015600624024960999	0.0	2.0	0.0	0.0	0.0	0.0	0.0
3	0.0	0.0	6	0.293103448275862	16.21	0	0.07575757575757576	0.0	0.0	0.0	0.0	0.0	0.0	0.0	0.0
1	0.0	0.0	37	0.0	8.34	0	0.0	0.12903225806451613	0.0	0.0	0.0	0.0	0.0	0.0	0.0
0	0.0	0.0	47	0.0	14.24	0	0.0	0.037921880925293895	0.0	0.5	0.0	0.0	0.0	0.0	0.018960940462646948
1	0.0	0.0	13	0.0909090909090909	9.19	0	0.0	0.16025641025641024	0.0	1.0	0.0	0.0	0.0	0.0	0.0
0	0.0	0.0	16	0.0625	0.0	0	0.23148148148148145	0.0	0.0	0.0	0.0	0.0	0.0	0.0	0.0
0	0.0	0.0	28	0.0	16.06	0	0.018053800324968405	0.0	0.0	0.0	0.0	0.0	0.0	0.0	0.0
0	0.0	0.0	21	0.0	0.0	0	0.0	0.29239766081871343	0.0	0.0	0.0	0.0	0.0	0.0	0.29239766081871343
5	0.0	0.0	19	0.0	24.38	0	0.2767527675276753	0.0	0.0	0.0	0.0	0.0	0.0	0.0	0.04616805170821791
0	0.0	0.0	2	0.3571428571428571	0.0	0	0.0	0.3205128205128205	0.0	0.5	0.0	0.0	0.0	0.0	0.0
5	0.5	0.0	34	0.0652173913043478	11.79	0	0.0	0.027412280701754388	0.0	0.0	0.0	0.0	0.0	0.0	0.013706140350877194
0	0.0	0.0	42	0.0341880341880341	15.98	0	0.0	0.0421674045962471	0.0	0.0	0.0	0.0	0.0	0.0	0.0
3	0.0	0.0	2	0.0344827586206896	16.72	0	0.0	0.0992063492063492	0.0	0.0	0.0	0.0	0.0	0.0	0.0
1	0.0	0.0	16	0.0555555555555555	8.91	0	0.1724137931034483	0.0	0.0	0.0	0.0	0.0	0.0	0.0	0.0
3	0.0	0.0	0	0.0	16.27	0	0.0	0.02013693113169553	0.0	0.5	0.0	0.0	0.0	0.0	0.0
2	0.0	0.0	34	0.0	15.35	0	0.011439029970258523	0.0	0.0	0.0	0.0	0.0	0.0	0.0	0.0
3	1.0	1.0	24	0.0684931506849315	29.77	0	0.1111111111111111	0.0	0.0	0.0	0.0	0.0	0.0	0.0	0.09208103130755065
2	0.0	0.0	43	0.0	15.48	0	0.0	0.021843599825251202	0.0	0.0	0.0	0.0	0.0	0.0	0.0
7	0.0	0.0	55	0.0	14.13	0	0.0	0.013319126265316995	0.0	0.0	0.0	0.0	0.0	0.0	0.013319126265316995
1	0.0	0.0	0	0.0	16.56	0	0.0	0.2053388090349076	0.0	0.0	0.0	0.0	0.0	0.0	0.0
2	0.0	0.0	39	0.0	7.16	0	0.0	0.12330456226880396	0.0	0.0	0.0	0.0	0.0	0.0	0.06165228113440198
0	0.0	0.0	30	0.0224719101123595	15.52	0	0.0	0.04504504504504505	0.0	0.0	0.0	0.0	0.0	0.0243842965130456	0.0
3	0.2	1.0	45	0.0916030534351145	12.78	0	0.0	0.030039050765995796	0.0	1.0	0.0	0.0	0.0	0.031094527363184084	0.0
1	0.0	0.0	0	0.1	17.26	0	0.0	2.3255813953488373	0.0	0.25	0.0	0.0	0.0	0.0	0.0
1	0.0	0.0	22	0.0	9.5	0	0.08703220191470844	0.0	0.0	1.0	0.0	0.0	0.0	0.0	0.0
5	0.0	0.0	63	0.0	12.99	0	0.027901785714285712	0.0	0.0	0.5	0.0	0.0	0.0	0.027901785714285712	0.0
1	0.0	0.0	22	0.0	9.5	0	4.081632653061225	0.0	0.0	0.125	0.0	0.0	0.0	0.0	0.0
1	0.0	0.0	2	0.0	16.66	0	0.0	0.053908355795148244	0.0	0.0	0.0	0.0	0.0	0.0	0.0
4	0.0	0.0	69	0.0	12.11	0	0.0	0.07418397626112759	0.0	0.0	0.0	0.0	0.0	0.0	0.0
3	0.0	0.0	1	0.015625	16.72	0	0.0	0.04789272030651341	0.0	0.0	0.0	0.0	0.0	0.0	0.0
5	0.0	0.0	31	0.0	15.92	0	0.05254860746190226	0.0	0.0	0.0	0.0	0.0	0.0	0.017516202487300753	0.0
1	0.0	0.0	35	0.1538461538461538	16.07	0	0.0	0.012112403100775193	0.0	8.0	0.0	0.0	0.0	0.0	0.0
0	0.0	0.0	8	0.1724137931034483	0.0	0	0.0	0.425531914893617	0.0	1.0	0.0	0.0	0.0	0.0	0.0
1	0.0	0.0	7	0.0	22.63	0	0.11402508551881414	0.0	0.0	0.0	0.0	0.0	0.0	0.0	0.0
3	0.0	0.0	27	0.0	15.32	0	0.03368137420006736	0.0	0.0	0.5	0.0	0.0	0.0	0.0	0.0
4	0.0	0.0	26	0.0	5.91	0	0.2881844380403458	0.0	0.0	0.5	0.0	0.0	0.0	0.0	0.0
2	0.0	0.0	23	0.0833333333333333	57.97	1	0.8257638315441784	0.0	0.0	0.45	0.0	0.0	0.0	0.0	0.0
2	0.0	0.0	35	0.0	15.84	0	0.0	0.021199915200339196	0.0	0.0	0.0	0.0	0.0	0.0	0.0
3	0.0	0.0	1	0.0	17.58	0	0.06830601092896174	0.0	0.0	7.5	0.0	0.0	0.0	0.0	0.0
2	0.0	0.0	0	0.0	17.44	0	0.0	0.4504504504504504	0.0	0.25	0.0	0.0	0.0	0.0	0.0
3	0.0	0.0	2	0.05	16.67	0	0.0	0.20161290322580647	0.0	0.0	0.0	0.0	0.0	0.0	0.0
0	0.0	0.0	32	0.043859649122807	15.34	0	0.05112474437627812	0.0	0.0	0.0	0.0	0.0	0.0	0.0	0.0
1	0.0	0.0	45	0.0246913580246913	11.0	0	0.0	0.04329004329004329	0.0	0.0	0.0	0.0	0.0	0.0	0.0
2	0.0	0.0	15	0.2666666666666666	12.09	0	0.6666666666666666	0.0	0.0	0.0	0.0	0.0	0.0	0.0	0.0
0	0.0	0.0	17	0.0	0.0	0	0.0	0.12195121951219513	0.0	0.0	0.0	0.0	0.0	0.0	0.0
0	1.0	1.0	0	0.0	32.66	0	0.0	0.07047216349541931	0.0	0.0	0.0	0.0	0.0	0.0	0.0
3	0.0	0.0	30	0.0196078431372549	13.83	0	0.0499001996007984	0.0	0.0	0.0	0.0	0.0	0.0	0.0	0.0
3	0.0	0.0	40	0.0141843971631205	13.6	0	0.04315925766076823	0.0	0.0	1.0	0.0	0.0	0.0	0.0	0.0
1	0.0	0.0	34	0.0	10.0	0	0.1146788990825688	0.0	0.0	0.0	0.0	0.0	0.0	0.0	0.0
4	0.0	0.0	2	0.0	15.2	0	0.0	0.028910089621277824	0.0	0.0	0.0	0.0	0.0	0.0	0.0
1	0.0	0.0	29	0.0	5.73	0	0.24390243902439027	0.0	0.0	0.0	0.0	0.0	0.0	0.0	0.0
0	0.0	0.0	1	0.3720930232558139	0.0	0	0.0	0.27322404371584696	1.0	1.0	0.0	0.0	0.0	0.0	0.0
2	0.0	0.0	25	0.0121951219512195	16.27	0	0.0	0.09652509652509653	0.0	0.0	0.0	0.0	0.0	0.0	0.0
4	0.0	0.0	24	0.0	15.98	0	0.0	0.03716090672612412	0.0	0.5	0.0	0.0	0.0	0.0	0.0
1	0.0	0.0	14	0.0689655172413793	9.5	0	0.33112582781456956	0.0	0.0	0.0	0.0	0.0	0.0	0.0	0.0
3	0.0	0.0	75	0.0227272727272727	6.56	0	0.0	0.5644402634054562	0.0	0.0	0.0	0.0	0.0	0.0	0.0
0	0.0	0.0	0	0.0	24.0	0	0.0	0.13333333333333333	0.0	1.0	0.0	0.0	0.0	0.0	0.0
1	0.0	0.0	0	0.0	16.65	0	0.0	0.11806375442739078	0.0	0.0	0.0	0.0	0.0	0.0	0.0
1	0.0	0.0	0	0.0	9.5	0	0.0	2.0408163265306123	0.0	0.25	0.0	0.0	0.0	0.0	0.0
5	0.0	0.0	0	0.0952380952380952	15.41	0	0.0	0.6198347107438017	0.0	0.16666666666666666	0.0	0.0	0.0	0.0	0.0
2	0.0	0.0	20	0.048076923076922996	14.94	0	0.05750431282346176	0.0	0.0	0.0	0.0	0.0	0.0	0.0	0.0
2	0.0	0.0	54	0.0	14.43	0	0.09090909090909091	0.0	0.0	0.0	0.0	0.0	0.0	0.11363636363636363	0.0
3	0.0	0.0	18	0.0	28.69	0	0.0	0.05399568034557235	0.0	0.5	0.0	0.0	0.0	0.0	0.0
1	0.0	0.0	46	0.0	9.5	0	0.1314060446780552	0.0	0.0	0.5	0.0	0.0	0.0	0.0	0.0
0	0.0	0.0	0	0.0	16.38	0	0.025131942699170646	0.0	0.0	0.0	0.0	0.0	0.0	0.0	0.0
0	0.0	0.0	16	0.0	0.0	0	0.5405405405405405	0.0	0.0	0.5	0.0	0.0	0.0	0.0	0.0
3	0.0	0.0	26	0.0112994350282485	15.25	0	0.0	0.039603960396039604	0.0	0.5	0.0	0.0	0.0	0.0	0.0
1	0.0	0.0	44	0.0	4.93	0	0.4464285714285714	0.0	0.0	0.0	0.0	0.0	0.0	0.4464285714285714	0.0
1	0.0	0.0	35	0.0	12.89	1	0.0	0.3176043557168784	0.14285714285714285	1.8571428571428572	0.0	0.0	0.0	0.0	0.2268602540834846
1	0.0	0.0	19	0.1428571428571428	14.57	0	0.0	0.10256410256410256	0.0	0.25	0.0	0.0	0.0	0.0	0.0
0	0.0	0.0	7	0.3135135135135135	16.83	0	0.0	0.04187604690117253	0.0	0.0	0.0	0.0	0.0	0.0	0.0
0	0.0	0.0	14	0.0	0.0	0	0.045787545787545784	0.0	0.0	0.0	0.0	0.0	0.0	0.0	0.0
0	0.0	0.0	76	0.0	9.54	0	0.0	0.02918004085205719	0.0	0.0	0.0	0.0	0.0	0.0	0.0
1	0.0	0.0	18	0.0588235294117647	16.05	0	0.023640661938534282	0.0	0.0	0.0	0.0	0.0	0.0	0.0	0.0
1	0.0	0.0	0	0.0588235294117647	9.5	0	0.0	0.16891891891891891	0.0	0.0	0.0	0.0	0.0	0.0	0.0
3	0.0	0.0	42	0.0	5.02	0	0.0	0.49019607843137253	0.0	0.5	0.0	0.0	0.0	0.0	0.0
2	0.0	0.0	25	0.0	15.6	0	0.042265426880811495	0.0	0.0	0.5	0.0	0.0	0.0	0.042265426880811495	0.0
2	0.0	0.0	75	0.0	12.46	0	0.0	0.025813113061435206	0.0	0.0	0.0	0.0	0.0	0.0	0.0
1	0.0	0.0	0	0.0	16.53	0	0.0	0.03306878306878307	0.0	0.0	0.0	0.0	0.0	0.0	0.0
5	0.0	0.0	0	0.0	16.63	0	0.0	0.04033884630899556	0.0	0.0	0.0	0.0	0.0	0.0	0.0
1	0.0	0.0	64	0.0	9.5	0	0.16501650165016502	0.0	0.0	0.0	0.0	0.0	0.0	0.0	0.0
1	1.0	0.6666666666666666	33	0.0	3.43	0	0.0711068973690448	0.0	0.0	0.0	0.0	0.0	0.0	0.011851149561507467	0.0
0	0.0	0.0	23	0.0674157303370786	0.0	0	0.023747328425552126	0.0	0.0	0.0	0.0	0.0	0.0	0.023747328425552126	0.0
3	0.0	0.0	38	0.0	14.89	0	0.0	0.032916392363396975	0.0	0.0	0.0	0.0	0.0	0.0	0.032916392363396975
1	0.0	0.0	0	0.0	17.79	0	0.0	0.5434782608695652	0.0	0.0	0.0	0.0	0.0	0.0	0.0
2	0.0	0.0	0	0.0	16.37	0	0.0	0.02304147465437788	0.0	1.0	0.0	0.0	0.0	0.0	0.0
2	0.0	0.0	35	0.006578947368420999	15.89	0	0.0	0.029325513196480937	0.0	0.5	0.0	0.0	0.0	0.0	0.014662756598240468
2	0.0	0.0	5	0.0	15.78	0	0.0	0.10101010101010101	0.0	0.0	0.0	0.0	0.0	0.0	0.0
4	0.0	0.0	29	0.0238095238095238	13.2	0	0.0	0.12658227848101264	0.0	0.0	0.0	0.0	0.0	0.0	0.06329113924050632
0	0.0	0.0	34	0.0	13.04	0	0.0	0.05327650506126798	0.0	0.5	0.0	0.0	0.0	0.0	0.02663825253063399
1	0.0	0.0	28	0.0	16.71	1	0.0	0.49701789264413515	0.0	0.4	0.0	0.0	0.0	0.0	0.0
1	0.0	0.0	27	0.0	15.84	0	0.0	0.0670690811535882	0.0	8.5	0.0	0.0	0.0	0.0	0.0
4	0.0	0.0	29	0.0	15.93	0	0.0	0.01564945226917058	0.0	0.0	0.0	0.0	0.0	0.0	0.01564945226917058
9	0.0	0.0	35	0.0	15.63	0	0.0	0.01392951664577239	0.0	0.0	0.0	0.0	0.0	0.0	0.006964758322886195
12	0.0	0.0	29	0.0	15.74	0	0.02295684113865932	0.0	0.0	0.0	0.0	0.0	0.0	0.0	0.0
1	0.0	0.0	33	0.0	16.32	0	0.0	0.017857142857142856	0.0	0.5	0.0	0.0	0.0	0.0	0.0
1	0.0	0.0	0	0.0	17.15	0	0.0	0.25380710659898476	0.0	0.0	0.0	0.0	0.0	0.0	0.0
2	0.0	0.0	18	0.0	16.61	0	0.0	0.019275250578257516	0.0	0.0	0.0	0.0	0.0	0.0	0.0
3	0.0	0.0	0	0.0416666666666666	16.22	0	0.0	0.1006036217303823	0.0	0.5	0.0	0.0	0.0	0.0	0.0
0	0.0	0.0	0	0.0	17.41	0	0.0	0.1072961373390558	0.0	2.0	0.0	0.0	0.0	0.0	0.0
6	0.0	0.0	37	0.0	14.5	0	0.0	0.04061738424045491	0.0	0.5	0.0	0.0	0.0	0.0	0.0
0	0.0	0.0	18	0.2	0.0	0	0.0	0.14662756598240467	0.0	0.0	0.0	0.0	0.0	0.0	0.14662756598240467
0	1.0	0.0	16	0.0	0.0	0	0.0	0.05605381165919283	0.0	1.0	0.0	0.0	0.0	0.0	0.0
0	0.0	0.0	17	0.0	0.0	0	0.3546099290780142	0.0	0.0	0.0	0.0	0.0	0.0	0.0	0.0
0	1.0	0.0	20	0.0	0.0	0	0.0	0.18832391713747648	0.0	0.0	0.0	0.0	0.0	0.0	0.18832391713747648
0	0.0	0.0	30	0.0	0.0	1	0.605245460659045	0.3245699448231094	0.0	0.48214285714285715	0.0	0.0	0.0	0.0	0.12982797792924375
0	0.0	0.0	17	0.0	0.0	1	0.0	0.8771929824561404	0.0	0.0	0.0	0.0	0.0	0.0	0.0
2	0.0	0.0	43	0.0	7.01	0	0.0	0.11415525114155252	0.0	0.0	0.0	0.0	0.0	0.0	0.0
4	0.0	0.0	36	0.0	14.58	0	0.014543339150668992	0.0	0.0	0.0	0.0	0.0	0.0	0.014543339150668992	0.0
0	0.0	0.0	35	0.2	0.0	0	1.5151515151515151	0.0	0.0	0.5	0.0	0.0	0.0	0.0	0.0
0	0.0	0.0	43	0.0	15.61	0	0.014990256333383302	0.030184123151222455	0.0	0.0	0.0	0.0	0.0	0.0	0.0
1	0.0	0.0	40	0.0	15.05	0	0.10787486515641856	0.0	0.0	0.0	0.0	0.0	0.0	0.0	0.0
1	0.5	1.0	44	0.0	12.24	1	6.60377358490566	0.0	0.0	0.5714285714285714	0.0	0.0	0.0	0.0	0.0
2	0.0	0.0	18	0.0	4.97	0	3.846153846153846	0.0	0.0	0.0	0.0	0.0	0.0	3.846153846153846	0.0
1	0.0	0.0	37	0.0	4.9	0	0.2242152466367713	0.0	0.0	0.0	0.0	0.0	0.0	0.0	0.0
3	0.0	0.0	30	0.0	15.61	0	0.012613521695257316	0.0	0.0	0.0	0.0	0.0	0.0	0.012613521695257316	0.0
5	0.0	0.0	56	0.0	8.42	0	0.0	0.053022269353128315	0.0	0.5	0.0	0.0	0.0	0.0	0.0
0	0.0	0.0	5	0.3333333333333333	0.0	0	0.0	0.2717391304347826	0.0	0.0	0.0	0.0	0.0	0.0	0.0
2	0.0	0.0	29	0.0	11.32	0	0.0	0.12610340479192939	0.0	0.0	0.0	0.0	0.0	0.0	0.0
4	0.0	0.0	1	0.0	16.62	0	0.020108586366378446	0.0	0.0	0.0	0.0	0.0	0.0	0.0	0.0
1	0.0	0.0	27	0.5555555555555556	7.71	0	0.8695652173913044	0.0	0.0	0.0	0.0	0.0	0.0	0.0	0.0
1	0.0	0.0	0	0.0	9.5	0	0.0	0.24509803921568626	0.0	0.0	0.0	0.0	0.0	0.0	0.0
0	1.0	0.0	32	0.0	0.0	0	0.0	0.08503401360544217	0.0	0.0	0.0	0.0	0.0	0.0	0.0
1	0.0	0.0	0	0.0	10.0	0	0.0	0.13661202185792348	0.0	0.0	0.0	0.0	0.0	0.0	0.0
4	0.0	0.0	30	0.0087719298245614	15.5	0	0.02501876407305479	0.0	0.0	0.5	0.0	0.0	0.0	0.0	0.01440922190201729
2	1.0	0.0	0	0.0	21.25	0	0.02395783421178725	0.0	0.0	1.0	0.0	0.0	0.0	0.0	0.0
3	0.0	0.0	44	0.0	9.78	0	0.10256410256410256	0.0	0.0	0.5	0.0	0.0	0.0	0.10256410256410256	0.0
4	1.0	1.0	25	0.0	17.7	0	0.0	0.01689760054072322	0.0	0.0	0.0	0.0	0.0	0.0	0.01689760054072322
1	0.0	0.0	73	0.0	4.88	0	0.19920318725099603	0.0	0.0	0.0	0.0	0.0	0.0	0.0	0.0
4	0.0	0.0	36	0.2166666666666666	13.99	0	0.0835421888053467	0.0	0.0	0.5	0.0	0.0	0.0	0.0	0.0
9	0.0	0.0	41	0.0303030303030303	7.15	0	0.26881720430107525	0.0	0.0	0.0	0.0	0.0	0.0	0.0	0.0
2	0.0	0.0	47	0.0245398773006134	13.09	0	0.019762845849802372	0.0	0.0	0.0	0.0	0.0	0.0	0.019762845849802372	0.0
1	0.0	0.0	36	0.0	4.95	0	0.8064516129032259	0.0	0.0	0.5	0.0	0.0	0.0	0.0	0.0
0	0.0	0.0	48	0.0	10.53	0	0.0	0.07507507507507508	0.0	0.0	0.0	0.0	0.0	0.0	0.03753753753753754
1	0.0	0.0	30	0.0	5.75	0	0.0	0.3546099290780142	0.0	0.0	0.0	0.0	0.0	0.0	0.1773049645390071
1	0.0	0.0	0	0.0	16.48	0	0.0	0.24154589371980678	0.0	0.0	0.0	0.0	0.0	0.0	0.0
1	0.0	0.0	5	0.0	17.74	0	0.7518796992481203	0.0	0.0	3.5	0.0	0.0	0.0	0.37593984962406013	0.0
0	0.0	0.0	11	0.0434782608695652	0.0	0	0.18726591760299627	0.0	0.0	1.0	0.0	0.0	0.0	0.0	0.0
3	0.0	0.0	10	0.0418410041841004	16.8	0	0.15203344735841887	0.0	0.0	1.625	0.0	0.0	0.0	0.0	0.0
1	0.0	0.0	15	0.0	9.93	0	0.18148820326678766	0.0	0.0	0.5	0.0	0.0	0.0	0.0	0.0
0	0.0	0.0	22	0.075	0.0	1	0.3424657534246575	0.3472222222222222	0.0	0.3333333333333333	0.0	0.0	0.0	0.0	0.3472222222222222
1	0.0	0.0	0	0.0060790273556231	16.25	0	0.010410160316468874	0.0	0.0	0.0	0.0	0.0	0.0	0.0	0.0
0	0.0	0.0	36	0.3448275862068966	6.63	0	0.0	0.12210012210012211	0.0	1.0	0.0	0.0	0.0	0.0	0.0
1	0.0	0.0	32	0.0606060606060606	11.77	0	0.05512679162072767	0.0	0.0	0.0	0.0	0.0	0.0	0.05512679162072767	0.0
0	0.0	0.0	31	0.0	0.0	1	1.7391304347826089	0.3205128205128205	0.0	0.0	0.0	0.0	0.0	0.0	0.24038461538461536
1	0.0	0.0	43	0.1153846153846153	5.3	1	0.0	1.061836352279825	0.0	0.5882352941176471	0.0	0.0	0.0	0.0	0.9056839475327919
1	0.0	0.0	0	0.0	33.19	0	0.0	0.0794912559618442	0.0	0.0	0.0	0.0	0.0	0.0	0.0
1	1.0	0.0	35	0.1538461538461538	4.83	1	0.2855782960495002	0.8795669824086604	0.0	0.52	0.0	0.0	0.0	0.0	0.4059539918809202
0	0.0	0.0	16	0.125	0.0	0	0.8474576271186441	0.0	0.0	0.0	0.0	0.0	0.0	0.0	0.0
2	0.0	0.0	35	0.0	15.08	0	0.0	0.08278145695364239	0.0	0.5	0.0	0.0	0.0	0.0	0.0
1	0.0	0.0	38	0.0824742268041237	32.32	0	0.07840062720501764	0.0	0.0	0.0	0.0	0.0	0.0	0.0	0.0
1	0.0	0.0	20	0.0	15.47	0	0.0	0.029463759575721865	0.0	0.0	0.0	0.0	0.0	0.0	0.0
1	0.0	0.0	0	0.0	17.42	0	0.0	0.5405405405405405	0.0	0.0	0.0	0.0	0.0	0.0	0.0
1	0.0	0.0	15	0.25	3.0	0	0.0	0.390625	0.0	0.0	0.0	0.0	0.0	0.0	0.0
1	0.0	0.0	5	0.0	16.56	0	0.03849114703618168	0.0	0.0	0.0	0.0	0.0	0.0	0.0	0.0
3	0.0	0.0	41	0.0	15.45	0	0.020483408439164276	0.0	0.0	0.0	0.0	0.0	0.0	0.020483408439164276	0.0
3	0.0	0.0	17	0.0	16.69	0	0.02689618074233459	0.0	0.0	8.0	0.0	0.0	0.0	0.0	0.0
0	0.0	0.5	22	0.0	27.8	1	0.10559662090813093	1.1450381679389312	0.0	0.5	0.0	0.0	0.0	0.0	0.0
3	0.0	0.0	2	0.0	16.9	0	0.0	0.5555555555555556	0.0	0.5	0.0	0.0	0.0	0.0	0.0
0	0.0	0.0	15	0.0	0.0	0	5.555555555555555	0.0	0.0	0.0	0.0	0.0	0.0	0.0	0.0
3	0.0	0.0	47	0.0141843971631205	13.92	0	0.0	0.040048057669203045	0.0	0.5	0.0	0.0	0.0	0.0	0.06007208650380457
1	0.0	0.0	19	0.2142857142857142	7.96	0	0.4464285714285714	0.0	0.0	0.0	0.0	0.0	0.0	0.0	0.0
3	0.0	0.0	14	0.0	51.01	0	0.03221649484536083	0.025953802232026993	0.0	0.0	0.0	0.0	0.0	0.0	0.0
0	0.0	0.0	18	0.0	0.0	0	0.11135857461024498	0.0	0.0	0.0	0.0	0.0	0.0	0.0	0.0
0	0.0	0.0	39	0.08	6.78	0	0.4297994269340974	0.0	0.0	0.0	0.0	0.0	0.0	0.0	0.0
3	0.0	0.0	5	0.0227272727272727	15.82	0	0.0	0.05221932114882507	0.0	0.0	0.0	0.0	0.0	0.0	0.0
1	0.0	0.0	0	0.0	16.58	0	0.0	0.24038461538461536	0.0	0.5	0.0	0.0	0.0	0.0	0.0
0	0.0	0.0	11	0.0	0.0	1	3.571428571428571	0.0	0.0	1.0	0.0	0.0	0.0	0.0	0.0
8	0.0	0.0	50	0.0066225165562913	15.89	0	0.010821339681852614	0.0	0.0	0.0	0.0	0.0	0.0	0.010821339681852614	0.0
1	0.0	0.0	50	0.0	14.34	0	0.0	0.012103606874848705	0.0	0.0	0.0	0.0	0.0	0.0	0.07262164124909222
3	0.0	0.0	0	0.0	16.63	0	0.0	0.08620689655172414	0.0	0.0	0.0	0.0	0.0	0.0	0.0
2	0.0	0.0	48	0.0	14.48	0	0.02500625156289072	0.0	0.0	0.0	0.0	0.0	0.0	0.02500625156289072	0.0
0	0.0	0.0	13	0.0	0.0	0	0.0	0.08305647840531562	0.0	0.0	0.0	0.0	0.0	0.0	0.0
0	0.0	0.0	18	0.3	0.0	0	0.0	1.3157894736842106	0.0	0.5	0.0	0.0	0.0	0.0	1.3157894736842106
1	0.0	0.0	35	0.11650485436893199	9.58	0	0.0	0.10309278350515465	0.0	0.0	0.0	0.0	0.0	0.0	0.0
1	0.0	0.0	18	0.0416666666666666	9.4	0	0.0	0.21551724137931036	0.0	2.0	0.0	0.0	0.0	0.0	0.0
2	0.0	0.0	27	0.7195767195767195	14.03	0	0.0	0.10526315789473684	0.0	0.5	0.0	0.0	0.0	0.0	0.0
1	0.5	0.0	17	0.0	11.0	0	0.3508771929824561	0.0	0.0	0.0	0.0	0.0	0.0	0.0	0.0
5	0.0	0.0	48	0.0	13.94	0	0.03607503607503608	0.0	0.0	0.0	0.0	0.0	0.0	0.0	0.0
2	0.0	0.0	20	0.0	9.2	0	0.3225806451612903	0.0	0.0	0.0	0.0	0.0	0.0	0.0	0.0
1	0.0	0.0	32	0.0	10.0	0	1.4184397163120568	0.0	0.0	0.0	0.0	0.0	0.0	0.0	0.0
2	0.0	0.0	25	0.0090497737556561	16.02	0	0.02185792349726776	0.0	0.0	0.0	0.0	0.0	0.0	0.0	0.0
0	0.0	0.0	21	0.0	15.52	0	0.0	0.02328830926874709	0.0	0.0	0.0	0.0	0.0	0.0	0.0
1	0.0	0.0	1	0.0	16.55	0	2.0	0.0	0.0	0.0	0.0	0.0	0.0	0.0	0.0
0	0.0	0.0	43	0.4925373134328358	0.0	0	0.3546099290780142	0.0	0.0	0.0	0.0	0.0	0.0	0.0	0.0
0	0.0	0.0	2	0.0	16.25	0	0.019619383951343928	0.0	0.0	0.0	0.0	0.0	0.0	0.0	0.0
1	0.0	0.0	15	0.2857142857142857	5.2	0	1.1627906976744187	0.0	0.0	0.0	0.0	0.0	0.0	0.0	0.0
5	0.0	0.0	72	0.0076923076923076	14.09	0	0.018864365214110546	0.0	0.0	0.5	0.0	0.0	0.0	0.0	0.010447137484329294
1	0.0	0.0	61	0.2238805970149253	9.63	0	0.05017561465127948	0.0	0.0	1.0	0.0	0.0	0.0	0.0	0.0
1	0.0	0.5	20	0.1583333333333333	4.0	0	0.0423728813559322	0.0	0.0	0.0	0.0	0.0	0.0	0.0423728813559322	0.0
2	0.0	0.0	2	0.2857142857142857	26.77	0	0.37037037037037035	0.0	0.0	0.0	0.0	0.0	0.0	0.0	0.0
2	0.0	0.0	0	0.0	13.01	0	0.0	0.06341154090044389	0.0	0.0	0.0	0.0	0.0	0.0	0.0
2	0.0	0.0	18	0.0	16.14	0	0.02574002574002574	0.0	0.0	1.0	0.0	0.0	0.0	0.0	0.0
4	0.5	1.0	4	0.1396648044692737	28.2	0	0.031017369727047144	0.05451076587626057	0.0	0.16666666666666666	0.0	0.0	0.0	0.0	0.0
0	0.0	0.0	39	0.025	0.0	1	0.1972386587771203	0.7698541329011346	0.0	0.64	0.0	0.0	0.0	0.1972386587771203	0.0
2	0.0	0.0	5	0.0	16.07	0	0.19569471624266144	0.0	0.0	0.0	0.0	0.0	0.0	0.0	0.0
2	0.0	0.0	48	0.2420382165605095	10.79	0	0.0	0.019477989871445264	0.0	1.0	0.0	0.0	0.0	0.0	0.019477989871445264
1	0.0	0.0	0	0.0	16.85	0	0.0	0.2808988764044944	0.0	0.0	0.0	0.0	0.0	0.0	0.0
2	0.0	0.0	18	0.0	8.54	0	0.2032520325203252	0.0	0.0	0.0	0.0	0.0	0.0	0.0	0.0
3	0.0	0.0	0	0.0	16.6	0	0.0	0.09842519685039369	0.0	1.0	0.0	0.0	0.0	0.0	0.0
3	0.0	0.0	37	0.0	17.11	0	0.44326241134751776	0.0	0.0	0.0	0.0	0.0	0.0	0.0	0.0
0	0.0	0.0	36	0.0	0.0	0	0.0	0.38167938931297707	0.0	0.0	0.0	0.0	0.0	0.0	0.19083969465648853
1	0.0	0.0	0	0.1111111111111111	17.43	0	0.0	1.282051282051282	0.0	0.0	0.0	0.0	0.0	0.0	0.0
4	0.0	0.0	4	0.0	16.07	0	0.0250501002004008	0.0	0.0	0.0	0.0	0.0	0.0	0.0	0.0
6	0.0	0.0	39	0.0	13.99	0	0.046772684752104776	0.0	0.0	0.0	0.0	0.0	0.0	0.023386342376052388	0.0
2	1.0	1.0	42	0.0	14.06	0	0.4694835680751174	0.0	0.0	0.0	0.0	0.0	0.0	0.0	0.0
2	0.0	0.0	0	0.0	16.27	0	0.0	0.13157894736842105	0.0	0.0	0.0	0.0	0.0	0.0	0.0
1	0.0	0.0	15	0.0	6.76	0	0.4672897196261682	0.0	0.0	0.0	0.0	0.0	0.0	0.0	0.0
2	0.0	0.0	19	0.0	15.78	0	0.028481913984619765	0.0	0.0	0.0	0.0	0.0	0.0	0.0	0.0
0	0.0	0.0	14	0.4444444444444444	17.72	0	1.3513513513513513	0.0	0.0	1.0	0.0	0.0	0.0	0.0	0.0
0	0.0	0.0	1	0.2457142857142857	16.53	0	0.0	0.0351493848857645	0.0	1.0	0.0	0.0	0.0	0.0	0.0
0	0.0	0.0	16	0.0	0.0	0	0.0	1.1627906976744187	0.0	0.0	0.0	0.0	0.0	0.0	0.0
2	0.0	0.0	42	0.0	14.85	0	0.0	0.03178639542275906	0.0	0.0	0.0	0.0	0.0	0.0	0.01589319771137953
3	0.0	0.0	47	0.2113821138211382	11.22	0	0.07183908045977011	0.0	0.0	0.0	0.0	0.0	0.0	0.0	0.0
2	0.0	0.0	69	0.0	13.74	0	0.0	0.05417118093174431	0.0	0.0	0.0	0.0	0.0	0.0	0.0
1	0.0	0.0	79	0.0	9.48	0	0.9345794392523364	0.0	0.0	0.0	0.0	0.0	0.0	0.0	0.0
3	1.0	1.0	29	0.0	10.57	0	0.0	0.0308641975308642	0.0	0.0	0.0	0.0	0.0	0.0	0.0462962962962963
4	0.0	0.0	22	0.0	9.3	0	0.0	0.13297872340425532	0.0	0.0	0.0	0.0	0.0	0.0	0.0
0	0.0	0.0	45	0.0	12.29	0	0.0	0.03987240829346093	0.0	0.0	0.0	0.0	0.0	0.0	0.03987240829346093
3	0.0	0.0	13	0.0209790209790209	15.88	0	0.026490066225165563	0.0	0.0	0.0	0.0	0.0	0.0	0.0	0.0
1	0.0	0.0	17	0.2807017543859649	14.73	0	0.12195121951219513	0.0	0.0	0.0	0.0	0.0	0.0	0.0	0.0
5	0.0	0.0	36	0.0	15.18	0	0.0	0.02508780732563974	0.0	0.0	0.0	0.0	0.0	0.029368575624082235	0.0
1	0.0	0.0	23	0.1666666666666666	10.23	0	0.16260162601626016	0.0	0.0	0.0	0.0	0.0	0.0	0.16260162601626016	0.0
2	0.0	0.0	15	0.0952380952380952	10.7	0	0.0	0.11682242990654206	0.0	0.0	0.0	0.0	0.0	0.0	0.0
1	0.0	0.0	19	0.0	5.82	0	0.4807692307692307	0.0	0.0	0.5	0.0	0.0	0.0	0.0	0.0
1	0.0	0.0	49	0.0	11.5	0	0.0	0.3392705682782019	0.0	0.0	0.0	0.0	0.0	0.0	0.0
5	0.0	0.0	56	0.0	14.79	0	0.0	0.04079967360261118	0.0	0.0	0.0	0.0	0.0	0.0	0.04079967360261118
1	0.0	0.0	19	0.0	9.5	0	0.18518518518518517	0.0	0.0	0.0	0.0	0.0	0.0	0.0	0.0
2	0.0	0.0	18	0.0	8.5	0	0.39370078740157477	0.0	0.0	0.0	0.0	0.0	0.0	0.39370078740157477	0.0
3	0.0	0.0	67	0.074074074074074	4.88	0	0.3472222222222222	0.0	0.0	1.0	0.0	0.0	0.0	0.0	0.0
0	0.0	0.0	7	0.0	12.5	0	0.0	0.09960159362549802	0.0	0.0	0.0	0.0	0.0	0.0	0.0
1	0.0	0.0	24	0.0	16.09	0	0.02134927412467976	0.0	0.0	0.5	0.0	0.0	0.0	0.0	0.0
2	0.0	0.0	29	0.0	6.45	0	0.0	0.3731343283582089	0.0	0.5	0.0	0.0	0.0	0.0	0.0
0	1.0	1.0	44	0.0	57.5	0	0.0	0.057870370370370364	0.0	0.0	0.0	0.0	0.0	0.0	0.014467592592592591
1	0.5	1.0	20	0.08	19.5	0	0.0	0.02068680182043856	0.0	0.0	0.0	0.0	0.0	0.0	0.0
3	0.0	0.0	22	0.0	19.75	0	0.06877579092159561	0.0	0.0	0.0	0.0	0.0	0.0	0.0	0.049115913555992145
3	0.0	0.0	0	0.0384615384615384	16.96	0	0.0	0.16611295681063123	0.0	0.0	0.0	0.0	0.0	0.0	0.0
0	0.0	0.0	45	0.0	15.47	0	0.00804634695848085	0.0	0.0	0.0	0.0	0.0	0.0	0.00804634695848085	0.0
0	0.0	0.0	20	0.0	0.0	0	0.0286368843069874	0.0	0.0	0.0	0.0	0.0	0.0	0.0286368843069874	0.0
1	0.0	0.0	0	0.0	9.5	0	0.0	0.1838235294117647	0.0	0.0	0.0	0.0	0.0	0.0	0.0
2	1.0	0.0	7	0.1712062256809338	1.0	0	0.0	0.19071837253655435	0.0	0.16666666666666666	0.0	0.0	0.0	0.0	0.0
2	0.5	0.0	56	0.0	29.21	1	0.9230769230769231	0.0	0.0	1.2777777777777777	0.0	0.0	0.0	0.0	0.20453115166771554
2	0.0	0.0	64	0.0	13.96	0	0.020370747606437156	0.0	0.0	0.0	0.0	0.0	0.0	0.0	0.0
2	0.0	0.0	28	0.0	15.08	0	0.0	0.11961722488038279	0.0	0.0	0.0	0.0	0.0	0.0	0.0
1	0.0	0.0	0	0.0	18.07	0	0.0	0.24154589371980678	0.0	2.0	0.0	0.0	0.0	0.0	0.0
5	0.0	0.0	0	0.0	16.77	0	0.0	0.31446540880503143	0.0	0.0	0.0	0.0	0.0	0.0	0.0
10	0.0	0.0	54	0.0	15.41	0	0.012049644535486204	0.0	0.0	0.0	0.0	0.0	0.0	0.0	0.014684287812041117
1	0.0	0.0	20	0.0	7.66	0	0.2136752136752137	0.0	0.0	0.0	0.0	0.0	0.0	0.0	0.0
3	0.0	0.0	40	0.0133333333333333	34.92	1	0.0	2.2908366533864544	0.0	0.6521739130434783	0.0	0.0	0.0	0.17464198393293748	1.7928286852589643
1	0.0	0.0	16	0.0	7.19	0	0.29940119760479045	0.0	0.0	0.0	0.0	0.0	0.0	0.0	0.0
0	1.0	1.0	28	0.0	0.0	0	0.0	0.026448029621793174	0.0	0.5	0.0	0.0	0.0	0.0	0.026448029621793174
1	0.0	0.0	2	0.0	16.62	0	0.0	0.031756113051762465	0.0	0.0	0.0	0.0	0.0	0.0	0.0
1	0.0	0.0	31	0.0613496932515337	30.62	0	0.02649708532061473	0.0	0.0	0.5	0.0	0.0	0.0	0.02649708532061473	0.0
1	0.0	0.0	19	0.0238095238095238	15.96	0	0.029922202274087373	0.0	0.0	0.0	0.0	0.0	0.0	0.029922202274087373	0.0
1	1.0	0.0	0	0.0	10.0	0	0.0	0.18181818181818182	0.0	0.0	0.0	0.0	0.0	0.0	0.0
1	0.0	0.0	14	0.5108695652173914	21.0	0	0.0	0.19047619047619047	0.0	0.0	0.0	0.0	0.0	0.0	0.0
0	0.0	0.0	15	0.0	0.0	0	0.0	0.2173913043478261	0.0	0.0	0.0	0.0	0.0	0.0	0.0
0	1.0	1.0	17	0.0	0.0	0	0.0	0.09727626459143969	0.0	0.0	0.0	0.0	0.0	0.0	0.048638132295719845
1	0.0	0.0	0	0.0137931034482758	16.3	0	0.0	0.020312817387771687	0.0	0.5	0.0	0.0	0.0	0.0	0.0
1	0.0	0.0	47	0.0	9.5	0	0.3333333333333333	0.0	0.0	0.0	0.0	0.0	0.0	0.0	0.0
3	0.0	0.0	0	0.0372093023255813	17.85	0	0.0	0.024015369836695485	0.0	14.5	0.0	0.0	0.0	0.0	0.0
2	0.0	0.0	30	0.0	21.77	0	0.059665871121718374	0.0	0.0	0.5	0.0	0.0	0.0	0.0	0.04555808656036447
2	0.0	0.0	20	0.0434782608695652	14.87	0	0.0	0.04962779156327544	0.0	0.0	0.0	0.0	0.0	0.0	0.0
6	0.0	0.0	48	0.1486486486486486	13.62	0	0.0	0.05128205128205128	0.0	0.0	0.0	0.0	0.0	0.013245033112582781	0.05128205128205128
1	0.0	0.0	0	0.0	17.14	0	0.0	0.3623188405797102	0.0	0.0	0.0	0.0	0.0	0.0	0.0
1	0.0	0.0	34	0.3495145631067961	8.0	0	0.0	0.09930486593843098	0.0	0.5	0.0	0.0	0.0	0.0	0.0
0	0.0	0.0	1	0.0806451612903225	24.66	0	0.07686395080707148	0.0	0.0	0.5	0.0	0.0	0.0	0.0	0.0
1	0.0	0.0	32	0.0606060606060606	9.69	0	0.0818330605564648	0.0	0.0	0.5	0.0	0.0	0.0	0.0409165302782324	0.0
1	0.0	0.0	0	0.0	16.61	0	0.0	0.19841269841269843	0.0	0.16666666666666666	0.0	0.0	0.0	0.0	0.0
0	0.0	0.0	27	0.0	0.0	0	0.0	0.4618937644341801	0.0	0.5	0.0	0.0	0.0	0.0	0.40415704387990764
1	0.0	0.0	32	0.0	11.5	0	0.17152658662092624	0.0	0.0	0.0	0.0	0.0	0.0	0.0	0.0
3	0.0	0.0	0	0.0	16.63	0	0.0	0.03115264797507788	0.0	0.0	0.0	0.0	0.0	0.0	0.0
5	0.3333333333333333	1.0	28	0.1184834123222748	54.36	0	0.0	0.04595588235294117	0.0	0.0	0.0	0.0	0.0	0.0	0.04595588235294117
1	0.0	0.0	45	0.0	6.6	0	0.49019607843137253	0.0	0.0	0.0	0.0	0.0	0.0	0.0	0.0
3	0.0	0.0	54	0.0	14.37	0	0.02300437083045779	0.0	0.0	0.0	0.0	0.0	0.0	0.0	0.0
3	0.0	0.0	47	0.0	15.66	0	0.014777597162701344	0.015098897780462025	0.0	0.25	0.0	0.0	0.0	0.0	0.0
9	0.0	0.0	39	0.0	16.04	0	0.027412280701754388	0.0	0.0	0.0	0.0	0.0	0.0	0.0	0.0
1	1.0	1.0	35	0.0	6.5	0	0.0	0.09074410163339383	0.0	0.0	0.0	0.0	0.0	0.0	0.0
1	0.0	0.0	26	0.0	15.94	0	0.0	0.04678362573099415	0.0	0.25	0.0	0.0	0.0	0.010773540185304893	0.0
2	0.0	0.0	16	0.0	6.72	0	0.2617801047120419	0.0	0.0	0.0	0.0	0.0	0.0	0.0	0.0
1	0.0	0.0	19	0.0	6.08	0	0.2777777777777778	0.0	0.0	0.0	0.0	0.0	0.0	0.0	0.0
4	0.0	0.0	6	0.0	16.79	1	0.0	0.5076142131979695	0.0	0.75	0.0	0.0	0.0	0.0	0.3807106598984772
1	1.0	0.0	21	0.1666666666666666	0.34	1	0.0	81.25	0.0	1.1538461538461537	0.0	0.0	0.0	0.0	0.0
1	0.0	0.0	32	0.0	15.3	0	0.024563989191844757	0.0	0.0	0.0	0.0	0.0	0.0	0.0	0.01836210062431142
4	0.0	0.0	3	0.0	16.23	0	0.028604118993135013	0.0	0.0	0.0	0.0	0.0	0.0	0.0	0.0
2	0.0	0.0	32	0.2857142857142857	14.95	0	0.015738117721120555	0.0	0.0	0.0	0.0	0.0	0.0	0.0	0.0
6	0.0	0.0	36	0.0	15.51	0	0.021663778162911613	0.0	0.0	0.0	0.0	0.0	0.0	0.0	0.02345765892563922
0	1.0	1.0	22	0.0	0.0	0	0.028579594169762787	0.0	0.0	0.0	0.0	0.0	0.0	0.028579594169762787	0.0
4	0.0	0.0	37	0.0	15.67	0	0.019007793195210038	0.0	0.0	0.0	0.0	0.0	0.0	0.028511689792815053	0.0
4	0.0	0.0	52	0.0	14.17	0	0.023364485981308414	0.0	0.0	0.0	0.0	0.0	0.0	0.0	0.0
0	0.0	0.0	21	0.1764705882352941	0.0	0	0.0	0.14836795252225518	0.0	0.0	0.0	0.0	0.0	0.0	0.0
1	0.0	0.0	2	0.0	16.23	0	0.9090909090909091	0.0	0.0	0.0	0.0	0.0	0.0	0.0	0.0
2	0.0	0.0	78	0.0	12.18	0	0.0	0.8547008547008548	0.0	0.0	0.0	0.0	0.0	0.0	0.0
3	0.5	0.0	42	0.0	9.45	0	0.010950503723171266	0.033211557622052475	0.0	0.0	0.0	0.0	0.0	0.0	0.033211557622052475
2	0.0	0.0	0	0.0476190476190476	16.24	0	0.09652509652509653	0.0	0.0	0.0	0.0	0.0	0.0	0.0	0.0
0	0.0	0.0	21	0.0	0.0	0	0.0	0.1724137931034483	0.0	0.0	0.0	0.0	0.0	0.0	0.1724137931034483
0	0.0	0.0	0	0.0	16.44	0	0.0	0.044543429844097995	0.0	0.0	0.0	0.0	0.0	0.0	0.0
0	0.0	0.0	17	0.0	0.0	1	0.0	0.0	0.0	0.5	0.0	0.0	0.0	0.0	0.0
2	0.0	0.0	5	0.1111111111111111	18.21	0	0.0	0.42016806722689076	0.0	0.0	0.0	0.0	0.0	0.0	0.0
1	0.0	0.0	2	0.0	16.16	0	0.03351206434316354	0.0	0.0	0.0	0.0	0.0	0.0	0.0	0.0
0	0.0	0.0	27	0.0	0.0	0	0.041220115416323165	0.0	0.0	0.5	0.0	0.0	0.0	0.0	0.0
1	0.0	0.0	0	0.0526315789473684	16.95	0	0.0	0.2040816326530612	0.0	0.0	0.0	0.0	0.0	0.0	0.0
0	0.0	0.0	2	0.3465346534653465	16.2	0	0.09372071227741331	0.0	0.0	0.0	0.0	0.0	0.0	0.0	0.0
0	0.0	0.0	0	0.0	21.94	0	0.0	0.027292576419213975	0.0	0.0	0.0	0.0	0.0	0.0	0.0
0	0.0	0.0	31	0.25	0.0	0	1.0204081632653061	0.0	0.0	0.0	0.0	0.0	0.0	0.0	0.0
3	0.0	0.0	26	0.0	9.46	0	0.0	0.14749262536873156	0.0	0.0	0.0	0.0	0.0	0.0	0.0
1	0.0	0.0	41	0.1351351351351351	13.06	0	0.025163563160543533	0.0	0.0	0.0	0.0	0.0	0.0	0.0	0.0
1	0.0	0.0	34	0.1946564885496183	15.9	0	0.015297537096527458	0.0	0.0	0.0	0.0	0.0	0.0	0.007648768548263729	0.0
7	0.0	0.0	36	0.0089285714285714	15.09	0	0.0	0.022670596236681027	0.0	0.0	0.0	0.0	0.0	0.0	0.022670596236681027
1	0.0	0.0	13	0.1111111111111111	9.5	0	0.24038461538461536	0.0	0.0	0.5	0.0	0.0	0.0	0.0	0.0
2	0.0	0.0	4	0.0	13.74	0	0.0	0.37037037037037035	0.0	0.0	0.0	0.0	0.0	0.0	0.0
0	0.0	0.0	1	0.0	16.58	0	0.0	0.04484304932735426	0.0	0.5	0.0	0.0	0.0	0.0	0.0
2	0.0	0.0	0	0.0	16.28	0	0.04557885141294439	0.0	0.0	0.0	0.0	0.0	0.0	0.0	0.0
5	0.0	0.0	41	0.0075757575757575	15.12	0	0.02504382669671926	0.0	0.0	0.0	0.0	0.0	0.0	0.0	0.0
0	0.0	0.0	7	0.0	16.07	0	0.0	0.015467904098994584	0.0	0.0	0.0	0.0	0.0	0.0	0.0
1	0.0	0.0	0	0.0	9.5	0	0.0	0.4504504504504504	0.0	0.0	0.0	0.0	0.0	0.0	0.0
0	0.0	0.0	26	0.2954545454545454	0.0	0	0.0	0.2040816326530612	0.0	0.0	0.0	0.0	0.0	0.0	0.2040816326530612
1	0.0	1.0	38	0.078853046594982	17.44	0	0.0	0.03081664098613251	0.0	0.0	0.0	0.0	0.0	0.0	0.015408320493066254
2	0.0	0.0	28	0.0	9.08	0	3.191489361702128	0.0	0.0	0.0	0.0	0.0	0.0	0.5319148936170213	0.0
2	0.0	0.0	0	0.0	16.79	0	0.0	0.04098360655737705	0.0	0.0	0.0	0.0	0.0	0.0	0.0
3	0.0	0.0	0	0.0	14.65	0	0.1763668430335097	0.0	0.0	0.0	0.0	0.0	0.0	0.0	0.0
4	0.0	0.0	19	0.0	9.79	0	0.0	0.14534883720930233	0.0	0.0	0.0	0.0	0.0	0.0	0.0
0	0.0	0.0	46	0.1111111111111111	0.0	0	0.2840909090909091	0.0	0.0	0.0	0.0	0.0	0.0	0.0	0.0
1	0.0	0.0	1	0.0	17.84	0	0.3401360544217687	0.0	0.0	1.0	0.0	0.0	0.0	0.0	0.0
4	0.0	0.0	2	0.2857142857142857	16.33	0	0.09363295880149813	0.0	0.0	0.0	0.0	0.0	0.0	0.0	0.0
2	0.0	0.0	15	0.0	6.89	0	0.4464285714285714	0.0	0.0	0.0	0.0	0.0	0.0	0.0	0.0
0	0.0	0.0	38	0.0	0.0	0	0.0	0.044722719141323794	0.0	1.0	0.0	0.0	0.0	0.0	0.0
1	0.0	0.0	48	0.0	9.4	0	1.2048192771084338	0.0	0.0	0.25	0.0	0.0	0.0	0.0	0.0
0	0.0	0.0	19	0.0	10.64	0	0.0	0.11210762331838565	0.0	1.0	0.0	0.0	0.0	0.0	0.0
3	0.0	0.0	43	0.0	5.54	0	0.5235602094240838	0.0	0.0	0.0	0.0	0.0	0.0	0.0	0.0
1	0.5	0.0	76	0.0	13.27	1	0.2033438770899232	0.7067943456452348	0.0	0.825	0.0	0.0	0.0	0.18075011296882063	0.0
1	0.0	0.0	2	0.0	17.35	0	0.4166666666666667	0.0	0.0	1.0	0.0	0.0	0.0	0.0	0.0
5	0.0	0.0	0	0.0	16.59	0	0.0	0.0723589001447178	0.0	0.0	0.0	0.0	0.0	0.0	0.0
0	0.0	1.0	21	0.05063291139240499	0.0	1	3.207547169811321	0.0	0.0	0.6470588235294118	0.0	0.0	0.0	0.0	0.0
1	0.0	0.0	35	0.0	14.89	0	0.03082614056720099	0.0	0.0	0.5	0.0	0.0	0.0	0.015413070283600495	0.0
4	0.0	0.0	30	0.0	15.42	0	0.02570033410434336	0.0	0.0	0.0	0.0	0.0	0.0	0.0	0.0
0	1.0	1.0	31	0.4705882352941176	0.0	0	0.0	0.3205128205128205	0.0	0.0	0.0	0.0	0.0	0.0	0.0
2	1.0	0.0	36	0.0519480519480519	25.79	0	0.040257648953301126	0.0	0.0	1.0	0.0	0.0	0.0	0.0	0.0
1	0.0	0.0	0	0.0	9.5	0	0.0	0.13812154696132597	0.0	1.0	0.0	0.0	0.0	0.0	0.0
0	0.0	0.0	35	0.0705882352941176	14.74	0	0.0	0.03579098067287043	0.0	1.0	0.0	0.0	0.0	0.0	0.0
2	0.0	0.0	39	0.0	12.42	0	0.0	0.061576354679802964	0.0	0.0	0.0	0.0	0.0	0.02147766323024055	0.061576354679802964
4	0.0	0.0	15	0.2777777777777778	8.02	0	0.0	0.2008032128514056	0.0	2.0	0.0	0.0	0.0	0.6329113924050632	0.0
6	0.0	0.0	40	0.0705128205128205	14.21	0	0.034722222222222224	0.0	0.0	0.0	0.0	0.0	0.0	0.034722222222222224	0.0
0	0.0	0.0	46	0.0	9.91	0	0.05197505197505198	0.0	0.0	0.0	0.0	0.0	0.0	0.05197505197505198	0.0
4	0.0	0.0	41	0.0086206896551724	15.16	0	0.0	0.02145002145002145	0.0	0.0	0.0	0.0	0.0	0.0	0.02145002145002145
0	0.0	0.0	32	0.0773809523809523	14.67	0	0.021159542953872196	0.0	0.0	0.0	0.0	0.0	0.0	0.0	0.014757969303423848
0	0.0	0.0	43	0.0	15.54	0	0.0	0.014450867052023121	0.0	6.0	0.0	0.0	0.0	0.00829324929507381	0.028901734104046242
6	0.0	0.0	57	0.0062111801242236	14.88	0	0.0	0.007687576875768757	0.0	0.0	0.0	0.0	0.0	0.0	0.030750307503075027
0	0.0	0.0	4	0.2065217391304347	16.86	0	0.0	0.09057971014492755	0.0	1.0	0.0	0.0	0.0	0.0	0.0
1	0.0	0.0	28	0.0	9.5	0	0.24390243902439027	0.0	0.0	0.0	0.0	0.0	0.0	0.0	0.0
2	0.0	0.0	1	0.0	16.31	0	0.0	0.1088139281828074	0.0	0.0	0.0	0.0	0.0	0.0	0.0
0	0.0	0.0	22	0.0	0.0	0	0.19157088122605365	0.0	0.0	0.0	0.0	0.0	0.0	0.0	0.0
7	0.0	0.0	31	0.0	16.3	0	0.0	0.014781966001478195	0.0	0.0	0.0	0.0	0.0	0.0	0.0
0	1.0	0.5	42	0.0242424242424242	0.0	1	1.0046367851622875	0.06602839220864973	0.0	0.5813953488372093	0.0	0.0	0.0	0.0	0.033014196104324864
2	0.0	0.0	39	0.0	12.66	0	0.0	0.052083333333333336	0.0	0.5	0.0	0.0	0.0	0.0	0.052083333333333336
1	0.0	0.0	35	0.0	5.77	0	0.0	0.974025974025974	0.0	0.0	0.0	0.0	0.0	0.0	0.16233766233766234
2	0.0	0.0	0	0.0	16.91	0	0.0	0.37593984962406013	0.0	0.25	0.0	0.0	0.0	0.0	0.0
6	0.0	0.0	66	0.0423280423280423	13.38	0	0.012677484787018257	0.0	0.0	0.0	0.0	0.0	0.0	0.0	0.0
3	0.0	0.0	44	0.0	15.34	0	0.01893222264293828	0.0	0.0	0.0	0.0	0.0	0.0	0.00946611132146914	0.0
0	1.0	1.0	17	0.0	0.0	0	0.056625141562853906	0.0	0.0	0.0	0.0	0.0	0.0	0.056625141562853906	0.0
1	1.0	0.0	37	0.0	17.5	0	0.18832391713747648	0.0	0.0	0.0	0.0	0.0	0.0	0.0	0.0
0	0.0	0.0	20	0.0	0.0	0	0.0	0.18450184501845018	0.0	1.0	0.0	0.0	0.0	0.0	0.18450184501845018
1	0.0	0.0	18	0.1304347826086956	15.78	0	0.0	0.02868617326448652	0.0	0.0	0.0	0.0	0.0	0.0	0.0
0	0.0	0.0	17	0.0212765957446808	0.0	0	0.0	0.1006036217303823	0.0	0.0	0.0	0.0	0.0	0.0	0.0
2	0.0	0.0	62	0.0	5.23	0	0.0	0.28735632183908044	0.0	0.0	0.0	0.0	0.0	0.0	0.0
1	0.0	0.0	23	0.0	8.97	1	0.7766990291262136	0.0	0.0	1.0	0.0	0.0	0.0	0.0	0.056818181818181816
1	0.0	0.0	33	0.0	14.49	0	0.0427715996578272	0.0	0.0	1.0	0.0	0.0	0.0	0.0	0.0
1	0.0	0.0	2	0.0	16.44	0	0.10615711252653928	0.0	0.0	0.0	0.0	0.0	0.0	0.0	0.0
1	0.0	0.0	0	0.0	17.18	0	0.0	0.4132231404958678	0.0	0.5	0.0	0.0	0.0	0.0	0.0
2	0.0	0.0	31	0.0	14.68	0	0.08431703204047218	0.0	0.0	0.0	0.0	0.0	0.0	0.0	0.0
3	0.0	0.0	0	0.0	16.27	0	0.0	0.03558718861209964	0.0	0.0	0.0	0.0	0.0	0.0	0.0
2	1.0	0.5	28	0.1403508771929824	6.79	1	1.0662177328843996	0.0	0.0	1.0	0.0	0.0	0.0	0.0	0.0
0	0.0	1.0	32	0.0	30.06	1	0.8755760368663594	0.037257824143070044	0.0	0.8095238095238095	0.0	0.0	0.0	0.0	0.037257824143070044
2	0.0	0.0	27	0.0047846889952153	15.74	0	0.0	0.01260716086737267	0.0	0.0	0.0	0.0	0.0	0.0	0.0
3	0.0	0.0	12	0.0	11.8	0	0.1510574018126888	0.0	0.0	1.0	0.0	0.0	0.0	0.0	0.0
1	0.0	0.0	0	0.0	16.2	0	0.0	0.20920502092050208	0.0	0.0	0.0	0.0	0.0	0.0	0.0
0	0.5	1.0	17	0.1843971631205673	18.87	0	0.22408963585434172	0.0	0.0	1.25	0.0	0.0	0.0	0.22408963585434172	0.0
0	0.0	0.0	13	0.1538461538461538	0.0	0	0.9090909090909091	0.0	0.0	0.0	0.0	0.0	0.0	0.0	0.0
1	0.0	0.0	19	0.0	8.0	0	0.0	0.0423728813559322	0.0	0.5	0.0	0.0	0.0	0.0	0.0
3	1.0	1.0	25	0.1071428571428571	26.26	0	0.0	0.07757951900698215	0.0	0.0	0.0	0.0	0.0	0.0	0.0
2	0.0	0.0	36	0.0	6.74	0	0.0	0.13774104683195593	0.0	0.5	0.0	0.0	0.0	0.0	0.0
2	0.0	0.0	32	0.0	11.17	0	0.0	0.21978021978021978	0.0	0.0	0.0	0.0	0.0	0.0	0.0
2	0.0	0.0	19	0.0	9.46	0	0.33112582781456956	0.0	0.0	0.0	0.0	0.0	0.0	0.0	0.0
0	0.0	0.0	20	0.0	0.0	0	0.05672149744753262	0.0	0.0	0.0	0.0	0.0	0.0	0.0	0.0
4	0.0	0.0	22	0.0909090909090909	14.83	0	0.024390243902439025	0.0	0.0	1.0	0.0	0.0	0.0	0.0	0.0
1	0.0	0.0	47	0.0	15.21	0	0.018018018018018018	0.0	0.0	0.0	0.0	0.0	0.0	0.0	0.0
1	1.0	0.0	16	0.4680851063829787	50.54	0	0.2971768202080238	0.0	0.0	0.375	0.0	0.0	0.0	0.0	0.0
0	1.0	1.0	78	0.0085836909871244	19.8	0	0.0	0.06793478260869565	0.0	0.5	0.0	0.0	0.0	0.0	0.050951086956521736
4	0.0	0.0	0	0.0292682926829268	16.77	0	0.020916126333403052	0.0	0.0	0.0	0.0	0.0	0.0	0.0	0.0
0	0.5	0.3333333333333333	44	0.0	41.19	1	0.5250403877221325	0.37209302325581395	0.047619047619047616	0.7619047619047619	0.0	0.04038772213247173	0.0	0.04038772213247173	0.0
4	0.0	0.0	0	0.0	16.21	0	0.03589375448671931	0.0	0.0	0.0	0.0	0.0	0.0	0.0	0.0
1	0.0	1.0	0	0.1764705882352941	66.7	0	0.0	0.4175365344467641	0.0	2.0	0.0	0.0	0.0	0.0	0.0
7	0.0	0.0	76	0.0	12.64	0	0.0	0.02540650406504065	0.0	0.0	0.0	0.0	0.0	0.0	0.0
5	0.0	0.0	31	0.010204081632653	17.36	0	0.048947626040137054	0.0	0.0	0.0	0.0	0.0	0.0	0.0	0.0
2	0.0	0.0	22	0.0	13.78	0	0.0	0.22271714922048996	0.0	0.5	0.0	0.0	0.0	0.0	0.0
1	0.0	0.0	41	0.0	9.5	0	0.14662756598240467	0.0	0.0	0.0	0.0	0.0	0.0	0.0	0.0
0	0.0	0.0	18	0.0	14.76	0	0.0	0.04655493482309125	0.0	0.0	0.0	0.0	0.0	0.0	0.04655493482309125
1	0.0	0.0	0	0.3333333333333333	13.31	0	0.0	3.846153846153846	0.0	0.0	0.0	0.0	0.0	0.0	0.0
1	0.0	0.0	0	0.0	45.98	0	0.0	0.4329004329004329	0.0	0.0	0.0	0.0	0.0	0.0	0.0
4	0.0	0.0	41	0.0	14.43	0	0.05324813631522896	0.0	0.0	0.0	0.0	0.0	0.0	0.0	0.0
4	0.0	0.0	2	0.0	16.98	0	0.0	0.5988023952095809	0.0	0.0	0.0	0.0	0.0	0.0	0.0
2	0.0	0.0	44	0.0	16.21	0	0.0	1.5625	0.0	0.25	0.0	0.0	0.0	0.0	0.0
0	0.0	1.0	11	0.3532338308457711	7.71	0	0.0	0.07017543859649122	0.0	1.25	0.0	0.0	0.0	0.0	0.0
2	0.0	0.0	21	0.0	12.03	0	0.4629629629629629	0.0	0.0	0.5	0.0	0.0	0.0	0.0	0.0
3	0.0	0.0	1	0.0	16.2	0	0.022644927536231887	0.0	0.0	0.0	0.0	0.0	0.0	0.0	0.0
0	0.0	0.0	20	0.0588235294117647	0.0	0	0.03346720214190094	0.0	0.0	0.0	0.0	0.0	0.0	0.03346720214190094	0.0
2	0.0	0.0	15	0.0	7.69	0	0.0	0.3246753246753247	0.0	0.0	0.0	0.0	0.0	0.0	0.0
1	0.0	0.0	0	0.0	13.74	0	0.0	2.380952380952381	0.0	0.0	0.0	0.0	0.0	0.0	0.0
0	0.0	1.0	17	0.0	0.0	0	0.04366812227074236	0.0	0.0	0.0	0.0	0.0	0.0	0.0	0.0
2	0.0	0.0	66	0.0	9.06	0	0.041999160016799666	0.0	0.0	0.0	0.0	0.0	0.0	0.020999580008399833	0.03115264797507788
1	0.0	0.0	42	0.0	10.0	0	0.6944444444444444	0.0	0.0	0.0	0.0	0.0	0.0	0.0	0.0
3	0.0	0.0	28	0.25	14.68	0	0.023518344308560677	0.0	0.0	0.0	0.0	0.0	0.0	0.0	0.0
1	0.0	0.0	18	0.0943396226415094	4.71	0	0.11135857461024498	0.0	0.0	0.0	0.0	0.0	0.0	0.11135857461024498	0.0
4	0.0	0.0	37	0.0	10.67	0	0.10330578512396695	0.0	0.0	0.0	0.0	0.0	0.0	0.05165289256198347	0.0
0	0.0	0.0	15	0.0	15.39	0	0.0	0.035765379113018594	0.0	0.0	0.0	0.0	0.0	0.0	0.0
1	0.0	0.0	26	0.1666666666666666	9.5	0	0.3448275862068966	0.0	0.0	0.0	0.0	0.0	0.0	0.0	0.0
0	0.0	0.0	31	0.0	0.0	0	0.3731343283582089	0.0	0.0	0.5	0.0	0.0	0.0	0.0	0.0
1	0.0	0.0	5	0.0	16.56	0	0.0	0.038850038850038855	0.0	1.0	0.0	0.0	0.0	0.0	0.038850038850038855
0	0.0	0.0	45	0.0	0.0	0	0.0	0.044365572315882874	0.0	0.0	0.0	0.0	0.0	0.0	0.022182786157941437
0	0.0	0.0	10	0.2342857142857143	16.78	0	0.0	0.1440922190201729	0.0	2.5	0.0	0.0	0.0	0.0	0.0
3	0.0	0.0	22	0.0	15.78	0	0.0	0.03125	0.0	0.0	0.0	0.0	0.0	0.0	0.0
1	0.0	0.0	0	0.0	11.0	0	0.0	0.36496350364963503	0.0	0.0	0.0	0.0	0.0	0.0	0.0
1	0.0	0.0	41	0.0526315789473684	0.47	1	0.0	0.7633587786259541	0.0	0.5	0.0	0.0	0.0	0.14705882352941177	0.38167938931297707
1	0.0	0.0	23	0.5625	5.49	0	0.3731343283582089	0.0	0.0	0.5	0.0	0.0	0.0	0.0	0.0
1	0.0	0.0	48	0.2222222222222222	3.5	0	0.0	0.4464285714285714	0.0	0.0	0.0	0.0	0.0	0.0	0.4464285714285714
1	0.0	0.0	7	0.1388888888888889	15.21	0	0.0	0.10121457489878542	0.0	1.0	0.0	0.0	0.0	0.0	0.10121457489878542
5	0.0	0.0	49	0.0	15.44	0	0.010146103896103896	0.0	0.0	1.0	0.0	0.0	0.0	0.010146103896103896	0.011256190904997748
0	0.0	0.0	19	0.0	0.0	0	0.0	0.0	0.0	0.5	0.0	0.0	0.0	0.0	0.0
1	0.0	0.0	0	0.0	9.5	0	0.0	0.040783034257748776	0.0	0.0	0.0	0.0	0.0	0.0	0.0
0	0.0	0.0	9	0.1	0.0	0	0.0	0.3333333333333333	0.0	1.0	0.0	0.0	0.0	0.0	0.0
1	0.0	0.0	0	0.0	16.4	0	0.0	5.0	0.0	0.0	0.0	0.0	0.0	0.0	0.0
0	1.0	1.0	35	0.0	0.0	0	0.023529411764705882	0.0	0.0	0.0	0.0	0.0	0.0	0.011764705882352941	0.0
0	0.0	0.0	23	0.0	0.0	0	0.0	0.05543237250554324	0.0	0.0	0.0	0.0	0.0	0.0	0.0
1	0.0	0.0	44	0.2418300653594771	11.16	0	0.0	0.06501950585175552	0.0	0.0	0.0	0.0	0.0	0.0	0.06501950585175552
3	0.0	0.0	1	0.0	16.63	0	0.0	0.017658484901995408	0.0	0.0	0.0	0.0	0.0	0.0	0.0
2	0.0	0.0	43	0.0	15.46	0	0.019440124416796267	0.0	0.0	0.0	0.0	0.0	0.0	0.0	0.0
1	0.0	0.0	33	0.0054644808743169	16.21	0	0.0	0.018188432157148056	0.0	0.5	0.0	0.0	0.0	0.0	0.009094216078574028
1	0.0	0.0	18	0.0	8.65	0	0.2173913043478261	0.0	0.0	0.5	0.0	0.0	0.0	0.0	0.0
1	0.0	0.0	37	0.0	14.98	0	0.0	0.03006614552014432	0.0	0.0	0.0	0.0	0.0	0.0	0.01503307276007216
0	0.0	0.0	0	0.0135135135135135	16.6	0	0.0	0.05120327700972862	0.0	0.5	0.0	0.0	0.0	0.0	0.0
3	0.0	0.0	44	0.0	14.56	0	0.0	0.02198285337436799	0.0	0.0	0.0	0.0	0.0	0.0	0.0
1	0.0	0.0	0	0.0	16.74	0	0.0	0.18656716417910446	0.0	0.0	0.0	0.0	0.0	0.0	0.0
2	0.0	0.0	59	0.0518518518518518	14.17	0	0.02679528403001072	0.0	0.0	3.0	0.0	0.0	0.0	0.02679528403001072	0.0
5	0.0	0.0	0	0.0555555555555555	16.93	0	0.0	0.19083969465648853	0.0	0.0	0.0	0.0	0.0	0.0	0.0
2	0.0	0.0	38	0.0588235294117647	14.61	0	0.0	0.035739814152966405	0.0	0.0	0.0	0.0	0.0	0.0	0.017869907076483203
0	0.0	1.0	7	0.0222222222222222	0.0	0	0.0639386189258312	0.0	0.0	1.0	0.0	0.0	0.0	0.0639386189258312	0.0
2	0.0	0.0	2	0.0	16.58	0	0.0441306266548985	0.0	0.0	0.5	0.0	0.0	0.0	0.0	0.0
1	0.0	0.0	40	0.0	7.14	0	0.18832391713747648	0.0	0.0	0.0	0.0	0.0	0.0	0.09416195856873824	0.0
2	0.0	0.0	34	0.0	15.77	0	0.0	0.023239600278875203	0.0	0.0	0.0	0.0	0.0	0.0	0.0
4	0.0	0.0	25	0.0	16.45	0	0.011025358324145534	0.0	0.0	0.5	0.0	0.0	0.0	0.0	0.020868113522537562
4	0.5	0.0	35	0.0	39.78	1	0.0	1.446759259259259	0.0	0.92	0.0	0.0	0.0	0.0	0.8680555555555555
0	0.0	0.0	0	0.0	16.77	0	0.0	0.0	0.0	0.0	0.0	0.0	0.0	0.0	0.0
2	0.3333333333333333	0.0	34	0.0	17.49	0	0.0	0.07575757575757576	0.0	0.0	0.0	0.0	0.0	0.0	0.0
2	0.0	0.0	56	0.0	13.13	0	0.0	0.03382949932341001	0.0	0.0	0.0	0.0	0.0	0.0	0.0
10	0.0	0.0	31	0.0	16.33	0	0.0	0.017898693395382137	0.0	0.0	0.0	0.0	0.0	0.0	0.008949346697691068
2	0.0	0.0	53	0.0175438596491228	9.04	0	0.0	0.05296610169491526	0.0	1.0	0.0	0.0	0.0	0.0	0.0
0	0.0	0.0	19	0.0	0.0	0	0.0	0.07621951219512195	0.0	0.0	0.0	0.0	0.0	0.0	0.038109756097560975
3	0.0	0.0	26	0.0	15.61	0	0.0	0.019387359441644048	0.0	0.0	0.0	0.0	0.0	0.0	0.0
1	0.0	1.0	34	0.0105263157894736	1.41	0	0.0463821892393321	0.0	0.0	0.0	0.0	0.0	0.0	0.0	0.0
2	0.0	0.0	55	0.0	10.95	0	0.018504811250925242	0.0	0.0	0.0	0.0	0.0	0.0	0.037009622501850484	0.0
4	0.0	0.0	16	0.1125541125541125	16.67	0	0.0	0.09541984732824427	0.0	0.0	0.0	0.0	0.0	0.0	0.0
2	0.0	0.0	46	0.0	4.03	0	1.0638297872340425	0.0	0.0	0.5	0.0	0.0	0.0	0.5319148936170213	0.0
0	0.0	0.0	32	0.1751152073732718	15.93	0	0.0	0.013344008540165465	0.0	2.0	0.0	0.0	0.0	0.0	0.0
3	0.0	0.0	0	0.0	16.85	0	0.0	0.28449502133712656	0.0	0.5	0.0	0.0	0.0	0.0	0.0
3	0.0	0.0	77	0.0	4.86	0	0.0	0.46511627906976744	0.0	0.5	0.0	0.0	0.0	0.0	0.0
1	0.0	0.0	61	0.0	5.32	0	0.1160092807424594	0.0	0.0	1.0	0.0	0.0	0.0	0.1160092807424594	0.0
1	1.0	1.0	56	0.0	0.49	1	0.8547008547008548	0.0	0.0	0.7142857142857143	0.0	0.0	0.0	0.0	0.05903187721369539
1	0.0	0.0	13	0.0714285714285714	9.5	0	1.2345679012345678	0.0	0.0	2.0	0.0	0.0	0.0	0.0	0.0
3	0.0	0.0	0	0.0	16.43	0	0.0	0.11614401858304298	0.0	1.0	0.0	0.0	0.0	0.0	0.0
0	0.0	1.0	43	0.1052631578947368	0.0	1	0.45219638242894056	0.21528525296017226	0.09090909090909091	0.45454545454545453	0.0	0.06459948320413436	0.0	0.0	0.10764262648008613
3	0.0	0.0	35	0.0176991150442477	12.92	0	0.30303030303030304	0.0	0.0	0.0	0.0	0.0	0.0	0.15151515151515152	0.0
3	0.0	0.5	44	0.0	21.97	0	0.06317119393556538	0.0	0.0	0.25	0.0	0.0	0.0	0.0	0.0
3	0.3333333333333333	1.0	40	0.0	18.06	0	0.1043115438108484	0.0	0.0	0.0	0.0	0.0	0.0	0.03477051460361613	0.0
7	0.0	0.0	62	0.0	15.33	0	0.028296547821165814	0.0	0.0	0.0	0.0	0.0	0.0	0.0	0.0
1	1.0	1.0	30	0.0	22.0	0	0.0	0.7575757575757576	0.0	0.0	0.0	0.0	0.0	0.0	0.3787878787878788
1	0.0	0.0	20	0.0	15.09	0	0.04460303300624442	0.0	0.0	0.0	0.0	0.0	0.0	0.0	0.0
1	0.0	0.0	17	0.0	12.29	0	0.23923444976076558	0.0	0.0	0.0	0.0	0.0	0.0	0.0	0.0
1	0.5	1.0	57	0.0	5.5	0	0.0	0.027078256160303276	0.0	0.0	0.0	0.0	0.0	0.0	0.0
3	0.0	0.0	35	0.0	40.48	1	0.7323568575233023	0.14738393515106854	0.0	0.23333333333333334	0.0	0.0	0.0	0.0	0.09211495946941783
5	0.0	0.0	57	0.0	12.99	0	0.0	0.014068655036578503	0.0	0.0	0.0	0.0	0.0	0.0	0.0
3	0.0	0.0	42	0.0	6.15	0	0.18656716417910446	0.0	0.0	0.0	0.0	0.0	0.0	0.0	0.0
0	0.0	0.0	18	0.0	0.0	0	0.0	0.25	0.0	0.0	0.0	0.0	0.0	0.0	0.0
0	0.0	0.0	0	0.0	15.95	0	0.019062142584826535	0.0	0.0	0.0	0.0	0.0	0.0	0.0	0.0
0	0.0	1.0	43	0.0	0.0	0	0.0	0.16750418760469013	0.0	0.0	0.0	0.0	0.0	0.0	0.08375209380234507
3	0.0	0.0	0	0.0566037735849056	16.77	0	0.0	0.0929368029739777	0.0	0.0	0.0	0.0	0.0	0.0	0.0
1	0.0	0.0	0	0.0	9.5	0	0.0	0.5813953488372093	0.0	0.0	0.0	0.0	0.0	0.0	0.0
3	1.0	0.5	40	0.0	15.62	0	0.0	0.038314176245210725	0.0	0.0	0.0	0.0	0.0	0.0	0.019157088122605363
1	0.0	0.0	46	0.0	7.3	1	0.5233494363929146	0.0	0.0	0.8846153846153846	0.0	0.0	0.0	0.0	0.02009646302250804
0	0.0	0.0	19	0.0769230769230769	7.25	0	0.35842293906810035	0.0	0.0	0.5	0.0	0.0	0.0	0.0	0.0
1	0.0	0.0	27	0.0	9.5	0	0.4048582995951417	0.0	0.0	0.0	0.0	0.0	0.0	0.0	0.0
3	0.0	0.0	56	0.0	14.65	0	0.03575259206292456	0.0	0.0	0.0	0.0	0.0	0.0	0.0	0.0
2	0.0	0.0	42	0.0	15.11	0	0.0	0.017421602787456445	0.0	0.5	0.0	0.0	0.0	0.0	0.0
4	0.0	0.0	22	0.0	16.25	0	0.02055921052631579	0.0	0.0	0.0	0.0	0.0	0.0	0.02055921052631579	0.02652519893899204
3	0.0	0.0	48	0.0368421052631578	14.28	0	0.0	0.02079866888519135	0.0	0.0	0.0	0.0	0.0	0.0	0.010399334442595675
1	0.5	0.0	35	0.09375	19.6	0	0.0	0.08806693086745926	0.0	0.125	0.0	0.0	0.0	0.0	0.04403346543372963
6	0.0	0.0	0	0.0	16.65	0	0.0	0.02976190476190476	0.0	0.0	0.0	0.0	0.0	0.0	0.0
0	0.0	0.0	17	0.0	0.0	0	0.0	0.14925373134328357	0.0	0.0	0.0	0.0	0.0	0.0	0.0
3	0.0	0.0	51	0.0588235294117647	5.55	0	0.24271844660194175	0.0	0.0	0.5	0.0	0.0	0.0	0.0	0.0
2	0.0	0.0	19	0.0	15.6	0	0.0	0.024242424242424242	0.0	0.0	0.0	0.0	0.0	0.0	0.024242424242424242
1	0.0	0.0	26	0.0	6.78	0	2.027027027027027	0.0	0.0	0.0	0.0	0.0	0.0	0.0	0.0
0	0.0	0.0	59	0.0	7.77	0	0.0	0.1006036217303823	0.0	0.0	0.0	0.0	0.0	0.0	0.1006036217303823
2	0.0	0.0	19	0.0	10.62	0	0.14084507042253522	0.0	0.0	0.5	0.0	0.0	0.0	0.0	0.0
0	0.0	1.0	18	0.0	0.0	0	0.0	0.08264462809917356	0.0	0.0	0.0	0.0	0.0	0.0	0.0
3	0.0	0.0	35	0.0	15.19	0	0.062247121070650474	0.0	0.0	0.0	0.0	0.0	0.0	0.0	0.0127420998980632
2	0.0	0.0	2	0.0	16.78	0	0.0	0.15384615384615385	0.0	0.0	0.0	0.0	0.0	0.0	0.0
4	0.5	0.25	17	0.0	28.01	0	0.020820320632937747	0.0	0.0	0.0	0.0	0.0	0.0	0.0	0.0
1	0.0	0.0	0	0.0	11.5	0	0.0	1.1111111111111112	0.0	1.0	0.0	0.0	0.0	0.0	0.0
1	0.0	0.0	29	0.0	15.72	0	0.023860653781913627	0.0	0.0	0.5	0.0	0.0	0.0	0.0	0.0
0	0.0	0.0	35	0.0	0.0	0	0.15432098765432098	0.0	0.0	0.0	0.0	0.0	0.0	0.07716049382716049	0.0
2	0.0	0.0	29	0.0	31.9	0	0.0	0.32894736842105265	0.0	0.0	0.0	0.0	0.0	0.0	0.0
0	0.0	0.0	18	0.5	0.0	0	0.0	0.5494505494505494	0.0	0.5	0.0	0.0	0.0	0.0	0.0
3	0.0	0.0	2	0.0	16.25	0	0.0	0.029334115576415368	0.0	0.0	0.0	0.0	0.0	0.0	0.0
3	0.0	0.0	32	0.0	15.69	0	0.0	0.032583903551645484	0.0	0.0	0.0	0.0	0.0	0.0	0.0
1	0.0	0.0	0	0.0	16.78	0	0.011706860220088973	0.0	0.0	0.0	0.0	0.0	0.0	0.0	0.0
2	0.0	0.0	0	0.4444444444444444	21.28	0	0.0	0.49019607843137253	0.0	1.0	0.0	0.0	0.0	0.0	0.0
0	0.0	0.0	34	0.0	0.0	0	0.0	1.923076923076923	0.0	0.0	0.0	0.0	0.0	0.0	0.9615384615384615
2	0.0	0.0	31	0.0	15.96	0	0.0	0.014692918013517483	0.0	0.0	0.0	0.0	0.0	0.0	0.0
1	0.0	0.0	18	0.288135593220339	1.0	0	0.11441647597254004	0.0	0.0	0.5	0.0	0.0	0.0	0.11441647597254004	0.0
5	0.0	0.0	49	0.0	15.13	0	0.0	0.024096385542168676	0.0	0.0	0.0	0.0	0.0	0.0	0.024096385542168676
4	0.0	1.0	23	0.0	19.25	0	0.09777560498655587	0.0	0.0	0.0	0.0	0.0	0.0	0.0	0.0
0	0.0	0.0	18	0.0	0.0	0	6.25	0.0	0.0	0.0	0.0	0.0	0.0	0.0	0.0
0	0.0	0.0	2	0.0	17.2	0	0.0	0.0536480686695279	0.0	0.0	0.0	0.0	0.0	0.0	0.0
1	0.0	0.0	1	0.0272108843537414	16.25	0	0.040749796251018745	0.0	0.0	0.0	0.0	0.0	0.0	0.0	0.0
1	0.0	0.0	0	0.25	16.33	0	0.0	0.4273504273504274	0.0	5.0	0.0	0.0	0.0	0.0	0.0
0	0.0	0.0	40	0.0080645161290322	15.3	0	0.02326663564448581	0.0	0.0	0.0	0.0	0.0	0.0	0.02326663564448581	0.0
4	0.0	0.0	31	0.0	16.22	0	0.013787398317937405	0.0	0.0	0.0	0.0	0.0	0.0	0.0068936991589687024	0.0
1	0.0	0.0	30	0.0	16.12	0	0.0	0.009859988168014198	0.0	0.0	0.0	0.0	0.0	0.0	0.0
4	0.0	0.0	70	0.0454545454545454	5.61	0	0.25252525252525254	0.0	0.0	0.0	0.0	0.0	0.0	0.0	0.0
0	0.0	0.0	17	0.0943396226415094	0.0	0	0.0	0.04780114722753346	0.0	0.0	0.0	0.0	0.0	0.0	0.0
1	0.0	0.0	0	0.0	9.5	0	0.0	0.17825311942959002	0.0	0.0	0.0	0.0	0.0	0.0	0.0
1	0.0	0.0	43	0.0	14.44	0	0.0	0.02689618074233459	0.0	0.0	0.0	0.0	0.0	0.0	0.0
3	1.0	0.0	0	0.0	16.95	0	0.0	0.03571428571428571	0.0	0.0	0.0	0.0	0.0	0.0	0.0
3	0.0	0.0	30	0.1111111111111111	6.65	0	0.2040816326530612	0.0	0.0	0.0	0.0	0.0	0.0	0.0	0.0
1	0.0	0.0	0	0.0	16.7	0	0.0	0.1610305958132045	0.0	0.0	0.0	0.0	0.0	0.0	0.0
1	0.0	0.0	23	0.0	10.69	0	0.24660912453760792	0.0	0.0	0.0	0.0	0.0	0.0	0.0	0.0
1	0.0	0.0	35	0.0	13.25	0	0.19569471624266144	0.0	0.0	0.8	0.0	0.0	0.0	0.0	0.0
0	0.0	0.0	16	0.0	0.0	0	0.5	0.0	0.0	0.5	0.0	0.0	0.0	0.0	0.0
0	0.0	0.0	21	0.0	0.0	0	0.0	0.055803571428571425	0.0	0.0	0.0	0.0	0.0	0.0	0.027901785714285712
3	0.0	0.0	0	0.0	16.69	0	0.0	0.21097046413502107	0.0	0.0	0.0	0.0	0.0	0.0	0.0
2	0.0	0.0	40	0.10869565217391301	14.48	0	0.0	0.02927400468384075	0.0	0.0	0.0	0.0	0.0	0.0	0.0
6	0.0	0.0	49	0.0	15.6	0	0.0	0.007243227582210633	0.0	0.0	0.0	0.0	0.0	0.0	0.0
4	0.0	0.0	0	0.0	16.35	0	0.026581605528973953	0.0	0.0	0.0	0.0	0.0	0.0	0.0	0.0
1	0.0	0.0	18	0.0	9.5	0	0.3401360544217687	0.0	0.0	0.25	0.0	0.0	0.0	0.0	0.0
2	0.0	0.5	38	0.0	9.01	0	0.13123359580052493	0.0	0.0	0.0	0.0	0.0	0.0	0.0	0.0
0	0.0	0.0	15	0.0	0.0	0	0.0	0.47619047619047616	0.0	0.0	0.0	0.0	0.0	0.0	0.0
1	0.5	1.0	33	0.0	11.0	0	0.0	0.08298755186721991	0.0	0.5	0.0	0.0	0.0	0.0	0.0
0	0.0	0.0	1	0.0	16.16	0	0.0	0.0196078431372549	0.0	0.5	0.0	0.0	0.0	0.0	0.0
1	0.0	0.0	17	0.0	14.83	0	0.0	0.10660980810234541	0.0	0.0	0.0	0.0	0.0	0.0	0.10660980810234541
1	0.0	0.0	59	0.0	10.0	0	4.444444444444445	0.0	0.0	0.0	0.0	0.0	0.0	0.0	0.0
1	0.0	0.0	1	0.0	16.59	0	0.0	0.03895597974289053	0.0	0.0	0.0	0.0	0.0	0.0	0.0
5	0.0	0.0	43	0.0	13.74	0	0.0	0.06631299734748011	0.0	1.0	0.0	0.0	0.0	0.0	0.13262599469496023
5	0.0	0.0	37	0.0056022408963585	16.08	0	0.0	0.016744809109176157	0.0	0.0	0.0	0.0	0.0	0.0	0.008372404554588079
3	0.0	0.0	0	0.0	18.03	0	0.0	0.07662835249042145	0.0	4.0	0.0	0.0	0.0	0.0	0.0
1	1.0	1.0	64	0.0	19.5	0	0.048007681228996645	0.0	0.0	0.5	0.0	0.0	0.0	0.048007681228996645	0.0
1	0.0	0.0	34	0.0	9.5	0	0.2840909090909091	0.0	0.0	0.25	0.0	0.0	0.0	0.0	0.0
1	0.0	0.0	2	0.1111111111111111	16.29	0	0.27624309392265195	0.0	0.0	0.0	0.0	0.0	0.0	0.0	0.0
0	0.0	0.0	17	0.0	0.0	0	0.19011406844106465	0.0	0.0	0.0	0.0	0.0	0.0	0.0	0.0
4	0.0	0.0	21	0.1452991452991453	15.1	0	0.0	0.04873294346978558	0.0	0.0	0.0	0.0	0.0	0.0	0.0
1	0.0	0.0	0	0.144927536231884	16.79	0	0.0	0.19083969465648853	0.0	0.0	0.0	0.0	0.0	0.0	0.0
1	0.0	0.0	28	0.0	11.79	0	0.0	0.12106537530266344	0.0	0.5	0.0	0.0	0.0	0.0	0.0
0	0.0	0.0	29	0.0	14.2	0	0.0	0.06988120195667365	0.0	0.0	0.0	0.0	0.0	0.0	0.0
1	0.0	0.0	61	0.0384615384615384	5.57	0	0.0	0.16233766233766234	0.0	0.0	0.0	0.0	0.0	0.0	0.0
5	0.0	0.0	0	0.032258064516129	16.47	0	0.10989010989010989	0.0	0.0	0.5	0.0	0.0	0.0	0.0	0.0
1	0.0	0.0	18	0.0	8.96	0	0.9661835748792271	0.0	0.0	0.0	0.0	0.0	0.0	0.0	0.0
1	0.0	0.0	5	0.1538461538461538	15.27	0	0.6097560975609756	0.0	0.0	1.0	0.0	0.0	0.0	0.0	0.0
0	0.0	0.0	49	0.0	14.07	0	0.03146633102580239	0.0	0.0	0.0	0.0	0.0	0.0	0.0	0.0
4	0.0	0.0	23	0.0	14.75	0	0.0	0.03690036900369004	0.0	0.0	0.0	0.0	0.0	0.0	0.0
2	0.0	0.0	40	0.0	15.35	0	0.030684258975145748	0.0	0.0	0.0	0.0	0.0	0.0	0.030684258975145748	0.0
8	0.0	0.0	22	0.0076628352490421	16.46	0	0.0	0.2028985507246377	0.0	0.07142857142857142	0.0	0.0	0.0	0.0	0.0
2	0.0	0.0	33	0.0	9.89	0	0.0	0.13404825737265416	0.0	0.0	0.0	0.0	0.0	0.0	0.0
1	0.0	0.0	28	0.0	8.0	0	0.2840909090909091	0.0	0.0	0.0	0.0	0.0	0.0	0.2840909090909091	0.0
1	0.0	0.0	28	0.0	9.5	0	0.16129032258064516	0.0	0.0	0.0	0.0	0.0	0.0	0.0	0.0
2	0.0	0.0	57	0.0	6.39	0	0.23094688221709006	0.0	0.0	0.0	0.0	0.0	0.0	0.0	0.0
2	0.0	0.0	32	0.0	9.85	0	0.08025682182985554	0.0	0.0	0.5	0.0	0.0	0.0	0.0	0.0
1	0.0	0.0	0	0.0	16.6	0	0.0	0.37735849056603776	0.0	0.0	0.0	0.0	0.0	0.0	0.0
0	0.0	0.0	36	0.0	14.33	0	0.0	0.0324254215304799	0.0	0.0	0.0	0.0	0.0	0.0	0.01621271076523995
1	0.0	0.0	18	0.0	5.33	0	0.0	0.42016806722689076	0.0	0.5	0.0	0.0	0.0	0.0	0.0
2	0.0	0.0	0	0.0	16.76	0	0.0	0.2534854245880862	0.0	0.0	0.0	0.0	0.0	0.0	0.0
0	0.0	0.0	41	0.0	0.0	0	0.0	0.1234567901234568	0.0	0.5	0.0	0.0	0.0	0.0	0.0
1	0.0	0.0	17	0.1333333333333333	8.96	0	0.0	0.32679738562091504	0.0	0.0	0.0	0.0	0.0	0.0	0.0
1	0.0	0.0	1	0.2018348623853211	18.34	0	0.07830853563038372	0.0	0.0	7.0	0.0	0.0	0.0	0.0	0.0
1	0.0	0.0	21	0.0	9.5	0	0.24096385542168672	0.0	0.0	0.5	0.0	0.0	0.0	0.0	0.0
1	1.0	0.0	28	0.0	6.5	0	0.0	0.059880239520958084	0.0	0.0	0.0	0.0	0.0	0.0	0.0
0	0.0	0.0	2	0.0	16.08	0	0.04349717268377556	0.0	0.0	0.5	0.0	0.0	0.0	0.0	0.0
9	0.0	0.0	11	0.028169014084507005	15.03	0	0.0	0.4261363636363636	0.0	0.0	0.0	0.0	0.0	0.0	0.0
1	0.0	0.0	23	0.0555555555555555	10.88	0	0.0	0.2958579881656805	0.0	1.0	0.0	0.0	0.0	0.0	0.0
3	0.0	0.0	52	0.0	14.95	0	0.040749796251018745	0.0	0.0	0.0	0.0	0.0	0.0	0.040749796251018745	0.0
3	0.0	0.0	39	0.0	14.77	0	0.03188775510204082	0.0	0.0	0.5	0.0	0.0	0.0	0.0	0.0
5	0.0	0.0	40	0.0	15.26	0	0.0	0.025994281258123215	0.0	0.0	0.0	0.0	0.0	0.0	0.025994281258123215
1	0.0	0.0	13	0.0	9.5	0	0.16025641025641024	0.0	0.0	0.5	0.0	0.0	0.0	0.0	0.0
1	0.0	1.0	67	0.0	10.8	0	0.3831417624521073	0.0	0.0	1.5	0.0	0.0	0.0	0.0	0.0
1	0.0	0.0	43	0.0	10.15	0	0.0	0.041631973355537054	0.0	0.0	0.0	0.0	0.0	0.0	0.0
1	0.0	0.0	18	0.4285714285714285	9.5	0	1.6666666666666667	0.0	0.0	0.5	0.0	0.0	0.0	0.0	0.0
1	0.0	0.0	28	0.0338983050847457	10.71	0	0.0	0.03457814661134163	0.0	0.0	0.0	0.0	0.0	0.0	0.0
1	0.0	0.0	18	0.1818181818181818	6.41	0	0.4464285714285714	0.0	0.0	0.0	0.0	0.0	0.0	0.0	0.0
2	0.0	0.0	27	0.0	9.01	0	0.4608294930875576	0.0	0.0	0.0	0.0	0.0	0.0	0.0	0.0
1	0.0	0.0	17	0.0	8.98	0	0.23148148148148145	0.0	0.0	0.5	0.0	0.0	0.0	0.0	0.0
1	0.0	0.0	0	0.0	16.39	0	0.0	0.2252252252252252	0.0	0.5	0.0	0.0	0.0	0.0	0.0
2	0.0	0.0	16	0.0	7.93	0	0.07407407407407407	0.0	0.0	0.0	0.0	0.0	0.0	0.0	0.0
3	0.0	0.0	49	0.158590308370044	13.51	0	0.0	0.025176233635448138	0.0	0.5	0.0	0.0	0.0	0.0	0.0
3	0.0	0.0	25	0.1596244131455399	15.65	0	0.0	0.02025111381125962	0.0	0.0	0.0	0.0	0.0	0.0	0.0
1	1.0	0.0	44	0.0100502512562814	4.5	0	0.0	0.03424657534246575	0.0	0.0	0.0	0.0	0.0	0.0	0.017123287671232876
0	0.0	0.0	0	0.0	15.95	0	0.0	0.04061738424045491	0.0	0.0	0.0	0.0	0.0	0.0	0.0
0	0.0	0.0	34	0.0	14.51	0	0.0	0.028425241614553724	0.0	0.0	0.0	0.0	0.0	0.0	0.014212620807276862
2	0.0	0.0	26	0.0158730158730158	59.81	1	1.3824884792626728	0.0	0.0	0.8333333333333334	0.0	0.0	0.0	0.0	0.06688963210702341
3	0.0	0.0	54	0.0	14.43	0	0.0	0.02521432173474534	0.0	0.0	0.0	0.0	0.0	0.0	0.0
2	0.0	0.0	18	0.0	8.91	0	0.16339869281045752	0.0	0.0	0.0	0.0	0.0	0.0	0.0	0.0
2	0.0	0.0	0	0.0	15.98	0	0.0	0.08818342151675485	0.0	0.0	0.0	0.0	0.0	0.0	0.0
0	0.0	0.0	38	0.0	13.52	0	0.0	0.05583472920156337	0.0	0.0	0.0	0.0	0.0	0.0	0.027917364600781685
2	0.0	0.0	0	0.0	18.23	0	0.0	0.6666666666666666	0.0	1.0	0.0	0.0	0.0	0.0	0.0
2	0.0	0.0	13	0.0069444444444444	16.15	0	0.05763688760806917	0.0	0.0	0.3333333333333333	0.0	0.0	0.0	0.0	0.0
2	0.0	0.0	0	0.0	40.54	0	1.9607843137254901	0.0	0.0	0.0	0.0	0.0	0.0	0.0	0.0
3	0.0	0.0	50	0.0	6.18	0	0.09398496240601503	0.0	0.0	0.0	0.0	0.0	0.0	0.0	0.0
1	0.0	0.0	0	0.0	16.36	0	0.0	0.17605633802816903	0.0	0.0	0.0	0.0	0.0	0.0	0.0
2	0.0	0.0	22	0.0	15.9	0	0.028042624789680316	0.0	0.0	0.0	0.0	0.0	0.0	0.0	0.0
1	0.0	0.0	0	0.0	9.5	0	0.0	0.6329113924050632	0.0	0.0	0.0	0.0	0.0	0.0	0.0
0	0.0	0.0	22	0.0	0.0	0	0.13513513513513511	0.0	0.0	0.0	0.0	0.0	0.0	0.0	0.0
1	0.0	0.0	17	0.2	9.5	0	0.8064516129032259	0.0	0.0	0.0	0.0	0.0	0.0	0.0	0.0
1	0.0	0.0	0	0.0	17.54	0	0.0	0.5154639175257733	0.0	0.0	0.0	0.0	0.0	0.0	0.0
0	0.0	0.0	16	0.0	0.0	0	0.0	0.17482517482517484	0.0	0.0	0.0	0.0	0.0	0.0	0.0
3	0.0	0.0	43	0.0	15.33	0	0.0	0.019334880123743233	0.0	0.5	0.0	0.0	0.0	0.0	0.019334880123743233
2	0.0	0.0	0	0.0	12.76	0	0.0	0.2631578947368421	0.0	1.0	0.0	0.0	0.0	0.0	0.0
1	0.0	0.0	39	0.0	6.3	0	0.15479876160990713	0.0	0.0	0.0	0.0	0.0	0.0	0.0	0.0
2	0.0	0.0	43	0.0061538461538461	15.4	0	0.018709073900841908	0.0	0.0	0.0	0.0	0.0	0.0	0.018709073900841908	0.0
3	0.0	0.0	46	0.0	14.94	0	0.0	0.033738191632928474	0.0	0.0	0.0	0.0	0.0	0.017283097131005877	0.0
4	0.0	0.0	2	0.0	16.17	0	0.0	0.04329004329004329	0.0	0.0	0.0	0.0	0.0	0.0	0.0
1	0.0	0.0	27	0.0	9.9	0	0.0	0.1251564455569462	0.0	0.0	0.0	0.0	0.0	0.0	0.0625782227784731
0	0.0	0.0	17	0.15	0.0	0	0.023809523809523808	0.0	0.0	0.0	0.0	0.0	0.0	0.0	0.0
2	0.0	0.0	6	0.0	16.26	0	0.0	0.020529665366454525	0.0	0.0	0.0	0.0	0.0	0.0	0.0
4	0.0	0.0	22	0.0730593607305936	15.98	0	0.05063291139240506	0.0	0.0	0.0	0.0	0.0	0.0	0.0	0.0
1	0.0	0.0	19	0.0909090909090909	6.69	0	0.45454545454545453	0.0	0.0	0.5	0.0	0.0	0.0	0.0	0.0
4	0.0	0.0	46	0.0	15.44	0	0.0	0.03345600535296086	0.0	0.0	0.0	0.0	0.0	0.0	0.01672800267648043
2	0.0	0.0	23	0.2222222222222222	11.84	0	0.0	2.272727272727273	0.0	0.0	0.0	0.0	0.0	0.0	0.0
0	0.0	0.0	23	0.0454545454545454	0.0	0	0.10245901639344263	0.0	0.0	0.0	0.0	0.0	0.0	0.0	0.0
2	0.0	0.0	17	0.0	5.42	0	0.7042253521126761	0.0	0.0	0.0	0.0	0.0	0.0	0.0	0.0
1	0.0	0.0	0	0.0	16.07	0	0.03028467595396729	0.0	0.0	0.0	0.0	0.0	0.0	0.0	0.0
4	0.25	0.3333333333333333	32	0.0	15.38	0	0.023889154323936932	0.0	0.0	0.0	0.0	0.0	0.0	0.0	0.0
1	0.0	0.0	22	0.0	5.07	0	0.8333333333333334	0.0	0.0	0.0	0.0	0.0	0.0	0.0	0.0
1	0.0	0.0	2	0.0	16.32	0	0.049212598425196846	0.0	0.0	2.0	0.0	0.0	0.0	0.0	0.0
3	0.0	1.0	34	0.0	11.78	0	0.0	0.08936550491510277	0.0	0.0	0.0	0.0	0.0	0.0	0.08936550491510277
1	0.0	0.0	0	0.0	17.08	0	0.0	0.30120481927710846	0.0	0.0	0.0	0.0	0.0	0.0	0.0
1	0.0	0.0	15	0.0	1.0	0	0.2747252747252747	0.0	0.0	0.0	0.0	0.0	0.0	0.0	0.0
0	1.0	0.0	45	0.0571428571428571	0.0	0	0.0	0.2304147465437788	0.0	0.5	0.0	0.0	0.0	0.0	0.1152073732718894
2	0.0	0.0	0	0.0	17.24	0	0.0	0.3546099290780142	0.0	0.0	0.0	0.0	0.0	0.0	0.0
1	0.0	0.0	2	0.0	16.38	0	0.0	0.01631853785900783	0.0	0.0	0.0	0.0	0.0	0.0	0.0
3	0.0	0.0	0	0.11020408163265301	16.83	0	0.0	0.02895193977996526	0.0	3.0	0.0	0.0	0.0	0.0	0.0
1	0.0	0.0	0	0.0	16.77	0	0.0	0.44776119402985076	0.0	0.0	0.0	0.0	0.0	0.0	0.0
2	0.0	0.0	15	0.0	8.64	0	0.18450184501845018	0.0	0.0	0.0	0.0	0.0	0.0	0.0	0.0
1	0.0	0.0	15	0.0	9.5	0	0.20920502092050208	0.0	0.0	0.0	0.0	0.0	0.0	0.0	0.0
1	1.0	0.0	0	0.0	12.26	0	0.1582278481012658	0.0	0.0	0.5	0.0	0.0	0.0	0.0	0.0
3	0.0	0.0	0	0.010752688172043001	19.82	0	0.05078720162519045	0.0	0.0	1.0	0.0	0.0	0.0	0.0	0.0
2	0.0	0.0	27	0.2647058823529412	15.23	0	0.022271714922048998	0.0	0.0	0.0	0.0	0.0	0.0	0.0	0.0
0	0.5	0.0	44	0.0884955752212389	4.63	1	0.21725636250775918	0.8021390374331551	0.0	0.25806451612903225	0.0	0.0	0.0	0.186219739292365	0.5013368983957219
2	0.0	0.0	16	0.0	9.83	0	0.2304147465437788	0.0	0.0	0.0	0.0	0.0	0.0	0.0	0.0
3	0.0	0.0	30	0.0757575757575757	14.24	0	0.1362397820163488	0.0	0.0	0.75	0.0	0.0	0.0	0.0	0.0
1	0.0	0.0	0	0.5	17.5	0	0.0	0.0	0.0	0.0	0.0	0.0	0.0	0.0	0.0
1	0.0	0.0	0	0.0	11.31	0	0.0	0.06402048655569782	0.0	0.0	0.0	0.0	0.0	0.0	0.0
1	0.0	0.0	13	0.0	8.96	0	0.0	0.45248868778280543	0.0	0.0	0.0	0.0	0.0	0.0	0.0
2	0.0	0.0	0	0.0	16.29	0	0.0	0.036062026685899744	0.0	0.0	0.0	0.0	0.0	0.0	0.0
3	0.0	0.0	32	0.0082304526748971	15.84	0	0.0	0.024108003857280617	0.0	0.0	0.0	0.0	0.0	0.0	0.0
2	0.0	0.0	24	0.0636942675159235	16.07	0	0.0	0.027041644131963225	0.0	14.0	0.0	0.0	0.0	0.0	0.027041644131963225
0	0.0	0.0	0	0.009009009009009002	30.14	0	0.04899559039686428	0.0	0.0	0.0	0.0	0.0	0.0	0.0	0.0
2	0.0	0.0	0	0.0	16.71	0	0.0	0.22026431718061673	0.0	0.0	0.0	0.0	0.0	0.0	0.0
0	0.0	0.0	25	0.0	0.0	1	14.285714285714285	0.0	0.0	0.75	0.0	0.0	0.0	12.499999999999998	0.0
5	0.0	0.0	43	0.2421052631578947	23.65	0	0.04849660523763336	0.0	0.0	0.0	0.0	0.0	0.0	0.0	0.0
0	0.0	0.0	32	0.0	0.0	0	0.2336448598130841	0.0	0.0	0.0	0.0	0.0	0.0	0.11682242990654206	0.0
2	0.0	0.0	42	0.0	16.34	0	0.11061946902654868	0.0	0.0	0.0	0.0	0.0	0.0	0.0	0.0
3	0.0	0.0	4	0.0	15.47	0	0.2336448598130841	0.0	0.0	0.0	0.0	0.0	0.0	0.0	0.0
1	0.0	0.0	27	0.0	6.31	0	0.38167938931297707	0.0	0.0	0.0	0.0	0.0	0.0	0.0	0.0
4	0.0	1.0	36	0.0242914979757085	28.52	0	0.04965243296921549	0.0	0.0	0.0	0.0	0.0	0.0	0.012413108242303872	0.0
0	0.0	1.0	36	0.0	0.0	0	0.0	0.1287001287001287	0.0	0.0	0.0	0.0	0.0	0.0	0.0
1	0.0	0.0	0	0.0	16.77	0	0.0	0.1597444089456869	0.0	0.5	0.0	0.0	0.0	0.0	0.0
0	0.0	0.0	11	0.36065573770491793	14.7	0	0.12562814070351758	0.0	0.0	1.0	0.0	0.0	0.0	0.0	0.0
3	0.0	0.0	70	0.0	9.66	0	0.544464609800363	0.0	0.0	0.0	0.0	0.0	0.0	0.0	0.0
1	0.0	0.0	0	0.0	17.47	0	0.01971608832807571	0.0	0.0	3.0	0.0	0.0	0.0	0.0	0.0
3	0.0	0.0	1	0.0	16.39	0	0.013618412093149937	0.0	0.0	0.0	0.0	0.0	0.0	0.0	0.0
1	0.0	0.0	35	0.0	16.0	0	0.0	0.03026634382566586	0.0	0.0	0.0	0.0	0.0	0.0	0.0
0	0.0	0.0	20	0.0	0.0	0	0.06226650062266501	0.0	0.0	0.5	0.0	0.0	0.0	0.06226650062266501	0.0
0	0.0	0.0	29	0.0	0.0	0	0.0	0.06720430107526881	0.0	0.0	0.0	0.0	0.0	0.0	0.0
0	0.0	0.0	1	0.1699346405228758	16.65	0	0.0	0.03773584905660377	0.0	0.5	0.0	0.0	0.0	0.0	0.0
4	0.0	0.0	49	0.0	15.26	0	0.0	0.015096618357487924	0.0	2.0	0.0	0.0	0.0	0.0	0.015096618357487924
2	0.0	0.0	19	0.0196078431372549	18.08	0	0.0	0.10330578512396695	0.0	0.0	0.0	0.0	0.0	0.0	0.0
1	0.5	0.0	28	0.0	20.5	0	0.0	0.19305019305019305	0.0	0.0	0.0	0.0	0.0	0.0	0.09652509652509653
0	0.0	0.0	17	0.0	0.0	0	0.21097046413502107	0.0	0.0	0.0	0.0	0.0	0.0	0.0	0.0
1	0.0	0.0	0	0.0	9.5	0	0.0	0.40322580645161293	0.0	0.0	0.0	0.0	0.0	0.0	0.0
1	0.0	0.0	16	0.0	9.5	0	0.641025641025641	0.0	0.0	0.5	0.0	0.0	0.0	0.0	0.0
3	0.0	0.0	19	0.2514285714285714	15.19	0	0.1364877161055505	0.0	0.0	0.0	0.0	0.0	0.0	0.0	0.0
0	0.0	0.0	32	0.0	0.0	0	0.0	0.15151515151515152	0.0	0.5	0.0	0.0	0.0	0.0	0.0
5	0.0	0.0	36	0.0	15.6	0	0.0	0.02469745616201531	0.0	0.5	0.0	0.0	0.0	0.0	0.0
6	0.0	0.0	19	0.0	15.97	0	0.018604651162790697	0.0	0.0	0.0	0.0	0.0	0.0	0.0	0.0
7	0.0	0.0	48	0.0363636363636363	15.52	0	0.0	0.04395604395604396	0.0	0.0	0.0	0.0	0.0	0.015669069257286117	0.01098901098901099
2	0.0	0.0	41	0.0	9.21	0	0.0	0.07961783439490445	0.0	0.0	0.0	0.0	0.0	0.0	0.03980891719745223
1	0.0	0.0	39	0.0	13.76	0	0.019357336430507164	0.0	0.0	1.0	0.0	0.0	0.0	0.0	0.0
5	0.0	0.0	0	0.1538461538461538	17.47	0	0.0	1.0989010989010988	0.0	0.5	0.0	0.0	0.0	0.0	0.0
5	0.3333333333333333	0.5	42	0.0	29.26	0	0.0	0.02359046945034206	0.0	0.0	0.0	0.0	0.0	0.0	0.0
1	0.0	0.0	18	0.0168776371308016	16.52	0	0.017871503887052095	0.0	0.0	0.0	0.0	0.0	0.0	0.0	0.0
0	1.0	1.0	39	0.0	0.0	0	0.04284490145672665	0.0	0.0	0.0	0.0	0.0	0.0	0.0	0.0
6	0.0	0.0	0	0.0	16.36	0	0.027442371020856202	0.0	0.0	0.5	0.0	0.0	0.0	0.0	0.0
1	0.0	0.0	41	0.0	13.83	0	0.0	0.041271151465125874	0.0	0.0	0.0	0.0	0.0	0.0	0.041271151465125874
0	0.0	0.0	19	0.0	0.0	0	0.21551724137931036	0.0	0.0	0.0	0.0	0.0	0.0	0.0	0.0
0	0.0	0.0	2	0.1957671957671957	0.0	0	0.0	0.033647375504710635	0.0	1.0	0.0	0.0	0.0	0.0	0.0
0	0.0	0.0	23	0.0	0.0	0	0.0	0.21645021645021645	0.0	0.0	0.0	0.0	0.0	0.0	0.21645021645021645
1	0.0	0.0	30	0.0	9.5	0	0.12690355329949238	0.0	0.0	0.0	0.0	0.0	0.0	0.0	0.0
2	0.0	0.0	0	0.0	15.51	0	0.0	0.11210762331838565	0.0	0.0	0.0	0.0	0.0	0.0	0.0
1	0.0	0.0	0	0.0	17.69	0	0.0	1.1494252873563218	0.0	0.0	0.0	0.0	0.0	0.0	0.0
2	0.5	1.0	31	0.0	16.21	0	0.0408997955010225	0.0	0.0	0.0	0.0	0.0	0.0	0.0	0.0
0	0.0	0.0	19	0.0	0.0	0	0.0	0.31545741324921134	0.0	0.0	0.0	0.0	0.0	0.0	0.31545741324921134
1	0.0	0.0	0	0.0	17.44	0	0.0	0.47619047619047616	0.0	0.0	0.0	0.0	0.0	0.0	0.0
5	0.0	0.0	45	0.0	14.52	0	0.021701388888888888	0.0	0.0	0.5	0.0	0.0	0.0	0.0	0.0
1	0.0	0.0	21	0.0	9.5	0	0.20161290322580647	0.0	0.0	0.5	0.0	0.0	0.0	0.0	0.0
2	0.0	0.0	42	0.0	42.68	0	0.07541478129713423	0.0	0.0	0.0	0.0	0.0	0.0	0.0	0.0
5	0.0	0.0	22	0.0909090909090909	6.11	0	0.37037037037037035	0.0	0.0	0.0	0.0	0.0	0.0	0.0	0.0
2	0.0	1.0	26	0.0571428571428571	8.89	0	0.1631321370309951	0.0	0.0	1.0	0.0	0.0	0.0	0.0	0.0
4	0.0	0.0	47	0.0	15.9	0	0.0	0.01603592046183451	0.0	0.5	0.0	0.0	0.0	0.0	0.0
0	0.0	0.0	19	0.1153846153846153	0.0	0	0.1146788990825688	0.0	0.0	0.0	0.0	0.0	0.0	0.0	0.0
4	0.0	0.0	20	0.0	15.63	0	0.035486160397444996	0.0	0.0	0.0	0.0	0.0	0.0	0.0	0.0
3	0.0	0.0	28	0.0331753554502369	15.9	0	0.021422450728363324	0.0	0.0	0.0	0.0	0.0	0.0	0.0	0.0
1	0.0	0.0	0	0.0	16.62	0	0.0	0.07473841554559042	0.0	0.5	0.0	0.0	0.0	0.0	0.0
0	0.0	0.0	15	0.0909090909090909	0.0	0	0.21097046413502107	0.0	0.0	0.0	0.0	0.0	0.0	0.21097046413502107	0.0
1	0.0	0.0	0	0.0	18.47	0	0.5154639175257733	0.0	0.0	1.0	0.0	0.0	0.0	0.0	0.0
1	0.0	0.0	1	0.0	8.01	0	0.0	0.4166666666666667	0.0	0.5	0.0	0.0	0.0	0.0	0.0
1	0.0	0.0	50	0.0	13.54	0	0.05414185165132648	0.0	0.0	0.0	0.0	0.0	0.0	0.05414185165132648	0.0
1	1.0	1.0	56	0.0	0.46	1	0.6829268292682927	0.0	0.0	0.5	0.0	0.0	0.0	0.0	0.19480519480519481
0	0.0	0.0	21	0.0	0.0	0	0.0	0.05219206680584551	0.0	0.0	0.0	0.0	0.0	0.0	0.05219206680584551
7	0.0	0.0	37	0.0	15.33	0	0.02547121752419766	0.0	0.0	0.0	0.0	0.0	0.0	0.01273560876209883	0.0
1	0.0	0.0	26	0.0526315789473684	7.91	0	0.16891891891891891	0.0	0.0	4.0	0.0	0.0	0.0	0.0	0.07936507936507936
5	0.0	0.0	1	0.0625	16.38	0	0.019098548510313215	0.0	0.0	0.0	0.0	0.0	0.0	0.0	0.0
3	0.0	0.0	33	0.0	15.62	0	0.02178649237472767	0.0	0.0	0.0	0.0	0.0	0.0	0.0	0.0
0	0.0	0.0	17	0.0	0.0	0	0.0	0.7462686567164178	0.0	0.0	0.0	0.0	0.0	0.0	0.0
0	0.0	0.0	61	0.0	0.0	1	4.888888888888889	0.1002004008016032	0.0	0.2916666666666667	0.0	0.0	0.0	4.222222222222222	0.0
5	0.0	0.0	44	0.0	11.18	0	0.2577319587628866	0.0	0.0	0.0	0.0	0.0	0.0	0.0	0.0
0	0.0	0.0	0	0.0	16.62	0	0.0	0.020601565718994644	0.0	0.0	0.0	0.0	0.0	0.0	0.0
2	0.0	0.0	50	0.016	12.03	0	0.03937007874015748	0.0	0.0	0.5	0.0	0.0	0.0	0.0	0.0
0	0.0	0.0	24	0.0232558139534883	17.35	1	0.3361344537815126	0.19920318725099603	0.0	0.75	0.0	0.0	0.0	0.028011204481792715	0.0
3	0.0	0.0	4	0.0	16.0	0	0.046598322460391424	0.0	0.0	0.0	0.0	0.0	0.0	0.0	0.0
0	0.0	0.0	20	0.0	0.0	0	0.1404494382022472	0.0	0.0	0.0	0.0	0.0	0.0	0.0	0.0
1	0.0	1.0	0	0.0	19.0	0	0.0	0.6578947368421053	0.0	0.0	0.0	0.0	0.0	0.0	0.0
2	0.0	0.0	17	0.0	6.03	0	0.0	0.7692307692307692	0.0	0.0	0.0	0.0	0.0	0.0	0.0
0	0.0	0.0	15	0.0	0.0	0	0.11185682326621925	0.0	0.0	0.0	0.0	0.0	0.0	0.0	0.0
1	0.0	0.0	18	0.0	9.5	0	0.1841620626151013	0.0	0.0	0.0	0.0	0.0	0.0	0.0	0.0
1	0.0	0.0	44	0.0	13.07	0	0.0	0.034891835310537335	0.0	0.0	0.0	0.0	0.0	0.04401408450704226	0.0
2	0.0	0.0	29	0.0898876404494382	15.1	0	0.043327556325823226	0.0	0.0	0.0	0.0	0.0	0.0	0.0	0.0
2	0.0	0.0	41	0.0	13.43	0	0.08729812309035356	0.0	0.0	0.0	0.0	0.0	0.0	0.04364906154517678	0.0
1	0.0	0.0	0	0.3571428571428571	16.58	0	0.0	0.1404494382022472	0.0	0.0	0.0	0.0	0.0	0.0	0.0
0	0.3333333333333333	1.0	17	0.0	0.0	0	0.0	0.03949447077409163	0.0	0.0	0.0	0.0	0.0	0.0	0.0
0	0.0	0.0	37	0.1515151515151515	0.0	0	0.0	0.16	0.0	0.0	0.0	0.0	0.0	0.0	0.0
3	0.0	0.0	7	0.0	16.21	0	0.020542317173377157	0.0	0.0	0.0	0.0	0.0	0.0	0.0	0.0
2	0.0	0.0	0	0.0	17.39	0	0.0	0.4608294930875576	0.0	0.0	0.0	0.0	0.0	0.0	0.0
1	0.0	0.0	24	0.0	6.58	0	0.16556291390728478	0.0	0.0	0.5	0.0	0.0	0.0	0.0	0.0
0	0.0	0.0	0	0.0	17.35	0	0.0	0.08169934640522876	0.0	0.0	0.0	0.0	0.0	0.0	0.0
1	0.0	0.0	0	0.0	9.5	0	0.0	0.5208333333333334	0.0	0.0	0.0	0.0	0.0	0.0	0.0
0	0.0	0.0	0	0.9166666666666666	16.6	0	1.5151515151515151	0.0	0.0	0.0	0.0	0.0	0.0	0.0	0.0
0	0.0	0.0	41	0.0	0.0	1	0.4716981132075471	0.3273322422258592	0.0	0.0	0.0	0.0	0.0	0.0	0.2454991816693944
2	0.0	0.0	48	0.0	9.56	0	0.0	0.06978367062107467	0.0	0.0	0.0	0.0	0.0	0.0	0.034891835310537335
2	0.0	0.0	66	0.0	9.8	0	0.040290088638195005	0.0	0.0	0.0	0.0	0.0	0.0	0.0	0.0
0	0.0	0.0	16	0.0	15.64	0	0.03579098067287043	0.0	0.0	0.0	0.0	0.0	0.0	0.0	0.0
3	0.0	0.0	6	0.1298701298701298	18.17	0	0.04553734061930783	0.0	0.0	1.0	0.0	0.0	0.0	0.0	0.0
3	0.0	0.0	52	0.0	14.15	0	0.08116883116883117	0.0	0.0	0.0	0.0	0.0	0.0	0.0	0.0
1	0.0	0.0	62	0.0	6.37	0	0.0	0.18248175182481752	0.0	1.0	0.0	0.0	0.0	0.0	0.0
3	0.0	0.0	5	0.0	16.17	0	0.04835589941972921	0.0	0.0	0.5	0.0	0.0	0.0	0.0	0.0
1	0.0	0.0	0	0.1176470588235294	9.5	0	0.0	0.27322404371584696	0.0	0.0	0.0	0.0	0.0	0.0	0.0
1	0.0	0.0	16	0.0	6.95	0	0.3205128205128205	0.0	0.0	0.5	0.0	0.0	0.0	0.0	0.0
1	0.0	0.0	8	0.125	7.5	0	0.02326122354035822	0.0	0.0	1.0	0.0	0.0	0.0	0.0	0.0
6	0.0	0.0	60	0.0	14.18	0	0.0	0.027886224205242612	0.0	0.0	0.0	0.0	0.0	0.0	0.0
2	0.0	0.0	20	0.0	5.79	0	0.0	0.37453183520599254	0.0	0.0	0.0	0.0	0.0	0.23923444976076558	0.0
2	0.0	0.0	75	0.0	4.95	0	0.5681818181818182	0.0	0.0	0.0	0.0	0.0	0.0	0.0	0.0
2	0.0	0.0	66	0.0	8.95	0	0.04948045522018803	0.0	0.0	0.0	0.0	0.0	0.0	0.0	0.0
1	0.0	0.0	0	0.0	16.96	0	0.0	0.2604166666666667	0.0	0.0	0.0	0.0	0.0	0.0	0.0
1	1.0	0.0	0	0.0	9.9	0	0.24783147459727384	0.0	0.0	0.0	0.0	0.0	0.0	0.0	0.0
1	0.0	0.0	43	0.0	8.69	0	0.08733624454148473	0.0	0.0	0.0	0.0	0.0	0.0	0.0	0.0
2	0.0	0.0	19	0.0909090909090909	15.78	0	0.1111111111111111	0.0	0.0	5.0	0.0	0.0	0.0	0.0	0.0
1	0.0	0.0	43	0.0	15.7	0	0.04874878128046799	0.0	0.0	0.3333333333333333	0.0	0.0	0.0	0.0	0.008076239702794379
1	0.0	0.0	29	0.0	7.99	0	0.3448275862068966	0.0	0.0	0.0	0.0	0.0	0.0	0.0	0.0
3	0.0	0.0	15	0.05	17.33	0	0.0	0.1592356687898089	0.0	0.5	0.0	0.0	0.0	0.0	0.0
4	0.0	0.0	47	0.0	5.75	0	0.5154639175257733	0.0	0.0	0.5	0.0	0.0	0.0	0.0	0.0
0	0.0	0.0	26	0.0	0.0	0	0.0	1.25	0.0	0.0	0.0	0.0	0.0	0.0	0.0
2	0.0	0.0	35	0.0	15.57	0	0.02074688796680498	0.0	0.0	0.0	0.0	0.0	0.0	0.01037344398340249	0.01120573733751681
1	0.0	0.0	39	0.0204081632653061	10.09	0	0.0	0.054288816503800214	0.0	2.0	0.0	0.0	0.0	0.0	0.0
1	0.0	0.0	50	0.0	9.5	0	1.2396694214876034	0.0	0.0	0.16666666666666666	0.0	0.0	0.0	0.0	0.0
0	0.0	0.0	40	0.0	0.0	0	0.0	0.16891891891891891	0.0	0.0	0.0	0.0	0.0	0.0	0.08445945945945946
1	0.0	0.0	15	0.1538461538461538	8.3	0	0.27027027027027023	0.0	0.0	0.0	0.0	0.0	0.0	0.0	0.0
1	0.0	0.0	1	0.0588235294117647	16.43	0	0.22271714922048996	0.0	0.0	0.0	0.0	0.0	0.0	0.0	0.0
1	0.0	0.0	15	0.0	10.63	0	0.4115226337448559	0.0	0.0	0.0	0.0	0.0	0.0	0.0	0.0
0	0.0	0.0	0	0.0	16.0	0	0.0	0.04484304932735426	0.0	0.0	0.0	0.0	0.0	0.0	0.0
4	0.0	0.0	1	0.0135135135135135	16.27	0	0.0	0.06720430107526881	0.0	0.0	0.0	0.0	0.0	0.0	0.0
0	0.0	0.0	32	0.0	15.73	0	0.0	0.02889338341519792	0.0	0.0	0.0	0.0	0.0	0.0	0.0
2	0.0	0.0	19	0.19607843137254896	19.34	0	0.0	0.19267822736030826	0.0	0.0	0.0	0.0	0.0	0.0	0.19267822736030826
0	0.0	0.0	43	0.0	15.33	0	0.009521995810321844	0.0	0.0	0.0	0.0	0.0	0.0	0.0	0.0
0	0.0	0.0	11	0.0	14.98	0	0.0	0.04355400696864111	0.0	2.0	0.0	0.0	0.0	0.0	0.0
2	0.0	0.0	5	0.021505376344086002	16.51	0	0.33112582781456956	0.0	0.0	0.5	0.0	0.0	0.0	0.0	0.0
6	1.0	0.0	43	0.0	70.99	0	0.0	0.030567018187375818	0.0	0.0	0.0	0.0	0.0	0.0	0.0
1	0.0	1.0	36	0.0975609756097561	29.27	1	0.0	0.2544529262086514	0.0	1.5	0.0	0.0	0.0	0.0	0.0
1	0.0	0.0	0	0.0	16.59	0	0.0	0.2638522427440633	0.0	0.0	0.0	0.0	0.0	0.0	0.0
0	0.0	0.0	9	0.2950819672131147	15.18	0	0.15408320493066255	0.0	0.0	1.5	0.0	0.0	0.0	0.0	0.0
0	0.0	0.0	17	0.0	0.0	0	0.12690355329949238	0.0	0.0	0.0	0.0	0.0	0.0	0.0	0.0
3	0.0	0.0	36	0.0	5.44	0	0.0	0.38167938931297707	0.0	0.0	0.0	0.0	0.0	0.0	0.19083969465648853
2	0.0	0.0	47	0.203125	12.54	0	0.0	0.4347826086956522	0.0	0.0	0.0	0.0	0.0	0.0	0.2173913043478261
0	1.0	1.0	35	0.016260162601626	0.0	0	0.1404494382022472	0.0	0.0	0.0	0.0	0.0	0.0	0.1404494382022472	0.0
5	0.0	0.0	0	0.0	15.27	0	0.0	1.2448132780082988	0.0	0.0	0.0	0.0	0.0	0.0	0.0
1	0.0	0.0	35	0.0566037735849056	15.48	0	0.0	0.02803476310625175	0.0	5.5	0.0	0.0	0.0	0.0	0.0
0	0.0	1.0	22	0.0	0.0	0	0.08278145695364239	0.0	0.0	0.0	0.0	0.0	0.0	0.0	0.0
1	0.0	0.0	18	0.0	24.0	0	0.1016260162601626	0.0	0.0	0.0	0.0	0.0	0.0	0.1016260162601626	0.0
0	0.0	0.0	21	0.5	0.0	0	0.0	0.0	0.0	1.0	0.0	0.0	0.0	0.0	0.0
1	0.0	0.0	0	0.1818181818181818	9.5	0	0.0	0.6666666666666666	0.0	0.0	0.0	0.0	0.0	0.0	0.0
2	1.0	0.0	43	0.0	19.07	0	0.04036326942482341	0.0	0.0	0.0	0.0	0.0	0.0	0.0	0.0
1	0.0	0.0	27	0.25	23.03	1	0.0	0.0	0.0	0.3333333333333333	0.0	0.0	0.0	0.0	0.0
2	1.0	0.25	17	0.1375661375661375	6.73	0	0.0	0.07042253521126761	0.0	0.0	0.0	0.0	0.0	0.0	0.0
3	0.0	0.0	4	0.0	26.18	0	0.0	0.10869565217391305	0.0	0.0	0.0	0.0	0.0	0.0	0.0
1	0.0	0.0	55	0.0459770114942528	0.9	1	1.6339869281045751	0.0	0.0	1.0666666666666667	0.0	0.0	0.0	0.0	0.11961722488038279
2	0.0	0.0	0	0.25	17.21	0	0.0	0.5747126436781609	0.0	0.0	0.0	0.0	0.0	0.0	0.0
5	0.0	0.0	44	0.0	14.26	0	0.025150905432595575	0.0	0.0	0.0	0.0	0.0	0.0	0.0	0.0
2	0.0	0.0	40	0.0	15.2	0	0.0	0.023142791020597082	0.0	0.0	0.0	0.0	0.0	0.0	0.0
2	0.0	0.0	5	0.0	16.57	0	0.0	0.10964912280701755	0.0	1.0	0.0	0.0	0.0	0.0	0.0
3	0.0	0.0	49	0.0	5.13	0	0.7936507936507936	0.0	0.0	0.0	0.0	0.0	0.0	0.0	0.0
0	1.0	0.25	2	0.0384615384615384	24.99	0	0.0	0.2727272727272727	0.0	0.0	0.0	0.0	0.0	0.0	0.0
0	0.0	0.0	28	0.1333333333333333	0.0	0	0.38759689922480617	0.0	0.0	0.0	0.0	0.0	0.0	0.38759689922480617	0.0
5	0.0	0.0	15	0.0	20.89	0	0.0	0.14534883720930233	0.0	0.5	0.0	0.0	0.0	0.0	0.0
1	0.0	0.0	44	0.0	14.48	0	0.0	0.041390728476821195	0.0	0.0	0.0	0.0	0.0	0.0	0.0
1	0.0	0.0	0	0.0	16.65	0	0.0	0.2	0.0	0.0	0.0	0.0	0.0	0.0	0.0
0	0.0	0.0	0	0.0	16.27	0	0.03770739064856712	0.0	0.0	0.0	0.0	0.0	0.0	0.0	0.0
4	0.0	0.0	41	0.0	14.77	0	0.0	0.05458515283842795	0.0	0.0	0.0	0.0	0.0	0.0	0.0
1	0.5	1.0	18	0.0106951871657754	9.43	0	0.10764262648008613	0.0	0.0	0.0	0.0	0.0	0.0	0.053821313240043064	0.0
2	0.0	0.0	14	0.2290502793296089	15.67	0	0.02305209774089442	0.0	0.0	0.0	0.0	0.0	0.0	0.0	0.0
2	0.0	0.0	0	0.0	18.23	0	0.0	0.5181347150259068	0.0	2.5	0.0	0.0	0.0	0.0	0.0
3	1.0	1.0	48	0.0	15.58	0	0.03387533875338754	0.0	0.0	0.0	0.0	0.0	0.0	0.03387533875338754	0.0477326968973747
4	0.0	0.0	39	0.0208333333333333	11.38	0	0.0	0.05827505827505827	0.0	0.0	0.0	0.0	0.0	0.055928411633109625	0.0
4	0.0	0.0	57	0.0	12.27	0	0.035285815102328866	0.0	0.0	0.0	0.0	0.0	0.0	0.035285815102328866	0.0
3	0.0	0.0	44	0.0	14.15	0	0.059790732436472344	0.0	0.0	0.0	0.0	0.0	0.0	0.0	0.0
3	0.0	0.0	29	0.0	6.71	0	0.2040816326530612	0.0	0.0	0.0	0.0	0.0	0.0	0.0	0.0
3	0.0	0.0	57	0.0519480519480519	15.47	0	0.007305669199298656	0.013121637580370032	0.0	0.0	0.0	0.0	0.0	0.0	0.013121637580370032
2	0.0	0.0	2	0.0	16.24	0	0.04873294346978558	0.0	0.0	0.0	0.0	0.0	0.0	0.0	0.0
0	1.0	1.0	34	0.1071428571428571	0.0	1	0.5545286506469501	0.0	0.5	0.5	0.0	0.09242144177449169	0.0	0.0	0.0
2	0.0	0.0	33	0.0	15.65	0	0.021399529210357374	0.0	0.0	0.0	0.0	0.0	0.0	0.0	0.0
0	0.0	0.0	16	0.0	0.0	0	0.267379679144385	0.0	0.0	0.0	0.0	0.0	0.0	0.267379679144385	0.0
0	0.0	0.0	46	0.0	0.0	0	0.5747126436781609	0.0	0.0	0.0	0.0	0.0	0.0	0.5747126436781609	0.0
1	0.0	0.0	26	0.0	10.36	0	0.0	0.08620689655172414	0.0	0.5	0.0	0.0	0.0	0.0	0.0
7	0.0	0.5	55	0.0	15.99	0	0.0	0.09963467286615743	0.0	0.0	0.0	0.0	0.0	0.0	0.0
1	0.0	0.0	32	0.0	12.5	0	0.3401360544217687	0.0	0.0	0.0	0.0	0.0	0.0	0.0	0.0
3	0.0	0.0	42	0.0	12.59	0	0.0	0.05282620179609086	0.0	0.0	0.0	0.0	0.0	0.06002400960384154	0.0
3	0.0	0.5	39	0.0	18.4	0	0.042789901583226354	0.0	0.0	0.0	0.0	0.0	0.0	0.0	0.0
0	0.0	0.0	17	0.0	15.34	0	0.05393743257820928	0.0	0.0	0.5	0.0	0.0	0.0	0.0	0.0
1	0.0	0.0	42	0.0344827586206896	10.8	0	0.029726516052318668	0.0	0.0	0.0	0.0	0.0	0.0	0.0	0.0
3	0.0	0.0	32	0.0	16.22	0	0.012064181445288938	0.0	0.0	0.0	0.0	0.0	0.0	0.0	0.0
3	0.0	0.0	48	0.0	14.93	0	0.04830917874396135	0.0	0.0	0.5	0.0	0.0	0.0	0.0	0.0
1	0.0	1.0	1	0.0	52.94	0	0.0	0.048863913999511364	0.0	0.0	0.0	0.0	0.0	0.0	0.0
2	1.0	0.5	0	0.0	51.43	0	0.0	0.08120178643930166	0.0	0.25	0.0	0.0	0.0	0.0	0.0
2	0.0	0.0	44	0.1176470588235294	17.93	0	0.0	0.4016064257028112	0.0	0.0	0.0	0.0	0.0	0.0	0.2008032128514056
2	0.0	0.0	18	0.4347826086956521	16.03	0	0.0	0.05037783375314861	1.0	1.0	0.0	0.0	0.0	0.0	0.0
3	1.0	0.0	31	0.0666666666666666	13.86	0	0.29673590504451036	0.0	0.0	0.0	0.0	0.0	0.0	0.14836795252225518	0.0
1	0.0	0.0	49	0.0	35.79	0	0.078125	0.0	0.0	0.0	0.0	0.0	0.0	0.1171875	0.0
3	0.0	0.0	27	0.0	15.63	0	0.023889154323936932	0.0	0.0	0.0	0.0	0.0	0.0	0.0	0.0
1	0.0	0.0	17	0.0119047619047619	6.0	0	0.0	0.03949447077409163	0.0	0.0	0.0	0.0	0.0	0.0	0.0
6	0.0	0.0	0	0.0701754385964912	16.6	0	0.0	0.13869625520110956	0.0	0.0	0.0	0.0	0.0	0.0	0.0
1	0.0	0.0	0	0.0	17.42	0	0.0	0.08928571428571429	0.0	10.0	0.0	0.0	0.0	0.0	0.0
2	0.0	0.0	36	0.0236686390532544	15.01	0	0.06868131868131867	0.0	0.0	0.0	0.0	0.0	0.0	0.0	0.0
6	0.0	0.0	38	0.0	15.62	0	0.0	0.06829668078131404	0.0	0.0	0.0	0.0	0.0	0.008798169980644026	0.0
0	0.0	0.0	0	0.0616246498599439	16.15	0	0.0	0.013753266400770185	0.0	0.0	0.0	0.0	0.0	0.0	0.0
0	1.0	0.0	45	0.0	0.0	0	0.18050541516245489	0.0	0.0	0.0	0.0	0.0	0.0	0.0	0.0
0	0.0	0.0	42	0.0434782608695652	0.0	1	0.3992015968063872	0.08726003490401396	0.0	0.6666666666666666	0.0	0.0	0.0	0.0	0.08726003490401396
5	0.0	0.0	1	0.0105263157894736	16.31	0	0.0	0.03232062055591467	0.0	0.0	0.0	0.0	0.0	0.0	0.0
3	0.0	0.0	30	0.011049723756905999	3.56	0	0.03165558721114277	0.0	0.0	0.0	0.0	0.0	0.0	0.0	0.026178010471204185
4	0.0	0.0	47	0.0514018691588785	14.43	0	0.0	0.028826751225136928	0.0	0.0	0.0	0.0	0.0	0.0	0.028826751225136928
2	0.0	0.0	0	0.1	16.44	0	0.0	0.2747252747252747	0.0	0.0	0.0	0.0	0.0	0.0	0.0
18	0.0	0.0	43	0.0129310344827586	15.58	0	0.018850141376060323	0.0	0.0	2.0	0.0	0.0	0.0	0.0	0.0
4	1.0	0.0	38	0.0	31.85	0	0.0	0.04610419548178884	0.0	0.0	0.0	0.0	0.0	0.0	0.0
0	0.0	0.0	18	0.1965811965811965	0.0	0	0.0	0.0998003992015968	0.0	0.5	0.0	0.0	0.0	0.0	0.0
2	0.0	0.0	74	0.0	13.85	0	0.0	0.01177856301531213	0.0	0.0	0.0	0.0	0.0	0.0	0.0
0	0.0	0.0	39	0.0	15.69	0	0.017094017094017096	0.0	0.0	0.0	0.0	0.0	0.0	0.0	0.0
0	0.5	0.0	23	0.0	0.0	0	0.022747952684258416	0.0	0.0	0.5	0.0	0.0	0.0	0.022747952684258416	0.0
5	0.0	0.0	40	0.0	5.96	0	0.20576131687242796	0.0	0.0	0.0	0.0	0.0	0.0	0.0	0.0
6	0.0	0.0	41	0.0	15.48	0	0.0	0.05685048322910745	0.0	0.0	0.0	0.0	0.0	0.0	0.0
2	0.0	0.0	23	0.0	16.03	0	0.023036166781847504	0.0	0.0	0.0	0.0	0.0	0.0	0.0	0.0
0	0.0	0.0	13	0.0	16.36	0	0.0	0.020721094073767096	0.0	0.0	0.0	0.0	0.0	0.0	0.0
1	0.0	0.0	14	0.0	15.82	0	0.0	0.04206983592763988	0.0	0.0	0.0	0.0	0.0	0.0	0.0
3	0.0	0.0	36	0.0	15.56	0	0.0	0.014316392269148177	0.0	0.5	0.0	0.0	0.0	0.0	0.014316392269148177
2	0.0	1.0	26	0.1059602649006622	21.75	0	0.0	0.034904013961605584	0.0	0.5	0.0	0.0	0.0	0.0	0.0
5	0.0	0.0	35	0.1391304347826087	14.12	0	0.045787545787545784	0.0	0.0	0.0	0.0	0.0	0.0	0.0	0.0
1	1.0	0.0	23	0.0925925925925925	6.88	1	0.35629453681710216	0.19267822736030826	0.0	0.6	0.0	0.0	0.0	0.0	0.09633911368015413
2	0.0	0.0	0	0.05	17.34	0	0.0	0.3472222222222222	0.0	0.5	0.0	0.0	0.0	0.0	0.0
0	0.0	0.0	36	0.0	0.0	0	0.0	0.38167938931297707	0.0	0.0	0.0	0.0	0.0	0.0	0.19083969465648853
0	0.0	0.0	21	0.0	0.0	0	0.0	0.28901734104046245	0.0	0.0	0.0	0.0	0.0	0.0	0.0
1	0.0	0.0	44	0.0055865921787709	14.51	0	0.029291154071470416	0.0	0.0	0.0	0.0	0.0	0.0	0.014645577035735208	0.013157894736842105
1	0.0	0.0	34	0.1366120218579235	6.5	0	0.0	0.4065040650406504	0.0	0.0	0.0	0.0	0.0	0.0	0.2032520325203252
0	0.0	0.0	40	0.0	0.0	0	0.0	0.03033980582524272	0.0	0.0	0.0	0.0	0.0	0.0	0.01516990291262136
2	0.0	0.0	15	0.0833333333333333	12.05	0	0.2232142857142857	0.0	0.0	0.0	0.0	0.0	0.0	0.0	0.0
2	0.0	0.0	42	0.040650406504065005	15.67	0	0.0	0.02832058906825262	0.0	0.0	0.0	0.0	0.0	0.0	0.01416029453412631
0	1.0	0.0	17	0.0	0.0	0	0.0	0.4424778761061947	0.0	0.0	0.0	0.0	0.0	0.0	0.0
3	0.0	0.0	15	0.3510917030567685	16.12	0	0.01195457262402869	0.0	0.0	0.0	0.0	0.0	0.0	0.0	0.0
1	0.0	0.0	42	0.0	5.37	0	2.0	0.0	0.0	0.0	0.0	0.0	0.0	0.0	0.0
2	0.0	0.0	31	0.0	8.64	0	0.1160092807424594	0.0	0.0	0.0	0.0	0.0	0.0	0.0	0.0
1	0.0	0.0	11	0.0303030303030303	35.39	0	0.3298774740810556	0.0	0.0	1.5714285714285714	0.0	0.0	0.0	0.0	0.0
6	0.0	0.0	49	0.0	15.99	0	0.00901631953836444	0.0	0.0	0.5	0.0	0.0	0.0	0.00901631953836444	0.009221689413500553
0	0.0	0.0	45	0.0	0.0	0	0.061312078479460456	0.0	0.0	0.5	0.0	0.0	0.0	0.0	0.0
3	0.0	0.0	44	0.0	7.23	0	0.0	0.04780114722753346	0.0	0.0	0.0	0.0	0.0	0.0	0.0
2	0.0	0.0	0	0.0	16.25	0	0.02585983966899405	0.0	0.0	0.0	0.0	0.0	0.0	0.0	0.0
6	1.0	0.0	21	0.0142857142857142	21.25	0	0.13966480446927376	0.0	0.0	0.0	0.0	0.0	0.0	0.0	0.0
1	0.0	0.0	18	0.0	8.13	0	0.9302325581395349	0.0	0.0	0.75	0.0	0.0	0.0	0.0	0.0
4	0.0	0.0	18	0.0	15.68	0	0.0	0.037993920972644375	0.0	0.0	0.0	0.0	0.0	0.0	0.0
1	0.0	0.0	0	0.1860465116279069	17.13	0	0.0	0.07072135785007072	0.0	2.0	0.0	0.0	0.0	0.0	0.0
2	0.0	0.0	0	0.0	17.07	0	0.0	0.23584905660377356	0.0	0.5	0.0	0.0	0.0	0.0	0.0
1	0.0	0.0	0	0.0	16.52	0	0.0	3.8167938931297707	0.0	0.0	0.0	0.0	0.0	0.0	0.0
5	0.0	0.0	15	0.0	12.54	0	0.13513513513513511	0.0	0.0	0.0	0.0	0.0	0.0	0.0	0.0
7	0.0	0.0	63	0.0	11.09	0	0.028826751225136928	0.0	0.0	0.0	0.0	0.0	0.0	0.0	0.0
0	0.0	0.0	18	0.0666666666666666	0.0	0	0.0	0.1771479185119575	0.0	0.5	0.0	0.0	0.0	0.0	0.0
3	0.0	0.0	21	0.0	7.76	0	0.2590673575129534	0.0	0.0	0.0	0.0	0.0	0.0	0.0	0.0
0	0.0	0.0	19	0.0476190476190476	9.32	0	0.136986301369863	0.0	0.0	1.0	0.0	0.0	0.0	0.136986301369863	0.0
2	0.0	0.0	19	0.0	15.59	0	0.0	0.04219409282700422	0.0	0.0	0.0	0.0	0.0	0.0	0.0
2	0.0	0.0	53	0.0	9.11	0	1.0330578512396695	0.0	0.0	0.0	0.0	0.0	0.0	0.0	0.0
0	0.0	0.0	18	0.0	0.0	0	0.3448275862068966	0.0	0.0	0.0	0.0	0.0	0.0	0.3448275862068966	0.0
0	0.0	0.0	2	0.0	16.33	0	0.2518891687657431	0.0	0.0	0.0	0.0	0.0	0.0	0.0	0.0
2	0.0	0.0	28	0.0	13.67	0	0.0	0.03834355828220859	0.0	0.0	0.0	0.0	0.0	0.0	0.03834355828220859
0	0.0	0.0	32	0.0142857142857142	33.62	1	0.96051227321238	0.14295925661186562	0.0	0.4090909090909091	0.0	0.0	0.0	0.0	0.12508934953538242
0	0.0	0.0	18	0.0	0.0	0	0.2145922746781116	0.0	0.0	0.0	0.0	0.0	0.0	0.0	0.0
1	0.0	0.0	20	0.0	10.0	0	0.09285051067780874	0.0	0.0	0.0	0.0	0.0	0.0	0.0	0.0
3	0.0	0.0	15	0.0	6.1	0	0.42016806722689076	0.0	0.0	0.0	0.0	0.0	0.0	0.0	0.0
2	0.0	0.0	2	0.0	16.14	0	0.0	0.038580246913580245	0.0	0.0	0.0	0.0	0.0	0.0	0.0
3	0.0	0.0	23	0.1914893617021276	15.43	0	0.033967391304347824	0.0	0.0	0.0	0.0	0.0	0.0	0.033967391304347824	0.0
1	0.0	0.0	0	0.0	17.01	0	0.0	0.4132231404958678	0.0	0.5	0.0	0.0	0.0	0.0	0.0
3	0.0	0.0	44	0.0	7.31	0	0.12903225806451613	0.0	0.0	0.0	0.0	0.0	0.0	0.0	0.0
0	0.0	0.0	10	0.25	0.0	0	0.0	7.142857142857142	0.0	0.5	0.0	0.0	0.0	0.0	0.0
3	0.0	0.0	34	0.0	15.58	0	0.020846362309776944	0.0	0.0	0.0	0.0	0.0	0.0	0.020846362309776944	0.006555657532450505
5	0.0	0.0	1	0.0461538461538461	16.69	0	0.0	0.021422450728363324	0.0	0.5	0.0	0.0	0.0	0.0	0.0
1	0.0	0.0	16	0.0	8.11	0	0.0	0.15625	0.0	0.0	0.0	0.0	0.0	0.0	0.0
1	0.0	0.0	0	0.0	16.36	0	0.0	0.14577259475218657	0.0	0.0	0.0	0.0	0.0	0.0	0.0
1	0.0	0.0	25	0.0	4.85	0	0.0	0.0	0.0	0.0	0.0	0.0	0.0	0.0	0.0
8	0.0	0.0	54	0.0	13.78	0	0.0	0.03543586109142452	0.0	0.5	0.0	0.0	0.0	0.0	0.0
2	0.0	0.0	16	0.0	14.93	0	0.0	0.0648508430609598	0.0	0.0	0.0	0.0	0.0	0.0	0.0
3	0.0	0.0	71	0.0	11.19	0	0.0	0.03546099290780142	0.0	0.0	0.0	0.0	0.0	0.0148720999405116	0.0
1	0.0	0.0	29	0.0	0.49	1	1.1583011583011584	0.0	0.0	0.5	0.0	0.0	0.0	0.0	0.0
1	0.0	0.0	0	0.0	17.35	0	0.0	1.2048192771084338	0.0	0.0	0.0	0.0	0.0	0.0	0.0
1	0.0	0.5	16	0.0588235294117647	14.55	1	0.0	22.580645161290324	0.0	0.7142857142857143	0.0	0.0	0.0	0.0	0.0
1	0.0	0.0	56	0.0	10.37	0	50.0	0.0	0.0	0.0	0.0	0.0	0.0	0.0	0.0
4	0.5	1.0	48	0.0	6.68	0	0.0	0.02354048964218456	0.0	0.0	0.0	0.0	0.0	0.0	0.0
0	0.0	0.0	18	0.0	0.0	0	0.2232142857142857	0.0	0.0	0.0	0.0	0.0	0.0	0.0	0.0
5	0.0	0.0	42	0.0	15.67	0	0.0	0.01737921445950643	0.0	0.0	0.0	0.0	0.0	0.0	0.008689607229753215
2	0.0	0.0	17	0.0	6.81	0	0.30120481927710846	0.0	0.0	0.0	0.0	0.0	0.0	0.0	0.0
2	0.0	0.0	29	0.0	15.69	0	0.0	0.021579628830384116	0.0	0.0	0.0	0.0	0.0	0.0	0.0
5	1.0	0.3333333333333333	0	0.0	27.76	0	0.0	0.0702000702000702	0.0	0.0	0.0	0.0	0.0	0.0	0.0
1	0.0	0.0	30	0.0	11.0	0	0.3921568627450981	0.0	0.0	0.5	0.0	0.0	0.0	0.0	0.0
4	0.0	0.0	0	0.0	16.07	0	0.0	0.043346337234503686	0.0	0.25	0.0	0.0	0.0	0.0	0.0
2	1.0	0.5	44	0.4	12.09	0	0.0	9.090909090909092	0.0	0.0	0.0	0.0	0.0	0.0	0.0
0	0.0	0.0	23	0.0	0.0	0	1.2820512820512822	0.0	0.0	0.0	0.0	0.0	0.0	0.2136752136752137	0.0
1	0.0	0.0	1	0.0	21.21	0	0.03772161448509996	0.0	0.0	0.0	0.0	0.0	0.0	0.0	0.0
5	0.0	0.0	30	0.0	15.96	0	0.0	0.022820629849383843	0.0	0.0	0.0	0.0	0.0	0.0	0.0
3	0.0	0.0	0	0.0	16.95	0	0.0	0.3472222222222222	0.0	0.0	0.0	0.0	0.0	0.0	0.0
1	0.0	0.0	47	0.0103092783505154	14.23	0	0.0	0.029507229271171435	0.0	0.0	0.0	0.0	0.0	0.013679890560875515	0.0
0	0.0	0.0	41	0.0136986301369863	13.0	0	0.023685457129322598	0.0	0.0	1.0	0.0	0.0	0.0	0.0	0.0
1	1.0	1.0	2	0.0	21.68	0	0.13157894736842105	0.0	0.0	0.0	0.0	0.0	0.0	0.0	0.0
1	0.0	0.0	77	0.0	4.79	0	2.7777777777777777	0.0	0.0	0.5	0.0	0.0	0.0	0.0	0.0
2	1.0	0.0	30	0.0384615384615384	12.24	1	0.391644908616188	0.3913894324853229	0.0	1.0	0.0	0.0	0.0	0.13054830287206265	0.0
2	0.0	0.0	17	0.0	22.48	0	0.046019328117809476	0.0	0.0	0.0	0.0	0.0	0.0	0.0	0.0
0	0.0	0.0	39	0.0	0.0	0	0.0	0.08278145695364239	0.0	0.5	0.0	0.0	0.0	0.0	0.041390728476821195
5	1.0	0.3333333333333333	45	0.0	19.52	0	0.020610057708161583	0.0	0.0	0.0	0.0	0.0	0.0	0.0	0.0
0	0.0	0.0	18	0.0	7.22	0	0.0	0.4424778761061947	0.0	0.0	0.0	0.0	0.0	0.0	0.4424778761061947
0	0.0	0.0	51	0.0948905109489051	10.3	1	0.0	0.6035283194057568	0.0	0.46153846153846156	0.0	0.0	0.0	0.0	0.510677808727948
2	0.0	0.0	0	0.0	16.34	0	0.0	0.5050505050505051	0.0	0.5	0.0	0.0	0.0	0.0	0.0
3	0.0	0.0	47	0.0	11.97	0	4.166666666666667	0.0	0.0	0.0	0.0	0.0	0.0	0.0	0.0
0	0.0	0.0	2	0.0	16.16	0	0.036284470246734396	0.0	0.0	0.0	0.0	0.0	0.0	0.0	0.0
2	1.0	0.0	28	0.0	15.87	0	0.03614022406938923	0.0	0.0	0.0	0.0	0.0	0.0	0.0	0.0
2	0.0	0.0	0	0.0	16.79	0	0.0	0.04708097928436912	0.0	0.0	0.0	0.0	0.0	0.0	0.0
1	0.0	0.0	22	0.0	10.4	0	0.29411764705882354	0.0	0.0	0.0	0.0	0.0	0.0	0.29411764705882354	0.0
0	0.0	0.0	19	0.0	16.09	0	0.0	0.01667778519012675	0.0	0.0	0.0	0.0	0.0	0.0	0.01667778519012675
7	0.0	0.0	20	0.0	16.24	0	0.04297378599054577	0.0	0.0	0.5	0.0	0.0	0.0	0.0	0.0
6	0.0	0.0	39	0.0	16.15	0	0.0	0.01488316713796696	0.0	0.0	0.0	0.0	0.0	0.0	0.0
5	0.0	0.0	0	0.0	17.67	0	0.0	0.18315018315018314	0.0	0.0	0.0	0.0	0.0	0.0	0.0
1	0.0	0.0	39	0.0	9.43	0	1.8181818181818181	0.0	0.0	0.0	0.0	0.0	0.0	0.0	0.0
2	0.0	0.0	22	0.0	9.13	0	0.14705882352941177	0.0	0.0	0.0	0.0	0.0	0.0	0.0	0.0
0	0.0	0.0	0	0.05	16.58	0	0.0	0.03875968992248062	0.0	0.0	0.0	0.0	0.0	0.0	0.0
1	0.0	0.0	25	0.0	10.0	0	0.40322580645161293	0.0	0.0	0.0	0.0	0.0	0.0	0.0	0.0
0	1.0	1.0	69	0.0	15.76	1	1.1013215859030838	0.27726432532347506	0.0	0.5714285714285714	0.0	0.0	0.0	1.0279001468428781	0.0
0	0.0	0.0	21	0.0	0.0	0	0.1736111111111111	0.0	0.0	0.0	0.0	0.0	0.0	0.0	0.0
1	0.0	0.0	20	0.0909090909090909	5.99	0	0.29239766081871343	0.0	0.0	0.0	0.0	0.0	0.0	0.0	0.0
3	0.0	0.0	41	0.3297872340425531	11.69	0	0.0	0.09861932938856015	0.0	1.0	0.0	0.0	0.0	0.0	0.09861932938856015
0	0.0	0.0	10	0.3125	0.0	0	0.0	0.10638297872340426	0.0	1.0	0.0	0.0	0.0	0.0	0.0
0	0.0	0.0	19	0.0	0.0	1	0.9881422924901186	0.0	0.0	1.0	0.0	0.0	0.0	0.0	0.0
1	0.0	0.0	1	0.0	16.76	0	0.03946329913180742	0.0	0.0	0.0	0.0	0.0	0.0	0.0	0.0
2	0.0	0.0	0	0.0	16.8	0	0.0	0.47619047619047616	0.0	0.0	0.0	0.0	0.0	0.0	0.0
0	0.0	0.0	12	0.1363636363636363	13.91	1	0.0	0.4132231404958678	0.0	2.0	0.0	0.0	0.0	0.0	0.0
0	0.0	0.0	18	0.0	0.0	0	0.1557632398753894	0.0	0.0	0.0	0.0	0.0	0.0	0.0	0.0
2	0.0	0.0	1	0.0	16.77	0	0.0	0.10976948408342481	0.0	0.5	0.0	0.0	0.0	0.0	0.0
1	0.0	0.0	31	0.0507614213197969	9.0	0	0.040866366979975484	0.0	0.0	0.0	0.0	0.0	0.0	0.0	0.0
1	0.0	0.0	39	0.0	10.0	0	0.5319148936170213	0.0	0.0	0.16666666666666666	0.0	0.0	0.0	0.0	0.0
0	0.0	0.0	22	0.0458015267175572	15.04	0	0.023116042533518264	0.0	0.0	0.0	0.0	0.0	0.0	0.0	0.0
1	0.0	0.0	18	0.0	16.08	0	0.024582104228121928	0.0	0.0	0.0	0.0	0.0	0.0	0.024582104228121928	0.0
0	0.0	0.0	43	0.0	0.0	0	0.2320185614849188	0.0	0.0	0.0	0.0	0.0	0.0	0.0	0.0
1	0.0	0.0	8	0.0454545454545454	16.84	0	0.038880248833592534	0.0	0.0	2.0	0.0	0.0	0.0	0.0	0.0
2	0.0	0.0	45	0.0141843971631205	13.83	0	0.0	0.08613264427217916	0.0	0.0	0.0	0.0	0.0	0.0	0.04306632213608958
2	0.0	0.0	8	0.0	13.52	0	0.36101083032490977	0.0	0.0	2.0	0.0	0.0	0.0	0.0	0.0
3	0.0	0.0	0	0.0	16.61	0	0.0	0.04616805170821791	0.0	0.0	0.0	0.0	0.0	0.0	0.0
1	0.0	0.0	0	0.0	17.42	0	0.0	0.6493506493506493	0.0	0.5	0.0	0.0	0.0	0.0	0.0
2	0.0	0.0	2	0.0	15.75	0	0.0	1.2295081967213115	0.0	0.0	0.0	0.0	0.0	0.0	0.0
3	0.0	0.0	34	0.0	7.29	0	0.17793594306049823	0.0	0.0	0.5	0.0	0.0	0.0	0.0	0.0
2	0.0	0.0	18	0.0	13.45	0	0.07451564828614009	0.0	0.0	0.0	0.0	0.0	0.0	0.0	0.0
1	0.0	0.0	43	0.0	9.5	0	0.6309148264984227	0.0	0.0	0.125	0.0	0.0	0.0	0.0	0.0
1	0.0	1.0	21	0.0	17.6	1	1.1904761904761905	0.0	0.0	1.0	0.0	0.0	0.0	0.0	0.0
1	0.0	0.0	0	0.0	9.5	0	0.0	0.3546099290780142	0.0	0.5	0.0	0.0	0.0	0.0	0.0
2	0.0	0.0	9	0.2352941176470588	13.17	0	0.1582278481012658	0.0	0.0	1.0	0.0	0.0	0.0	0.0	0.0
3	0.0	0.0	31	0.0	14.87	0	0.03389830508474576	0.0	0.0	0.0	0.0	0.0	0.0	0.0	0.0
1	0.0	0.0	23	0.0	9.5	0	0.12706480304955528	0.0	0.0	0.5	0.0	0.0	0.0	0.0	0.0
0	0.0	0.0	1	0.0	16.69	0	0.0	0.04708097928436912	0.0	0.0	0.0	0.0	0.0	0.0	0.0
3	0.0	0.0	37	0.0662251655629139	14.25	0	0.054884742041712405	0.0	0.0	0.5	0.0	0.0	0.0	0.0	0.0
2	0.0	0.0	40	0.0634920634920634	14.15	0	0.0	0.18214936247723132	0.0	0.0	0.0	0.0	0.0	0.0	0.04553734061930783
1	0.0	0.0	0	0.0	16.8	0	0.0	0.2808988764044944	0.0	0.5	0.0	0.0	0.0	0.0	0.0
1	0.0	0.0	0	0.0	17.7	0	0.0	0.7352941176470588	0.0	0.0	0.0	0.0	0.0	0.0	0.0
3	0.0	0.0	2	0.3	16.78	0	0.0	0.06369426751592357	0.0	1.0	0.0	0.0	0.0	0.0	0.0
2	0.0	0.0	1	0.0	19.65	0	0.0	0.14947683109118085	0.0	0.5	0.0	0.0	0.0	0.0	0.0
1	0.0	0.0	42	0.0	17.0	0	0.0	0.24509803921568626	0.0	0.0	0.0	0.0	0.0	0.0	0.0
1	0.0	0.0	39	0.0	15.98	0	0.011584800741427249	0.0	0.0	0.0	0.0	0.0	0.0	0.011584800741427249	0.0
1	0.0	0.0	17	0.0	9.5	0	50.0	0.0	0.0	0.5	0.0	0.0	0.0	0.0	0.0
0	0.0	0.0	42	0.0	0.0	0	0.06365372374283895	0.0	0.0	0.0	0.0	0.0	0.0	0.0	0.0
3	0.0	0.0	39	0.0	15.25	0	0.23752969121140144	0.0	0.0	0.5	0.0	0.0	0.0	0.0	0.12195121951219513
2	0.0	0.0	28	0.0	12.9	0	0.17667844522968199	0.0	0.0	1.0	0.0	0.0	0.0	0.0	0.0
4	0.0	0.0	63	0.0136518771331058	13.58	0	0.02033760423022168	0.0	0.0	0.0	0.0	0.0	0.0	0.0	0.0
5	0.0	0.0	48	0.0	14.91	0	0.01610305958132045	0.0	0.0	0.0	0.0	0.0	0.0	0.0	0.0
2	0.0	0.0	0	0.0113636363636363	16.35	0	0.0	0.030998140111593308	0.0	0.0	0.0	0.0	0.0	0.0	0.0
1	0.0	0.0	23	0.3008130081300813	14.89	0	0.020234722784297856	0.0	0.0	2.0	0.0	0.0	0.0	0.0	0.0
0	0.0	0.0	80	0.1111111111111111	4.78	0	0.0	4.545454545454546	0.0	4.0	0.0	0.0	0.0	0.0	0.0
4	0.0	0.0	2	0.081081081081081	16.09	0	0.07849293563579278	0.0	0.0	0.0	0.0	0.0	0.0	0.0	0.0
4	0.0	0.0	28	0.029090909090908997	15.65	0	0.02668801708033093	0.0	0.0	0.5	0.0	0.0	0.0	0.013344008540165465	0.0
2	0.0	0.0	28	0.0	9.56	0	3.260869565217391	0.0	0.0	0.0	0.0	0.0	0.0	1.0869565217391304	0.0
1	0.0	0.0	15	0.0	11.15	0	0.29069767441860467	0.0	0.0	0.0	0.0	0.0	0.0	0.0	0.0
6	0.0	0.0	34	0.0	15.72	0	0.019073049780659927	0.0	0.0	0.0	0.0	0.0	0.0	0.0	0.0
4	0.0	0.0	38	0.0	15.56	0	0.05040322580645162	0.0	0.0	13.0	0.0	0.0	0.0	0.0	0.0
0	0.0	0.0	27	0.0	0.0	0	0.0	0.35714285714285715	0.0	0.0	0.0	0.0	0.0	0.0	0.0
1	0.0	0.0	16	0.1209677419354838	19.5	0	0.033738191632928474	0.0	0.0	0.0	0.0	0.0	0.0	0.0	0.0
2	0.0	0.0	31	0.0	15.51	0	0.011279043537108053	0.0	0.0	0.0	0.0	0.0	0.0	0.0	0.0
1	0.0	0.0	33	0.0	9.5	0	0.19083969465648853	0.0	0.0	0.0	0.0	0.0	0.0	0.0	0.0
2	0.0	0.0	54	0.5909090909090909	18.66	0	0.13054830287206265	0.0	0.0	1.0	0.0	0.0	0.0	0.13054830287206265	0.0
2	0.0	0.0	77	0.0140845070422535	13.61	0	0.021992522542335607	0.0	0.0	0.0	0.0	0.0	0.0	0.0	0.009331840238895111
4	0.0	0.0	42	0.203125	24.2	0	0.08583690987124463	0.0	0.0	0.5	0.0	0.0	0.0	0.04291845493562232	0.0
3	1.0	0.0	45	0.0119760479041916	17.82	0	0.033489618218352314	0.0	0.0	1.0	0.0	0.0	0.0	0.05023442732752847	0.0
6	1.0	1.0	19	0.0	13.63	0	0.024993751562109475	0.0	0.0	0.0	0.0	0.0	0.0	0.0	0.0
2	0.0	0.0	0	0.0	17.46	0	0.0	0.20128824476650564	0.0	0.8	0.0	0.0	0.0	0.0	0.0
1	0.0	0.0	28	0.0	23.1	0	0.0	0.20202020202020202	0.0	0.0	0.0	0.0	0.0	0.0	0.10101010101010101
1	0.0	0.0	27	0.0	6.6	0	0.10615711252653928	0.0	0.0	0.0	0.0	0.0	0.0	0.0	0.0
3	0.0	0.0	2	0.0	16.59	0	0.05383580080753701	0.0	0.0	0.0	0.0	0.0	0.0	0.0	0.0
0	0.0	0.0	79	0.0	25.12	0	0.8771929824561404	0.0	0.0	0.0	0.0	0.0	0.0	0.0	0.0
0	0.0	0.0	54	0.2921615201900237	16.24	0	0.0	0.03125976867771179	1.0	15.0	0.0	0.0	0.0	0.0	0.0
2	0.0	0.0	2	0.0	16.35	0	0.32894736842105265	0.0	0.0	0.0	0.0	0.0	0.0	0.0	0.0
3	0.0	0.0	16	0.0	15.17	0	0.05333333333333334	0.0	0.0	0.0	0.0	0.0	0.0	0.0	0.0
2	0.0	0.0	2	0.2891566265060241	17.09	0	0.0	0.20026702269692923	0.0	1.0	0.0	0.0	0.0	0.0	0.0
1	0.0	0.0	31	0.0	10.09	0	0.07627765064836003	0.0	0.0	1.0	0.0	0.0	0.0	0.0	0.0
2	0.0	0.0	2	0.0	16.88	0	0.20491803278688525	0.0	0.0	1.0	0.0	0.0	0.0	0.0	0.0
1	0.0	0.0	0	0.0	16.85	0	0.0	0.2610966057441253	0.0	0.0	0.0	0.0	0.0	0.0	0.0
3	0.0	0.0	0	0.0	16.93	0	0.0	0.12062726176115804	0.0	0.0	0.0	0.0	0.0	0.0	0.0
0	0.0	0.0	19	0.0	0.0	0	0.0	0.2958579881656805	0.0	0.0	0.0	0.0	0.0	0.0	0.0
0	0.0	0.0	39	0.0	0.0	1	0.0	15.0	0.0	0.5555555555555556	0.0	0.0	0.0	0.0	1.6666666666666667
1	0.0	0.0	40	0.0	5.0	0	0.0	0.08481764206955048	0.0	0.0	0.0	0.0	0.0	0.0	0.04240882103477524
1	0.0	0.0	48	0.0	14.38	0	0.012966804979253111	0.0	0.0	0.0	0.0	0.0	0.0	0.012966804979253111	0.0
0	0.0	0.0	42	0.2857142857142857	0.0	0	0.0	0.4854368932038835	0.0	0.5	0.0	0.0	0.0	0.0	0.24271844660194175
0	0.0	0.0	0	0.0	17.17	0	0.0	0.030487804878048783	0.0	4.0	0.0	0.0	0.0	0.0	0.0
1	0.0	0.0	17	0.0	9.31	0	0.0	2.459016393442623	0.0	0.0	0.0	0.0	0.0	0.0	0.819672131147541
4	0.0	0.0	9	0.0467836257309941	16.55	0	0.03221649484536083	0.0	0.0	2.0	0.0	0.0	0.0	0.0	0.0
0	0.0	0.0	19	0.0909090909090909	0.0	0	0.3787878787878788	0.0	0.0	0.0	0.0	0.0	0.0	0.0	0.0
1	0.0	0.0	15	0.0	10.0	0	50.0	0.0	0.0	0.0	0.0	0.0	0.0	0.0	0.0
1	0.0	0.0	0	0.0	16.67	0	0.0	0.16447368421052633	0.0	0.5	0.0	0.0	0.0	0.0	0.0
0	0.0	0.0	24	0.0	15.0	0	0.10482180293501049	0.0	0.0	0.0	0.0	0.0	0.0	0.10482180293501049	0.0
2	0.0	0.0	21	0.1709844559585492	15.45	0	0.06949270326615706	0.0	0.0	0.0	0.0	0.0	0.0	0.0	0.0
4	0.0	0.0	0	0.0358744394618834	16.59	0	0.0	0.033738191632928474	0.0	0.0	0.0	0.0	0.0	0.0	0.0
2	0.0	0.0	18	0.0	3.88	0	0.042265426880811495	0.0	0.0	0.5	0.0	0.0	0.0	0.042265426880811495	0.0
4	0.0	0.0	48	0.0245398773006134	12.58	0	0.022686025408348458	0.0	0.0	1.0	0.0	0.0	0.0	0.0	0.0
1	0.0	0.0	1	0.0	17.0	0	0.1440922190201729	0.0	0.0	0.0	0.0	0.0	0.0	0.0	0.0
4	0.0	0.0	2	0.0	16.58	0	0.0	0.013329778725673154	0.0	0.0	0.0	0.0	0.0	0.0	0.0
3	0.0	0.0	1	0.0129870129870129	16.64	0	0.0	0.056882821387940846	0.0	0.0	0.0	0.0	0.0	0.0	0.0
2	0.0	0.0	40	0.0130718954248366	14.66	0	0.026068821689259645	0.0	0.0	0.0	0.0	0.0	0.0	0.0	0.016666666666666666
3	0.0	0.0	20	0.0	16.1	0	0.0	0.03552397868561279	0.0	0.0	0.0	0.0	0.0	0.0	0.03552397868561279
1	0.0	0.0	0	0.0	17.16	0	0.0	0.672645739910314	0.0	0.0	0.0	0.0	0.0	0.0	0.0
2	0.0	0.0	0	0.0	16.41	0	0.029325513196480937	0.0	0.0	0.0	0.0	0.0	0.0	0.0	0.0
0	0.0	0.0	9	0.2	0.0	0	0.0	0.5586592178770949	0.0	2.0	0.0	0.0	0.0	0.0	0.0
2	0.0	0.0	23	0.1206896551724138	15.64	0	0.0	0.01350621285791464	0.0	1.0	0.0	0.0	0.0	0.0	0.01350621285791464
4	0.0	0.0	39	0.0	12.06	0	0.0	0.024826216484607744	0.0	0.0	0.0	0.0	0.0	0.0	0.0
2	0.0	0.0	21	0.0689655172413793	6.64	0	0.9090909090909091	0.0	0.0	0.0	0.0	0.0	0.0	0.0	0.0
0	0.0	0.0	20	0.0	0.0	0	0.21645021645021645	0.0	0.0	0.0	0.0	0.0	0.0	0.0	0.0
0	1.0	0.0	21	0.0	0.0	0	0.0	0.05296610169491526	0.0	0.0	0.0	0.0	0.0	0.0	0.0
2	0.0	0.0	45	0.0	15.65	0	0.0	0.007898894154818327	0.0	0.0	0.0	0.0	0.0	0.0	0.0
3	0.5	0.5	27	0.0279720279720279	26.42	1	1.2168141592920354	0.0	0.0	0.8181818181818182	0.0	0.0	0.0	0.0	0.05896226415094339
4	0.0	0.0	2	0.0	16.93	0	0.05455537370430988	0.0	0.0	0.0	0.0	0.0	0.0	0.0	0.0
2	0.0	0.0	0	0.0	16.99	0	0.0	0.11273957158962797	0.0	0.0	0.0	0.0	0.0	0.0	0.0
0	0.0	0.0	6	0.0	16.03	0	0.0	0.023635074450484517	0.0	0.0	0.0	0.0	0.0	0.0	0.0
1	1.0	0.0	25	0.0666666666666666	9.5	0	0.42492917847025496	0.0	0.0	0.0	0.0	0.0	0.0	0.0	0.0
0	1.0	0.0	46	0.0	0.0	0	0.0	0.06329113924050632	0.0	0.0	0.0	0.0	0.0	0.0	0.06329113924050632
1	0.0	0.0	13	0.0	10.38	0	0.0	0.2747252747252747	0.0	0.5	0.0	0.0	0.0	0.0	0.0
3	0.0	0.0	30	0.0	5.81	0	0.0	0.36900369003690037	0.0	0.5	0.0	0.0	0.0	0.0	0.0
4	0.0	0.0	32	0.0	16.08	0	0.016194331983805668	0.0	0.0	0.5	0.0	0.0	0.0	0.0	0.0
3	1.0	1.0	2	0.0529411764705882	39.05	0	0.06353240152477764	0.0	0.0	0.5	0.0	0.0	0.0	0.0	0.0
1	0.0	0.0	18	0.0	9.5	0	1.0869565217391304	0.0	0.0	0.0	0.0	0.0	0.0	0.0	0.0
2	0.0	0.0	0	0.0	16.25	0	0.04120313143798929	0.0	0.0	0.0	0.0	0.0	0.0	0.0	0.0
2	0.0	0.0	1	0.1538461538461538	16.22	0	0.0	0.031486146095717885	0.0	0.0	0.0	0.0	0.0	0.0	0.0
0	0.0	0.0	43	0.0	0.0	0	0.06333122229259025	0.0	0.0	0.0	0.0	0.0	0.0	0.0	0.0
0	0.0	1.0	44	0.0	0.0	0	0.0	0.09345794392523366	0.0	0.5	0.0	0.0	0.0	0.0	0.0
1	0.0	1.0	15	0.0	9.5	0	0.056657223796034	0.0	0.0	0.0	0.0	0.0	0.0	0.0	0.0
2	0.0	0.0	0	0.0	17.13	0	0.0	0.3125	0.0	0.0	0.0	0.0	0.0	0.0	0.0
2	0.0	0.0	0	0.0	16.28	0	0.0	0.0617283950617284	0.0	0.0	0.0	0.0	0.0	0.0	0.0
2	0.0	0.0	37	0.2071005917159763	14.41	0	0.0	0.0165892501658925	0.0	1.0	0.0	0.0	0.0	0.0	0.0
3	1.0	1.0	3	0.0	11.08	0	0.0	0.13679890560875513	0.0	0.0	0.0	0.0	0.0	0.0	0.0
2	0.0	0.0	40	0.0	21.64	0	0.32223415682062295	0.0	0.0	0.0	0.0	0.0	0.0	0.0	0.0
0	0.0	0.0	29	0.0	0.0	0	0.0	0.3597122302158274	0.0	0.0	0.0	0.0	0.0	0.0	0.1798561151079137
1	1.0	0.0	39	0.0377358490566037	10.5	0	0.08130081300813008	0.0	0.0	0.5	0.0	0.0	0.0	0.0	0.0
1	0.0	0.0	15	0.0	13.85	0	0.1358695652173913	0.0	0.0	0.5	0.0	0.0	0.0	0.0	0.0
3	0.0	0.0	22	0.0129032258064516	15.23	0	0.0	0.04462293618920125	0.0	0.0	0.0	0.0	0.0	0.0	0.0
3	0.0	0.0	36	0.1509433962264151	12.66	0	0.0	0.04570383912248629	0.0	0.5	0.0	0.0	0.0	0.0	0.04570383912248629
2	0.0	0.0	21	0.0	11.57	0	0.0	0.1953125	0.0	1.0	0.0	0.0	0.0	0.0	0.1953125
1	0.0	0.0	14	0.375	5.19	0	0.8620689655172414	0.0	0.0	0.0	0.0	0.0	0.0	0.0	0.0
2	0.0	0.0	24	0.0	8.94	0	0.11806375442739078	0.0	0.0	0.0	0.0	0.0	0.0	0.0	0.0
2	0.0	0.0	15	0.0	16.23	0	0.0	0.044642857142857144	0.0	0.0	0.0	0.0	0.0	0.0	0.0
0	0.5	1.0	38	0.0594059405940594	25.31	0	0.03676470588235294	0.014172335600907028	0.0	0.0	0.0	0.0	0.0	0.0	0.0
1	1.0	0.0	12	0.0845070422535211	9.5	0	0.1053740779768177	0.0	0.0	0.0	0.0	0.0	0.0	0.0	0.0
4	0.0	0.0	11	0.2543859649122807	16.94	0	0.0	0.13869625520110956	0.0	1.0	0.0	0.0	0.0	0.0	0.0
0	1.0	1.0	46	0.0	4.18	1	0.12135922330097088	0.9285714285714286	0.06060606060606061	0.7272727272727273	0.0	0.03467406380027739	0.0	0.12135922330097088	0.0
0	0.0	0.0	23	0.0135135135135135	15.61	0	0.029868578255675033	0.0	0.0	0.5	0.0	0.0	0.0	0.0	0.0
2	0.5	0.0	60	0.0925925925925925	3.18	1	0.0	0.967741935483871	0.06666666666666667	0.5666666666666667	0.06451612903225806	0.0	0.0	0.0	0.0
4	0.0	0.0	55	0.0	12.09	0	0.02785515320334262	0.0	0.0	0.0	0.0	0.0	0.0	0.01392757660167131	0.0
0	0.0	0.0	20	0.0	0.0	0	0.9615384615384615	0.0	0.0	0.0	0.0	0.0	0.0	0.9615384615384615	0.0
7	0.0	0.0	31	0.0	15.84	0	0.019860973187686197	0.0	0.0	0.0	0.0	0.0	0.0	0.0	0.0
1	0.0	1.0	26	0.0	10.5	0	0.10471204188481674	0.0	0.0	0.0	0.0	0.0	0.0	0.05235602094240837	0.0
0	0.0	0.0	21	0.0	0.0	0	1.4492753623188408	0.0	0.0	0.0	0.0	0.0	0.0	0.0	0.0
0	0.0	0.0	21	0.0	11.73	0	0.13661202185792348	0.0	0.0	0.0	0.0	0.0	0.0	0.0	0.0
10	0.0	0.0	44	0.0	15.45	0	0.02058460271716756	0.0	0.0	0.0	0.0	0.0	0.0	0.0	0.0
0	0.0	0.0	20	0.0	0.0	0	0.11325028312570781	0.0	0.0	0.0	0.0	0.0	0.0	0.11325028312570781	0.0
3	0.0	0.0	0	0.0	16.61	0	0.007203572972194209	0.0	0.0	0.0	0.0	0.0	0.0	0.0	0.0
3	0.0	0.0	35	0.0	15.01	0	0.0	0.031075201988812928	0.0	0.0	0.0	0.0	0.0	0.0	0.031075201988812928
1	0.0	0.0	30	0.0168067226890756	14.04	0	0.06381620931716656	0.0	0.0	0.0	0.0	0.0	0.0	0.0	0.0
2	0.0	0.0	31	0.0	15.65	0	0.02115506663845991	0.0	0.0	0.0	0.0	0.0	0.0	0.0	0.0
0	0.0	0.0	37	0.0	0.0	1	1.0135135135135136	0.5464480874316939	0.0	0.8	0.0	0.0	0.0	0.0	0.0
0	0.0	0.0	15	0.2727272727272727	0.0	0	0.4347826086956522	0.0	0.0	0.0	0.0	0.0	0.0	0.0	0.0
1	0.0	0.0	22	0.0	42.6	0	0.04491354143274197	0.0	0.0	2.25	0.0	0.0	0.0	0.0	0.0
3	0.0	0.0	60	0.0	11.22	0	0.019201228878648235	0.0	0.0	1.0	0.0	0.0	0.0	0.0	0.018409425625920472
1	0.0	0.0	39	0.0	10.5	0	0.14705882352941177	0.0	0.0	0.0	0.0	0.0	0.0	0.0	0.0
2	0.0	0.0	33	0.0	14.05	0	0.03646973012399708	0.0	0.0	0.0	0.0	0.0	0.0	0.0	0.0
1	0.0	0.0	0	0.0	17.43	0	0.0	0.20242914979757085	0.0	1.0	0.0	0.0	0.0	0.0	0.0
0	0.0	0.0	21	0.0	29.13	0	0.0	1.0067114093959733	0.0	0.0	0.0	0.0	0.0	0.0	0.0
3	0.0	0.0	39	0.0147058823529411	11.63	0	0.04452359750667854	0.0	0.0	0.0	0.0	0.0	0.0	0.0	0.0
2	0.0	0.0	0	0.0	16.42	0	0.0	0.04793863854266539	0.0	0.0	0.0	0.0	0.0	0.0	0.0
1	0.0	0.0	0	0.0	16.73	0	0.0	0.10845986984815617	0.0	0.5	0.0	0.0	0.0	0.0	0.0
0	0.0	0.0	41	0.0762711864406779	14.14	0	0.0	0.029673590504451036	0.0	0.0	0.0	0.0	0.0	0.0	0.0
1	0.0	0.0	0	0.0	9.5	0	0.0	0.22573363431151244	0.0	0.0	0.0	0.0	0.0	0.0	0.0
3	0.0	0.0	44	0.0359281437125748	11.58	0	0.0	0.023719165085388995	0.0	0.0	0.0	0.0	0.0	0.0	0.04743833017077799
3	0.0	0.0	21	0.0	14.21	0	0.07278020378457059	0.0	0.0	0.0	0.0	0.0	0.0	0.0	0.0
0	0.0	0.0	18	0.0	0.0	0	0.0	0.3058103975535168	0.0	0.5	0.0	0.0	0.0	0.0	0.3058103975535168
2	0.0	0.0	48	0.0	7.61	0	0.0	0.027886224205242612	0.0	0.0	0.0	0.0	0.0	0.0	0.027886224205242612
5	0.0	0.0	5	0.0	16.63	0	0.023623907394283016	0.0	0.0	0.0	0.0	0.0	0.0	0.0	0.0
0	0.0	0.0	49	0.0	0.0	0	0.09784735812133072	0.0	0.0	1.0	0.0	0.0	0.0	0.0	0.0
0	0.0	0.0	0	0.0	16.6	0	0.0	0.03943217665615142	0.0	2.0	0.0	0.0	0.0	0.0	0.0
1	0.0	0.0	0	0.0	16.69	0	0.0	0.09910802775024777	0.0	0.25	0.0	0.0	0.0	0.0	0.0
1	0.0	0.0	0	0.0	16.52	0	0.0	0.5555555555555556	0.0	0.0	0.0	0.0	0.0	0.0	0.0
2	0.0	0.0	34	0.0	14.54	0	0.8333333333333334	0.0	0.0	0.0	0.0	0.0	0.0	0.0	0.0
1	0.0	0.0	48	0.0	14.92	0	0.024324981756263683	0.0	0.0	0.0	0.0	0.0	0.0	0.0	0.0
1	0.0	0.0	33	0.0	0.86	1	0.0	0.7347538574577517	0.0	0.6	0.0	0.0	0.0	0.028344671201814057	0.0
1	0.0	0.0	19	0.0	9.5	0	0.2304147465437788	0.0	0.0	0.0	0.0	0.0	0.0	0.0	0.0
9	0.0	0.0	2	0.0	16.58	0	0.0	0.021561017680034496	0.0	0.0	0.0	0.0	0.0	0.0	0.0
1	0.0	0.0	19	0.0	9.5	0	0.25510204081632654	0.0	0.0	0.0	0.0	0.0	0.0	0.0	0.0
3	0.0	0.0	31	0.0	15.99	0	0.017513134851138354	0.0	0.0	0.5	0.0	0.0	0.0	0.0	0.0
2	0.0	0.0	34	0.0363636363636363	9.22	0	0.1798561151079137	0.0	0.0	0.5	0.0	0.0	0.0	0.0	0.0
1	0.0	0.0	21	0.0196078431372549	14.92	0	0.08410428931875526	0.0	0.0	0.0	0.0	0.0	0.0	0.0	0.0
2	0.0	0.0	18	0.0380228136882129	15.52	0	0.047125353440150806	0.0	0.0	0.0	0.0	0.0	0.0	0.0	0.0
2	0.0	0.0	21	0.0	6.47	0	1.4970059880239521	0.0	0.0	0.0	0.0	0.0	0.0	0.0	0.0
1	0.0	0.0	0	0.0	17.28	0	0.0	1.3513513513513513	0.0	0.0	0.0	0.0	0.0	0.0	0.0
2	0.0	0.0	1	0.0	23.1	0	0.0	0.03943217665615142	0.0	0.0	0.0	0.0	0.0	0.0	0.0
1	0.0	0.0	15	0.0	7.54	0	0.4310344827586207	0.0	0.0	0.0	0.0	0.0	0.0	0.0	0.0
0	0.0	0.0	41	0.0	14.93	0	0.02937720329024677	0.0	0.0	0.0	0.0	0.0	0.0	0.014688601645123384	0.0
0	0.0	0.0	8	0.4716981132075472	0.0	0	0.0	0.12755102040816327	0.0	1.0	0.0	0.0	0.0	0.0	0.0
1	0.0	0.0	47	0.0	5.14	0	1.1904761904761905	0.0	0.0	2.0	0.0	0.0	0.0	0.0	0.0
0	0.0	1.0	21	0.0	41.64	0	0.029165856503986	0.0	0.0	0.3333333333333333	0.0	0.0	0.0	0.0	0.0
0	0.0	0.0	39	0.0	14.45	0	0.027005130974885227	0.0	0.0	0.0	0.0	0.0	0.0	0.0	0.0
0	1.0	0.0	39	0.0	0.0	0	0.0	0.551470588235294	0.0	0.3333333333333333	0.0	0.0	0.0	0.0	0.1838235294117647
7	0.0	0.0	64	0.0	14.19	0	0.025150905432595575	0.0	0.0	0.0	0.0	0.0	0.0	0.0	0.008739730816290859
1	0.0	0.0	63	0.0	9.5	0	0.2145922746781116	0.0	0.0	0.5	0.0	0.0	0.0	0.0	0.0
4	0.0	0.0	3	0.1379310344827586	16.11	0	0.0	0.04646840148698885	0.0	0.0	0.0	0.0	0.0	0.0	0.0
2	0.0	0.0	0	0.0465116279069767	17.26	0	0.06067961165048544	0.0	0.0	6.0	0.0	0.0	0.0	0.0	0.0
0	0.0	0.0	41	0.0	15.45	0	0.02028809089064719	0.0	0.0	0.0	0.0	0.0	0.0	0.010144045445323595	0.0
1	0.0	0.0	0	0.0	16.12	0	0.0	0.6172839506172839	0.0	0.0	0.0	0.0	0.0	0.0	0.0
0	0.0	1.0	57	0.0130718954248366	15.68	1	1.0095344924284915	0.285132382892057	0.0	0.34	0.0	0.0	0.0	0.0	0.2240325865580448
4	0.0	0.0	72	0.0	13.14	0	0.0	0.07049700387733521	0.0	0.0	0.0	0.0	0.0	0.0	0.0
2	0.0	0.0	31	0.0	16.14	0	0.0	0.0121654501216545	0.0	0.0	0.0	0.0	0.0	0.0	0.0
0	0.0	0.0	32	0.0	0.0	0	0.0	0.7352941176470588	0.0	0.0	0.0	0.0	0.0	0.0	0.0
2	0.0	0.0	51	0.0	15.94	0	0.0	0.014940983116689076	0.0	0.0	0.0	0.0	0.0	0.0	0.007470491558344538
3	0.0	0.0	41	0.0	27.52	0	0.0	0.14619883040935672	0.0	0.0	0.0	0.0	0.0	0.0	0.0
0	0.0	0.0	16	0.0	0.0	0	0.0	0.29411764705882354	0.0	0.0	0.0	0.0	0.0	0.0	0.0
1	0.0	0.0	0	0.0416666666666666	16.7	0	0.0	0.04672897196261683	0.0	0.0	0.0	0.0	0.0	0.0	0.0
5	0.0	0.0	21	0.0	18.56	0	0.0	0.4098360655737705	0.0	0.0	0.0	0.0	0.0	0.0	0.0
1	0.0	0.0	49	0.0	9.5	0	0.37593984962406013	0.0	0.0	0.0	0.0	0.0	0.0	0.0	0.0
1	0.0	0.0	0	0.0	16.71	0	0.0	0.11961722488038279	0.0	0.0	0.0	0.0	0.0	0.0	0.0
2	0.0	0.0	16	0.0625	10.3	0	0.21645021645021645	0.0	0.0	0.0	0.0	0.0	0.0	0.0	0.0
4	0.0	0.0	46	0.0	14.68	0	0.02145922746781116	0.0	0.0	0.5	0.0	0.0	0.0	0.0	0.0
2	0.0	0.0	29	0.0	5.23	0	0.4065040650406504	0.0	0.0	0.0	0.0	0.0	0.0	0.4065040650406504	0.0
1	0.0	0.0	18	0.0	15.19	0	0.0	0.03881987577639751	0.0	0.5	0.0	0.0	0.0	0.0	0.0
6	0.0	1.0	46	0.1322314049586777	25.9	0	0.0	0.03221649484536083	0.0	0.0	0.0	0.0	0.0	0.0	0.016108247422680414
1	0.0	0.0	37	0.0384615384615384	8.81	0	0.0	0.11574074074074073	0.0	0.0	0.0	0.0	0.0	0.0	0.0
1	0.0	0.0	0	0.0	17.15	0	0.0	0.29411764705882354	0.0	0.5	0.0	0.0	0.0	0.0	0.0
0	1.0	0.0	31	0.0	0.0	0	0.0	0.4672897196261682	0.0	0.0	0.0	0.0	0.0	0.0	0.0
19	0.0	0.0	33	0.0930232558139534	16.08	0	0.0	0.021565667457407806	0.0	0.5	0.0	0.0	0.0	0.0	0.0
0	0.0	0.0	22	0.0	0.0	1	0.0	1.639344262295082	0.0	0.5	0.0	0.0	0.0	0.0	0.0
3	1.0	1.0	7	0.0614525139664804	18.17	0	0.03293807641633729	0.0	0.0	0.0	0.0	0.0	0.0	0.0	0.0
1	0.0	0.0	0	0.0	16.66	0	0.0	0.15360983102918588	0.0	0.0	0.0	0.0	0.0	0.0	0.0
1	0.0	0.0	21	0.0	15.92	0	0.02648305084745763	0.0	0.0	0.0	0.0	0.0	0.0	0.0	0.026532236667551078
2	0.0	0.0	38	0.0	7.3	0	0.8710801393728222	0.0	0.0	0.0	0.0	0.0	0.0	0.0	0.0
3	0.0	0.0	16	0.0	15.66	0	0.0	0.045454545454545456	0.0	0.0	0.0	0.0	0.0	0.0	0.0
3	0.0	0.0	33	0.0	14.99	0	0.0	0.038358266206367474	0.0	0.5	0.0	0.0	0.0	0.0	0.05753739930955121
1	1.0	0.0	46	0.0	20.27	0	0.0	0.11441647597254004	0.0	0.0	0.0	0.0	0.0	0.0	0.0
0	0.0	0.0	31	0.0833333333333333	0.0	0	0.5747126436781609	0.0	0.0	0.0	0.0	0.0	0.0	0.0	0.0
2	0.0	0.0	24	0.0	22.66	0	0.15236160487557135	0.0	0.0	0.0	0.0	0.0	0.0	0.0	0.0
1	0.0	0.0	16	0.0	9.15	0	0.16339869281045752	0.0	0.0	0.0	0.0	0.0	0.0	0.0	0.0
1	0.0	0.0	41	0.0	13.98	0	0.029967036260113877	0.0	0.0	0.0	0.0	0.0	0.0	0.014983518130056939	0.02405002405002405
1	0.0	0.0	30	0.0	15.83	0	0.02042483660130719	0.0	0.0	1.0	0.0	0.0	0.0	0.0	0.0
1	0.0	0.0	23	0.0	15.39	0	0.03786444528587656	0.0	0.0	0.0	0.0	0.0	0.0	0.0	0.0
2	0.0	0.0	0	0.0	13.47	0	0.0	0.1160092807424594	0.0	1.0	0.0	0.0	0.0	0.0	0.0
2	0.0	0.0	3	0.0666666666666666	17.28	0	0.0	0.8875739644970414	0.0	0.0	0.0	0.0	0.0	0.0	0.0
0	0.0	0.0	21	0.0	0.0	1	1.639344262295082	0.0	0.0	0.6	0.0	0.0	0.0	0.9836065573770493	0.0
1	0.0	0.0	1	0.3333333333333333	22.37	1	1.2195121951219512	0.0	0.0	2.0	0.0	0.0	0.0	0.0	0.0
2	0.0	0.0	37	0.0	14.7	0	0.0	2.6315789473684212	0.0	0.0	0.0	0.0	0.0	0.0	2.6315789473684212
4	0.0	0.0	21	0.1061946902654867	14.36	0	0.0	0.04730368968779565	0.0	0.0	0.0	0.0	0.0	0.0	0.0
2	0.0	0.0	76	0.0	6.58	0	0.0	0.023073373327180433	0.0	1.0	0.0	0.0	0.0	0.0	0.0
1	0.0	0.0	21	0.0	13.16	0	0.17035775127768313	0.0	0.0	0.5	0.0	0.0	0.0	0.0	0.0
1	0.0	0.0	45	0.1434977578475336	14.68	0	0.0	0.043535045711798	0.0	0.0	0.0	0.0	0.0	0.0	0.021767522855899
2	1.0	1.0	0	0.0	9.6	0	0.07656967840735068	0.0	0.0	0.0	0.0	0.0	0.0	0.0	0.0
4	0.0	0.0	36	0.0	10.05	0	0.07818608287724786	0.0	0.0	0.0	0.0	0.0	0.0	0.03909304143862393	0.0
1	0.0	0.0	17	0.0	15.91	0	0.022143489813994686	0.0	0.0	0.0	0.0	0.0	0.0	0.0	0.0
4	0.0	0.0	32	0.0158730158730158	15.34	0	0.028826751225136928	0.0	0.0	0.5	0.0	0.0	0.0	0.0	0.0
2	1.0	0.5	0	0.3537414965986394	28.36	0	0.0	0.05995203836930456	1.0	1.0	0.0	0.0	0.0	0.0	0.0
0	0.0	0.0	14	0.0	0.0	0	0.0426075841499787	0.0	0.0	0.0	0.0	0.0	0.0	0.0	0.0
1	0.0	0.0	2	0.0	15.94	0	0.0	2.0	0.0	0.0	0.0	0.0	0.0	0.0	0.0
1	0.0	0.0	17	0.0	16.12	0	0.0	0.03477051460361613	0.0	0.0	0.0	0.0	0.0	0.0	0.0
1	0.0	0.0	18	0.0	15.03	0	0.060753341433778855	0.0	0.0	0.0	0.0	0.0	0.0	0.0	0.0
0	0.0	0.5	19	0.0	0.0	0	0.05995203836930456	0.0	0.0	0.5	0.0	0.0	0.0	0.02997601918465228	0.0
1	0.0	0.0	15	0.0	8.4	0	0.3333333333333333	0.0	0.0	0.0	0.0	0.0	0.0	0.0	0.0
0	0.0	0.0	7	0.0	0.0	1	1.0869565217391304	0.0	0.0	1.0	0.0	0.0	0.0	1.0869565217391304	0.0
2	0.0	0.0	18	0.0707964601769911	15.77	0	0.0	0.010555203715431708	0.0	0.0	0.0	0.0	0.0	0.012260912211868563	0.0
1	0.0	0.0	31	0.0	4.0	0	0.0	0.33112582781456956	0.0	0.0	0.0	0.0	0.0	0.0	0.0
2	0.0	0.0	2	0.0	12.03	0	0.0	0.19011406844106465	0.0	0.5	0.0	0.0	0.0	0.0	0.0
3	0.0	0.0	5	0.0	17.6	0	0.0	0.049236829148202856	0.0	5.5	0.0	0.0	0.0	0.0	0.0
1	0.0	0.0	0	0.0	16.78	0	0.0	0.1923076923076923	0.0	0.5	0.0	0.0	0.0	0.0	0.0
0	0.0	0.0	34	0.0	0.0	0	0.0	0.05643340857787811	0.0	0.0	0.0	0.0	0.0	0.0	0.0
1	0.0	0.0	0	0.0	9.5	0	0.0	0.06802721088435375	0.0	0.5	0.0	0.0	0.0	0.0	0.0
3	0.0	0.0	49	0.0555555555555555	8.65	0	0.06944444444444445	0.0	0.0	0.5	0.0	0.0	0.0	0.0	0.0
1	0.0	0.0	13	0.0	6.05	0	0.4854368932038835	0.0	0.0	0.0	0.0	0.0	0.0	0.0	0.0
3	0.0	0.0	19	0.0	16.13	0	0.0	0.04063388866314507	0.0	0.0	0.0	0.0	0.0	0.0	0.04063388866314507
4	0.0	0.0	40	0.0546448087431694	16.08	0	0.03834845967020324	0.0	0.0	2.3333333333333335	0.0	0.0	0.0	0.0	0.0
4	0.0	0.0	15	0.0862068965517241	19.75	0	0.0	0.129366106080207	0.0	0.0	0.0	0.0	0.0	0.0	0.0
1	0.0	0.0	0	0.0	13.5	0	0.0	2.5	0.0	0.5	0.0	0.0	0.0	0.0	0.0
0	0.0	0.0	42	0.0	0.0	0	0.0	0.5102040816326531	0.0	0.0	0.0	0.0	0.0	0.0	0.25510204081632654
5	0.0	0.0	32	0.1027027027027027	16.31	0	0.006629541235746486	0.0	0.0	0.0	0.0	0.0	0.0	0.0	0.0
3	0.0	0.0	49	0.0	10.18	0	0.04887585532746823	0.0	0.0	0.0	0.0	0.0	0.0	0.04887585532746823	0.03741114852225963
2	0.0	0.0	52	0.0	9.46	0	0.0	0.12594458438287154	0.0	0.0	0.0	0.0	0.0	0.0	0.0
3	0.0	0.0	23	0.0	15.37	0	0.0	0.050050050050050046	0.0	0.0	0.0	0.0	0.0	0.0	0.050050050050050046
1	0.0	0.0	0	0.0	16.5	0	0.0	0.10362694300518134	0.0	0.0	0.0	0.0	0.0	0.0	0.0
1	0.0	0.0	30	0.0	13.5	0	0.0	0.16339869281045752	0.0	0.0	0.0	0.0	0.0	0.0	0.0
2	0.0	0.0	0	0.0	16.93	0	0.04716981132075472	0.0	0.0	0.0	0.0	0.0	0.0	0.0	0.0
0	0.0	0.0	1	0.0	16.58	0	0.01638001638001638	0.0	0.0	0.0	0.0	0.0	0.0	0.0	0.0
7	0.0	0.0	33	0.0	15.63	0	0.011587485515643106	0.0	0.0	0.0	0.0	0.0	0.0	0.0	0.0076196281621456865
1	0.0	0.0	21	0.0	12.54	0	0.14947683109118085	0.0	0.0	0.0	0.0	0.0	0.0	0.0	0.0
1	0.0	0.0	15	0.0	9.5	0	0.2173913043478261	0.0	0.0	1.0	0.0	0.0	0.0	0.0	0.0
5	0.0	0.0	52	0.0	11.95	0	0.0	0.03484320557491289	0.0	0.0	0.0	0.0	0.0	0.02196836555360281	0.0
2	0.0	0.0	24	0.1931818181818181	15.09	0	0.05720823798627002	0.0	0.0	0.0	0.0	0.0	0.0	0.0	0.0
4	0.0	0.0	61	0.0	4.91	0	0.6329113924050632	0.0	0.0	0.0	0.0	0.0	0.0	0.0	0.0
3	0.0	0.0	1	0.0675105485232067	16.21	0	0.026308866087871613	0.0	0.0	0.5	0.0	0.0	0.0	0.0	0.0
1	0.0	0.0	34	0.0	5.19	0	0.9259259259259258	0.0	0.0	0.0	0.0	0.0	0.0	0.0	0.0
1	0.0	0.0	0	0.0	16.64	0	0.0	0.03379520108144644	0.0	0.0	0.0	0.0	0.0	0.0	0.0
1	0.0	0.0	17	0.0	10.95	0	0.10822510822510822	0.0	0.0	0.0	0.0	0.0	0.0	0.0	0.0
2	0.0	0.0	30	0.0	8.01	0	0.0	0.28653295128939826	0.0	0.0	0.0	0.0	0.0	0.0	0.0
1	0.0	0.0	39	0.0310880829015544	12.0	0	0.028530670470756064	0.0	0.0	0.0	0.0	0.0	0.0	0.0	0.0
2	0.0	0.0	25	0.0	6.36	0	0.3968253968253968	0.0	0.0	0.0	0.0	0.0	0.0	0.0	0.0
5	0.0	0.0	17	0.0	11.86	0	0.1234567901234568	0.0	0.0	0.0	0.0	0.0	0.0	0.0	0.0
4	0.0	0.0	54	0.0	15.54	0	0.0	0.012685525815045035	0.0	3.0	0.0	0.0	0.0	0.0	0.0
1	0.0	0.0	49	0.0	9.17	0	0.0576036866359447	0.0	0.0	0.0	0.0	0.0	0.0	0.02880184331797235	0.07898894154818326
1	0.0	0.0	22	0.2823529411764706	14.36	0	0.03690036900369004	0.0	0.0	1.0	0.0	0.0	0.0	0.0	0.0
0	0.0	0.0	18	0.0	15.43	0	0.04306632213608958	0.0	0.0	0.0	0.0	0.0	0.0	0.0	0.0
0	0.0	0.0	42	0.0439560439560439	15.46	0	0.01904761904761905	0.0	0.0	1.0	0.0	0.0	0.0	0.009523809523809525	0.0
2	0.0	0.0	20	0.0	15.37	0	0.11947431302270013	0.0	0.0	0.5	0.0	0.0	0.0	0.0	0.0
3	0.5	1.0	1	0.0	37.92	0	0.018628912071535022	0.0	0.0	0.0	0.0	0.0	0.0	0.0	0.0
1	0.0	0.0	45	0.0145985401459854	15.25	0	0.02007226013649137	0.0	0.0	0.0	0.0	0.0	0.0	0.0	0.0
4	0.0	0.0	0	0.0136986301369863	16.66	0	0.02871088142405972	0.0	0.0	0.5	0.0	0.0	0.0	0.0	0.0
0	0.0	0.0	26	0.0092592592592592	15.82	0	0.0	0.022182786157941437	0.0	0.0	0.0	0.0	0.0	0.0	0.011091393078970719
1	0.0	0.0	0	0.0588235294117647	18.03	0	0.16501650165016502	0.0	0.0	3.0	0.0	0.0	0.0	0.0	0.0
6	1.0	0.3333333333333333	28	0.0	21.34	0	0.01959631589261219	0.0	0.0	0.0	0.0	0.0	0.0	0.01959631589261219	0.0
2	0.0	0.0	44	0.0287081339712918	14.53	0	0.0	0.024618414574101428	0.0	0.0	0.0	0.0	0.0	0.0	0.0
2	0.0	0.0	35	0.0732984293193717	15.13	0	0.0	0.011325028312570783	0.0	0.0	0.0	0.0	0.0	0.0	0.0
4	0.0	0.0	63	0.0	14.62	0	0.0	0.020024028834601523	0.0	0.0	0.0	0.0	0.0	0.0	0.0
2	0.0	0.0	21	0.0	5.95	0	0.4807692307692307	0.0	0.0	0.0	0.0	0.0	0.0	0.0	0.0
3	0.0	0.0	1	0.0379746835443038	16.63	0	0.0	0.03920031360250882	0.0	0.0	0.0	0.0	0.0	0.0	0.0
1	0.0	0.0	24	0.0555555555555555	13.62	0	0.07898894154818326	0.0	0.0	0.0	0.0	0.0	0.0	0.07898894154818326	0.0
1	0.0	0.0	27	0.0512820512820512	15.53	0	0.026831231553528304	0.0	0.0	0.0	0.0	0.0	0.0	0.0	0.0
2	0.0	0.0	18	0.2580645161290322	16.01	0	0.0	0.016605778811026237	0.0	4.0	0.0	0.0	0.0	0.033079722130334104	0.0
0	0.0	0.0	14	0.0	0.0	0	0.10330578512396695	0.10330578512396695	0.0	0.25	0.0	0.0	0.0	0.0	0.0
1	0.0	1.0	26	0.0166666666666666	3.3	0	0.07429420505200594	0.0	0.0	0.0	0.0	0.0	0.0	0.07429420505200594	0.0
2	0.0	0.0	19	0.0	9.02	0	0.0	0.1597444089456869	0.0	0.0	0.0	0.0	0.0	0.0	0.0
3	0.0	0.0	68	0.0952380952380952	9.53	0	0.07855459544383346	0.0	1.0	0.0	0.0	0.0	0.0	0.0	0.0
1	0.0	0.0	20	0.0	9.74	0	0.4310344827586207	0.0	0.0	1.0	0.0	0.0	0.0	0.0	0.0
4	0.0	0.0	19	0.0	15.92	0	0.031269543464665414	0.0	0.0	0.0	0.0	0.0	0.0	0.031269543464665414	0.0
2	0.0	0.0	30	0.0	5.69	0	0.24038461538461536	0.0	0.0	0.0	0.0	0.0	0.0	0.0	0.0
2	0.0	0.0	28	0.0440528634361233	15.75	0	0.046652670865407045	0.0	0.0	0.0	0.0	0.0	0.0	0.0	0.0
13	0.0	0.0	35	0.0710059171597633	15.25	0	0.0	0.09416195856873823	0.0	1.3333333333333333	0.0	0.0	0.0	0.0	0.0
1	0.0	1.0	0	0.0	9.5	0	0.0	0.038461538461538464	0.0	0.0	0.0	0.0	0.0	0.0	0.0
0	0.0	0.0	28	0.0	0.0	1	8.51063829787234	0.0	0.0	0.75	0.0	0.0	0.0	0.0	0.0
2	0.0	1.0	33	0.0	16.44	0	0.08223684210526316	0.0	0.0	0.0	0.0	0.0	0.0	0.0	0.0
0	0.0	0.0	18	0.0	0.0	0	0.0	0.2032520325203252	0.0	0.0	0.0	0.0	0.0	0.0	0.2032520325203252
1	0.0	0.0	26	0.0	14.91	0	0.03589375448671931	0.0	0.0	0.0	0.0	0.0	0.0	0.0	0.0
0	0.0	0.0	25	0.0	0.0	0	0.0	0.0	0.0	0.0	0.0	0.0	0.0	0.0	0.0
9	0.0	0.0	76	0.0	5.77	0	0.14705882352941177	0.0	0.0	0.0	0.0	0.0	0.0	0.0	0.0
2	1.0	0.0	45	0.0	2.05	0	0.0	0.10593220338983052	0.0	0.5	0.0	0.0	0.0	0.0	0.10593220338983052
1	0.0	0.0	32	0.0	14.47	0	0.0	0.03129890453834116	0.0	0.5	0.0	0.0	0.0	0.0	0.0
0	0.0	0.0	39	0.0	0.0	0	0.30120481927710846	0.0	0.0	0.0	0.0	0.0	0.0	0.0	0.0
3	0.0	0.0	36	0.0	15.15	0	0.026308866087871613	0.0	0.0	0.0	0.0	0.0	0.0	0.0	0.0
1	1.0	1.0	0	0.0	14.5	0	0.036683785766691124	0.0	0.0	0.0	0.0	0.0	0.0	0.0	0.0
2	0.0	0.3333333333333333	34	0.0	21.23	0	0.03775009437523594	0.0	0.0	0.0	0.0	0.0	0.0	0.01887504718761797	0.0
0	0.0	0.0	11	0.3170731707317073	14.93	0	0.0	0.1295336787564767	0.0	2.0	0.0	0.0	0.0	0.0	0.0
4	0.0	0.0	40	0.109375	11.53	0	0.0	0.05567928730512249	0.0	0.5	0.0	0.0	0.0	0.0	0.027839643652561245
0	0.0	1.0	19	0.1025641025641025	0.0	0	0.10638297872340426	0.0	0.0	0.0	0.0	0.0	0.0	0.0	0.0
1	0.0	0.0	0	0.1204819277108433	16.61	0	0.0	0.03219575016097875	0.0	2.0	0.0	0.0	0.0	0.0	0.0
1	0.0	0.0	15	0.0	3.0	0	0.16891891891891891	0.0	0.0	0.5	0.0	0.0	0.0	0.0	0.0
1	0.0	0.0	30	0.0	19.0	0	0.2012072434607646	0.0	0.0	0.0	0.0	0.0	0.0	0.0	0.0
2	0.0	0.0	0	0.0769230769230769	17.12	0	0.0	0.8695652173913044	0.0	0.0	0.0	0.0	0.0	0.0	0.0
0	0.0	0.0	36	0.0	0.0	1	50.0	0.0	0.0	0.3333333333333333	0.0	0.0	0.0	0.0	0.0
2	0.0	0.0	24	0.0	19.77	0	0.08795074758135445	0.0	0.0	0.0	0.0	0.0	0.0	0.0	0.0
1	0.0	0.0	0	0.0	16.99	0	0.0	0.22727272727272727	0.0	1.0	0.0	0.0	0.0	0.0	0.0
2	0.0	0.0	77	0.0	6.44	0	0.18518518518518517	0.0	0.0	0.0	0.0	0.0	0.0	0.0	0.0
2	0.0	0.0	18	0.0	6.9	0	0.33112582781456956	0.0	0.0	0.5	0.0	0.0	0.0	0.0	0.0
6	0.0	0.0	39	0.0	14.99	0	0.0	0.031036623215394167	0.0	0.0	0.0	0.0	0.0	0.011921793037672867	0.0
0	0.0	0.0	23	0.0	0.0	0	0.20491803278688525	0.0	0.0	0.0	0.0	0.0	0.0	0.0	0.0
2	0.0	0.0	1	0.0	16.56	0	0.03834355828220859	0.0	0.0	0.0	0.0	0.0	0.0	0.0	0.0
1	0.0	0.0	18	0.0	10.11	0	0.0	0.1	0.0	1.0	0.0	0.0	0.0	0.0	0.0
0	0.0	0.0	46	0.0	0.0	0	0.0	0.5882352941176471	0.0	0.5	0.0	0.0	0.0	0.0	0.5882352941176471
0	0.0	0.0	34	0.0	0.0	1	0.0	6.521739130434782	0.0	0.6666666666666666	0.0	0.0	0.0	0.0	0.0
0	0.0	0.0	21	0.0	0.0	0	0.0	5.555555555555555	0.0	0.0	0.0	0.0	0.0	0.0	0.0
3	0.0	0.0	0	0.0	15.07	0	0.0	0.04950495049504951	0.0	0.5	0.0	0.0	0.0	0.0	0.0
1	0.0	0.0	0	0.0	9.5	0	0.0	0.2590673575129534	0.0	0.0	0.0	0.0	0.0	0.0	0.0
1	0.0	0.0	0	0.0	13.83	0	0.0	1.3513513513513513	0.0	0.0	0.0	0.0	0.0	0.0	0.0
3	0.0	0.0	66	0.0	7.03	0	0.07886435331230283	0.0	0.0	0.0	0.0	0.0	0.0	0.0	0.0
2	0.0	0.0	41	0.0109890109890109	14.33	0	0.0	0.03378378378378378	0.0	0.0	0.0	0.0	0.0	0.0	0.0
2	0.0	0.0	18	0.0	16.24	0	0.0	0.02963841138114997	0.0	0.0	0.0	0.0	0.0	0.0	0.0
2	0.0	0.0	58	0.0	4.97	0	0.4132231404958678	0.0	0.0	0.0	0.0	0.0	0.0	0.0	0.0
1	0.0	0.0	0	0.1509433962264151	16.66	0	0.0	0.03849114703618168	0.0	0.0	0.0	0.0	0.0	0.0	0.0
1	0.0	0.0	35	0.0	5.89	0	0.8264462809917356	0.0	0.0	0.25	0.0	0.0	0.0	0.0	0.0
0	0.0	0.0	22	0.0	0.0	0	0.0	0.0325626831650928	0.0	0.0	0.0	0.0	0.0	0.0	0.0325626831650928
1	0.0	0.0	32	0.0	14.57	0	0.0	0.03787878787878788	0.0	0.5	0.0	0.0	0.0	0.0	0.0
4	0.0	0.0	5	0.0	16.52	0	0.015015015015015017	0.0	0.0	0.0	0.0	0.0	0.0	0.0	0.0
5	0.0	0.0	15	0.0	16.09	0	0.017702248185519562	0.0	0.0	0.0	0.0	0.0	0.0	0.0	0.0
4	0.0	0.0	28	0.0	13.97	0	0.031036623215394167	0.0	0.0	0.0	0.0	0.0	0.0	0.0	0.0
2	0.0	0.0	0	0.0	16.11	0	0.0	0.09096422073984234	0.0	0.0	0.0	0.0	0.0	0.0	0.0
4	0.0	0.0	32	0.0	15.53	0	0.024443901246638967	0.0	0.0	0.0	0.0	0.0	0.0	0.0	0.0
3	0.0	0.0	7	0.0	15.77	0	0.08904719501335707	0.0	0.0	0.0	0.0	0.0	0.0	0.0	0.0
5	0.0	0.0	0	0.0	16.58	0	0.0	0.09345794392523366	0.0	1.0	0.0	0.0	0.0	0.0	0.0
0	0.0	1.0	46	0.0338983050847457	0.0	1	3.7848605577689245	0.0	0.0	0.3157894736842105	0.0	0.0	0.0	0.9960159362549802	0.0
0	0.0	0.0	42	0.0	15.25	0	0.021691973969631236	0.0	0.0	0.0	0.0	0.0	0.0	0.0	0.0
2	0.0	0.0	51	0.0	10.7	0	0.07874015748031496	0.0	0.0	0.0	0.0	0.0	0.0	0.0	0.0
3	0.0	0.0	37	0.0099009900990099	15.45	0	0.0	0.023872045834328	0.0	0.5	0.0	0.0	0.0	0.0	0.011936022917164
0	0.0	0.0	1	0.0444444444444444	16.49	0	0.2008032128514056	0.0	0.0	0.0	0.0	0.0	0.0	0.0	0.0
4	0.0	0.0	43	0.0	15.07	0	0.021326508850501174	0.0	0.0	0.0	0.0	0.0	0.0	0.021326508850501174	0.013358268768367619
4	0.0	0.0	27	0.0	15.46	0	0.0	0.032175032175032175	0.0	1.0	0.0	0.0	0.0	0.0	0.0
3	0.5	0.3333333333333333	43	0.0	157.22	0	0.1152073732718894	0.0	0.0	0.16666666666666666	0.0	0.0	0.0	0.0	0.0
1	0.0	0.0	74	0.0909090909090909	9.5	0	0.25380710659898476	0.0	0.0	0.5	0.0	0.0	0.0	0.0	0.0
0	0.0	0.0	1	0.0	16.26	0	0.0275178866263071	0.0	0.0	0.0	0.0	0.0	0.0	0.0	0.0
0	0.0	0.0	14	0.15	0.0	0	0.0	0.3623188405797102	1.0	0.0	0.0	0.0	0.0	0.0	0.09057971014492755
5	0.0	0.0	20	0.0	7.16	0	0.8264462809917356	0.0	0.0	0.0	0.0	0.0	0.0	0.0	0.0
2	1.0	0.3333333333333333	44	0.0	23.37	0	0.021092596498628984	0.0	0.0	0.0	0.0	0.0	0.0	0.021092596498628984	0.0
2	0.0	0.0	35	0.0277777777777777	57.29	1	0.4439511653718091	0.14064697609001406	0.0	0.6666666666666666	0.0	0.0	0.0	0.0	0.07032348804500703
6	0.0	0.0	45	0.1592356687898089	12.88	0	0.0	0.05837711617046118	0.0	0.0	0.0	0.0	0.0	0.0	0.02918855808523059
3	0.0	0.0	41	0.0	12.05	0	0.040176777822418644	0.0	0.0	0.0	0.0	0.0	0.0	0.0	0.0
8	0.0	0.0	28	0.046692607003891	15.92	0	0.01910949742021785	0.0	0.0	0.0	0.0	0.0	0.0	0.009554748710108925	0.0
2	0.0	0.0	0	0.0	17.44	0	0.0	0.4424778761061947	0.0	0.0	0.0	0.0	0.0	0.0	0.0
1	0.0	0.5	42	0.0	21.21	0	0.5263157894736842	0.0	0.0	0.0	0.0	0.0	0.0	0.0	0.0
5	0.0	0.0	2	0.0	17.19	0	0.0	0.06067961165048544	0.0	0.0	0.0	0.0	0.0	0.0	0.0
1	0.0	0.0	20	0.0	6.14	0	0.0	1.0638297872340425	0.0	0.0	0.0	0.0	0.0	0.0	1.0638297872340425
0	0.0	1.0	35	0.0555555555555555	0.0	1	0.0	5.0	0.0	0.8235294117647058	0.0	0.0	0.0	0.0	0.0
2	0.0	0.0	22	0.3043478260869565	13.51	0	0.0	0.19880715705765406	0.0	1.0	0.0	0.0	0.0	0.0	0.0
0	0.0	1.0	42	0.0	5.65	1	0.3235294117647059	0.6730229949523276	0.02857142857142857	0.7142857142857143	0.0	0.029411764705882353	0.0	0.2647058823529412	0.0
0	0.0	0.0	24	0.0	0.0	0	0.2145922746781116	0.0	0.0	0.0	0.0	0.0	0.0	0.2145922746781116	0.0
1	0.0	0.0	1	0.2265193370165746	11.0	0	0.0	0.028465698832906346	0.0	0.0	0.0	0.0	0.0	0.0	0.0
1	0.0	0.0	32	0.0727272727272727	13.49	0	0.10183299389002036	0.0	0.0	0.0	0.0	0.0	0.0	0.20366598778004072	0.0
5	0.0	0.0	30	0.0	8.51	0	0.14306151645207438	0.0	0.0	1.0	0.0	0.0	0.0	0.0	0.0
2	0.0	0.0	16	0.0	6.57	0	0.5494505494505494	0.0	0.0	0.0	0.0	0.0	0.0	0.0	0.0
1	0.0	0.0	18	0.0	15.59	0	0.04355400696864111	0.0	0.0	0.0	0.0	0.0	0.0	0.0	0.0
0	0.0	0.0	26	0.0	0.0	0	0.0	0.1392757660167131	0.0	1.0	0.0	0.0	0.0	0.0	0.0
0	0.0	0.0	13	0.0	0.0	0	0.5076142131979695	0.0	0.0	0.5	0.0	0.0	0.0	0.0	0.0
1	0.0	0.0	15	0.0	7.15	0	0.37593984962406013	0.0	0.0	0.5	0.0	0.0	0.0	0.0	0.0
0	0.0	0.0	24	0.0	0.0	0	0.0	0.0	0.0	0.0	0.0	0.0	0.0	0.0	0.0
4	0.0	0.0	25	0.0	12.5	0	0.08833922261484099	0.0	0.0	0.5	0.0	0.0	0.0	0.0	0.0
2	0.0	0.0	15	0.3355263157894737	2.82	0	0.501002004008016	0.0	0.0	0.1	0.0	0.0	0.0	0.0	0.0
0	1.0	0.0	0	0.0759493670886076	0.0	0	0.0	0.056625141562853906	0.0	0.0	0.0	0.0	0.0	0.0	0.0
0	1.0	1.0	42	0.0	6.99	1	0.3913237924865832	0.1839201261166579	0.0	0.42857142857142855	0.0	0.0	0.0	0.022361359570661897	0.09196006305832895
0	1.0	1.0	17	0.0	47.21	0	0.0	0.03518648838845883	0.0	0.0	0.0	0.0	0.0	0.0	0.0
1	0.0	0.0	14	0.1964285714285714	15.46	0	0.0	0.10526315789473684	0.0	0.0	0.0	0.0	0.0	0.0	0.0
1	0.0	0.0	19	0.0285714285714285	14.26	0	0.0	0.0784313725490196	0.0	0.0	0.0	0.0	0.0	0.0	0.0
0	0.0	0.0	38	0.0890688259109311	15.57	0	0.009761811792268645	0.0	0.0	2.0	0.0	0.0	0.0	0.0	0.013092432573972244
2	0.0	0.0	43	0.0	13.48	0	0.06086427267194157	0.0	0.0	0.0	0.0	0.0	0.0	0.06086427267194157	0.014526438117373619
0	0.0	0.0	19	0.0	0.0	0	0.2136752136752137	0.0	0.0	0.0	0.0	0.0	0.0	0.0	0.0
2	0.0	0.0	32	0.037037037037037	13.61	0	0.04965243296921549	0.0	0.0	0.0	0.0	0.0	0.0	0.0	0.047505938242280284
0	0.5	1.0	32	0.1732283464566929	0.0	0	0.0676132521974307	0.0	0.0	0.0	0.0	0.0	0.0	0.03380662609871535	0.0
1	0.0	0.0	17	0.1	9.5	0	0.4504504504504504	0.0	0.0	0.0	0.0	0.0	0.0	0.0	0.0
0	0.0	0.0	19	0.0	7.79	0	0.3472222222222222	0.0	0.0	0.5	0.0	0.0	0.0	0.0	0.0
1	0.0	0.0	0	0.0	17.46	0	0.0	0.4310344827586207	0.0	0.0	0.0	0.0	0.0	0.0	0.0
2	0.0	0.0	24	0.0	16.1	0	0.0	0.025893319523562924	0.0	0.0	0.0	0.0	0.0	0.0	0.0
1	0.0	0.0	37	0.0655737704918032	13.49	0	0.0	0.10298661174047373	0.0	4.0	0.0	0.0	0.0	0.0	0.051493305870236865
2	0.5	0.0	0	0.0096153846153846	14.01	0	0.0	0.057405281285878296	0.0	0.0	0.0	0.0	0.0	0.0	0.0
0	0.0	0.0	12	0.0	0.0	0	0.27548209366391185	0.0	0.0	1.5	0.0	0.0	0.0	0.0	0.0
1	0.0	1.0	45	0.0314960629921259	7.52	1	1.1182108626198082	0.0	0.0	0.45714285714285713	0.0	0.0	0.0	0.0	0.11600928074245939
4	0.0	0.0	36	0.0	15.69	0	0.014042971492767871	0.0	0.0	0.0	0.0	0.0	0.0	0.0	0.0
2	0.0	0.0	31	0.0	16.29	0	0.011332728921124207	0.0	0.0	0.0	0.0	0.0	0.0	0.011332728921124207	0.0
1	0.0	0.0	19	0.0	19.0	0	0.2857142857142857	0.0	0.0	0.0	0.0	0.0	0.0	0.2857142857142857	0.0
1	0.0	0.0	22	0.0	7.47	0	0.0	0.5050505050505051	0.0	0.0	0.0	0.0	0.0	0.0	0.25252525252525254
3	0.0	0.0	78	0.0166666666666666	11.65	1	0.0	0.7623888182973316	0.0	0.5	0.0	0.0	0.0	0.06787330316742081	0.7623888182973316
1	0.0	0.0	1	0.0	16.63	0	0.0	0.0992063492063492	0.0	0.0	0.0	0.0	0.0	0.0	0.0
1	0.0	0.0	45	0.0	4.79	0	0.0	0.4807692307692307	0.0	0.0	0.0	0.0	0.0	2.5	0.0
1	0.0	0.0	35	0.0	15.68	0	0.0	0.03556187766714082	0.0	0.0	0.0	0.0	0.0	0.0	0.01778093883357041
5	0.0	0.0	4	0.0	16.68	0	0.036683785766691124	0.054945054945054944	0.0	0.0	0.0	0.0	0.0	0.0	0.0
0	0.0	0.0	11	0.0	0.0	0	3.846153846153846	0.0	0.0	1.0	0.0	0.0	0.0	0.0	0.0
0	0.0	0.0	0	0.0	17.43	0	0.0	0.07541478129713423	0.0	4.0	0.0	0.0	0.0	0.0	0.0
3	0.0	0.0	1	0.0471698113207547	16.72	0	0.03571428571428571	0.0	0.0	3.5	0.0	0.0	0.0	0.0	0.0
0	0.0	0.0	50	0.0	0.0	0	0.4385964912280702	0.0	0.0	0.0	0.0	0.0	0.0	0.0	0.0
0	1.0	0.0	45	0.0	0.0	0	0.0	0.8333333333333334	0.0	0.0	0.0	0.0	0.0	0.0	0.8333333333333334
1	0.0	1.0	24	0.0	2.83	0	0.0	0.09000900090009001	0.0	0.0	0.0	0.0	0.0	0.0	0.0
1	0.0	0.0	37	0.0	6.5	0	0.0	0.09852216748768472	0.0	0.0	0.0	0.0	0.0	0.0	0.0
9	0.0	1.0	46	0.0	56.81	0	0.029197080291970802	0.02541942043721403	0.0	0.0	0.0	0.0	0.0	0.014598540145985401	0.0
0	0.0	0.0	0	0.2214765100671141	17.01	0	0.0	0.06702412868632708	0.0	0.5	0.0	0.0	0.0	0.0	0.0
2	0.0	0.0	0	0.0	16.82	0	0.0	0.046511627906976744	0.0	0.0	0.0	0.0	0.0	0.0	0.0
2	0.0	0.0	49	0.0666666666666666	5.15	0	11.363636363636363	0.0	0.0	0.0	0.0	0.0	0.0	0.0	0.0
0	0.0	0.0	10	0.0	16.83	0	0.02004008016032064	0.0	0.0	6.0	0.0	0.0	0.0	0.0	0.0
6	0.0	0.0	50	0.0	13.38	0	0.044923629829290206	0.0	0.0	0.0	0.0	0.0	0.0	0.0	0.0
2	0.0	0.0	23	0.03125	7.37	1	1.8248175182481752	0.08944543828264759	0.037037037037037035	0.6666666666666666	0.0	0.0	0.0	0.0	0.08944543828264759
4	0.0	0.0	18	0.0	8.95	0	0.14705882352941177	0.0	0.0	0.5	0.0	0.0	0.0	0.0	0.0
3	0.0	0.0	26	0.0	9.25	0	0.1044932079414838	0.0	0.0	0.0	0.0	0.0	0.0	0.0	0.0
1	0.0	0.0	34	0.2072538860103626	14.59	0	0.0	0.02625360987135731	0.0	0.0	0.0	0.0	0.0	0.02901915264074289	0.013126804935678655
1	0.0	1.0	17	0.0	10.8	0	0.17683465959328026	0.0	0.0	0.0	0.0	0.0	0.0	0.08841732979664013	0.0
3	0.0	0.0	1	0.0637450199203187	16.61	0	0.023534949399858788	0.0	0.0	0.5	0.0	0.0	0.0	0.0	0.0
0	0.0	0.0	14	0.0	0.0	0	0.0	0.06574621959237344	0.0	0.0	0.0	0.0	0.0	0.0	0.0
1	0.0	0.0	0	0.0	9.5	0	0.0	0.3225806451612903	0.0	0.0	0.0	0.0	0.0	0.0	0.0
3	0.0	0.0	1	0.0	16.7	0	0.0	0.04803073967339097	0.0	0.0	0.0	0.0	0.0	0.0	0.0
0	0.0	0.0	17	0.0111111111111111	15.93	0	0.03263707571801566	0.0	0.0	0.0	0.0	0.0	0.0	0.0	0.0
3	1.0	0.0	62	0.2596153846153846	16.27	0	0.047505938242280284	0.0	0.0	0.5	0.0	0.0	0.0	0.0	0.0
1	0.0	0.0	23	0.0	15.37	0	0.03813882532418002	0.0	0.0	0.0	0.0	0.0	0.0	0.0	0.0
1	0.0	0.0	53	0.0	9.5	0	0.7246376811594204	0.0	0.0	0.0	0.0	0.0	0.0	0.0	0.0
1	0.0	0.0	21	0.0096618357487922	15.95	0	0.024764735017335313	0.0	0.0	0.0	0.0	0.0	0.0	0.0	0.0
3	0.0	0.0	37	0.0	13.77	0	0.0	0.04875670404680643	0.0	0.0	0.0	0.0	0.0	0.0	0.024378352023403216
2	0.0	0.0	44	0.0	15.26	0	0.0	0.020496003279360527	0.0	0.0	0.0	0.0	0.0	0.0	0.010248001639680263
0	0.0	0.0	20	0.0	0.0	0	0.0	0.0	0.0	0.0	0.0	0.0	0.0	0.0	0.0
1	0.0	1.0	59	0.0	0.76	1	1.7209302325581395	0.0	0.0	0.7567567567567568	0.0	0.0	0.0	0.0	0.03191828917969997
0	0.0	0.0	1	0.0	16.22	0	0.0	0.02249718785151856	0.0	0.5	0.0	0.0	0.0	0.0	0.0
0	0.0	0.0	46	0.025	0.0	1	0.9297520661157025	2.0255863539445627	0.0	0.36923076923076925	0.0	0.0	0.0	0.7575757575757576	0.0
2	0.0	0.0	27	0.0	8.21	0	0.0	0.05411255411255411	0.0	0.0	0.0	0.0	0.0	0.0	0.0
2	0.0	0.0	30	0.0	15.67	0	0.022660321776569226	0.0	0.0	0.0	0.0	0.0	0.0	0.0	0.0
2	0.0	0.0	25	0.1	15.45	0	0.08944543828264759	0.0	0.0	0.5	0.0	0.0	0.0	0.08944543828264759	0.0
1	0.0	0.0	2	0.0175438596491228	37.28	0	0.0	0.1568627450980392	0.0	0.0	0.0	0.0	0.0	0.0	0.0
0	0.0	0.0	16	0.0	0.0	0	0.0	0.19379844961240308	0.0	0.0	0.0	0.0	0.0	0.0	0.0
4	0.0	0.0	5	0.0	13.83	0	0.0	0.6756756756756757	0.0	0.0	0.0	0.0	0.0	0.0	0.0
1	0.0	0.0	0	0.0	16.36	0	0.048169556840077066	0.0	0.0	0.0	0.0	0.0	0.0	0.0	0.0
1	0.0	0.0	1	0.0219780219780219	12.26	0	0.0	0.07656967840735068	0.0	0.5	0.0	0.0	0.0	0.0	0.0
2	0.0	0.0	14	0.0	16.06	0	0.0	0.056947608200455586	0.0	0.0	0.0	0.0	0.0	0.0	0.0
1	0.0	0.0	18	0.0	8.84	0	0.47846889952153115	0.0	0.0	0.0	0.0	0.0	0.0	0.0	0.0
0	0.0	0.0	18	0.0769230769230769	0.0	0	0.0	0.4347826086956522	0.0	0.0	0.0	0.0	0.0	0.0	0.0
2	0.0	0.0	40	0.0	14.57	0	0.057045065601825436	0.0	0.0	0.0	0.0	0.0	0.0	0.0	0.0
1	1.0	1.0	17	0.2758620689655172	23.1	0	0.04486316733961418	0.0	0.0	0.0	0.0	0.0	0.0	0.0	0.0
1	0.0	0.0	0	0.0	22.0	0	0.0	0.42372881355932207	0.0	0.0	0.0	0.0	0.0	0.0	0.0
5	0.0	0.0	65	0.0	14.91	0	0.018008283810552854	0.0	0.0	0.0	0.0	0.0	0.0	0.018008283810552854	0.02664535038635758
0	0.0	0.0	27	0.037037037037037	8.69	0	0.11061946902654868	0.0	0.0	1.0	0.0	0.0	0.0	0.0	0.0
2	0.0	0.0	31	0.0	6.16	0	0.2004008016032064	0.0	0.0	0.0	0.0	0.0	0.0	0.0	0.0
0	0.0	0.0	14	0.0	0.0	0	0.0	0.08802816901408451	0.0	0.0	0.0	0.0	0.0	0.0	0.0
1	0.0	0.0	31	0.0845070422535211	8.75	0	0.0	0.052029136316337155	0.0	0.0	0.0	0.0	0.0	0.0	0.0
5	0.0	0.0	22	0.0096153846153846	15.67	0	0.029120559114735	0.0	0.0	0.0	0.0	0.0	0.0	0.0	0.0
5	0.0	0.0	44	0.0	14.36	0	0.032679738562091505	0.0	0.0	0.0	0.0	0.0	0.0	0.0	0.027548209366391185
1	0.0	0.0	0	0.1666666666666666	9.5	0	0.0	2.941176470588235	0.0	0.0	0.0	0.0	0.0	0.0	0.0
4	0.0	1.0	28	0.0104712041884816	13.57	0	0.07513148009015777	0.0	0.0	0.0	0.0	0.0	0.0	0.0	0.0
3	0.0	0.0	33	0.0	15.49	0	0.0	0.01615508885298869	0.0	0.0	0.0	0.0	0.0	0.0	0.0
1	0.0	0.0	0	0.0	30.0	0	0.0	0.15503875968992248	0.0	0.25	0.0	0.0	0.0	0.0	0.0
2	0.0	0.0	24	0.0	15.8	0	0.02450980392156863	0.0	0.0	0.0	0.0	0.0	0.0	0.0	0.0
6	0.0	0.0	67	0.0	10.88	0	0.01830831197363603	0.0	0.0	0.0	0.0	0.0	0.0	0.0	0.0
5	0.0	0.0	0	0.0	16.5	0	0.0	0.08051529790660225	0.0	0.0	0.0	0.0	0.0	0.0	0.0
3	0.0	0.0	16	0.1111111111111111	21.12	0	0.4694835680751174	0.0	0.0	0.0	0.0	0.0	0.0	0.0	0.0
3	0.0	1.0	77	0.0	9.45	0	0.0	0.3488372093023256	0.0	0.0	0.0	0.0	0.0	0.0	0.0
0	0.0	0.0	40	0.0	15.94	0	0.0	0.028910089621277824	0.0	0.0	0.0	0.0	0.0	0.0	0.0
0	0.0	0.0	47	0.0	14.68	0	0.02452783909737552	0.0	0.0	0.0	0.0	0.0	0.0	0.0	0.0
0	0.0	0.5	15	0.0	26.9	0	0.12836970474967907	0.0	0.0	0.0	0.0	0.0	0.0	0.0	0.0
2	0.0	0.0	66	0.07228915662650601	12.74	0	0.0	0.02513826043237808	0.0	0.0	0.0	0.0	0.0	0.0	0.01256913021618904
0	0.0	0.0	40	0.0	13.09	0	0.019569471624266144	0.0	0.0	2.0	0.0	0.0	0.0	0.0	0.0
1	0.0	0.0	38	0.0	15.14	0	0.0	0.019230769230769232	0.0	0.0	0.0	0.0	0.0	0.0	0.0
1	0.0	0.0	25	0.0869565217391304	11.91	1	0.6224066390041494	0.13736263736263735	0.0	0.45454545454545453	0.0	0.0	0.0	0.0	0.13736263736263735
0	0.0	0.0	21	0.0	0.0	0	0.054884742041712405	0.0	0.0	0.0	0.0	0.0	0.0	0.0	0.0
0	0.0	0.0	0	0.0769230769230769	16.39	0	0.0	0.02774694783573807	0.0	0.0	0.0	0.0	0.0	0.0	0.0
2	0.0	0.0	44	0.0	5.47	0	0.18148820326678766	0.0	0.0	0.0	0.0	0.0	0.0	0.0	0.0
3	1.0	1.0	49	0.0	11.36	0	0.0	0.1838235294117647	0.0	0.25	0.0	0.0	0.0	0.0	0.0
1	0.0	0.0	0	0.0	16.6	0	0.0	0.030883261272390362	0.0	0.5	0.0	0.0	0.0	0.0	0.0
0	0.0	0.0	0	0.0	16.3	0	0.03909304143862393	0.0	0.0	0.0	0.0	0.0	0.0	0.0	0.0
0	0.0	0.0	62	0.0	15.5	0	0.012132977432661975	0.0	0.0	0.5	0.0	0.0	0.0	0.0	0.0
1	0.0	0.0	7	0.1789473684210526	10.0	0	0.0	0.1091703056768559	0.0	0.0	0.0	0.0	0.0	0.0	0.0
0	0.0	0.0	20	0.0	0.0	0	0.0	1.0204081632653061	0.0	0.0	0.0	0.0	0.0	0.0	0.0
5	0.0	0.0	1	0.0	16.22	0	0.0	0.011953143676786996	0.0	0.0	0.0	0.0	0.0	0.0	0.0
1	0.0	0.0	0	0.0	9.5	0	0.0	0.2008032128514056	0.0	0.0	0.0	0.0	0.0	0.0	0.0
6	0.0	0.0	21	0.0	15.62	0	0.2577319587628866	0.0	0.0	0.5	0.0	0.0	0.0	0.0	0.0
1	1.0	0.0	0	0.064516129032258	26.84	0	0.0	0.10080645161290323	0.0	1.0	0.0	0.0	0.0	0.0	0.0
1	0.0	0.0	5	0.0	15.73	0	0.0	0.12468827930174564	0.0	0.0	0.0	0.0	0.0	0.0	0.0
2	0.0	0.0	6	0.1111111111111111	7.83	0	0.0	0.8771929824561404	0.0	0.0	0.0	0.0	0.0	0.0	0.0
1	0.0	0.0	30	0.008695652173913	15.27	0	0.06359300476947535	0.0	0.0	0.0	0.0	0.0	0.0	0.0	0.0
3	0.0	0.0	65	0.0158730158730158	12.9	0	0.02918004085205719	0.0	0.0	0.0	0.0	0.0	0.0	0.0	0.0
0	0.0	0.0	2	0.0	16.21	0	0.02927400468384075	0.0	0.0	0.5	0.0	0.0	0.0	0.0	0.0
3	0.0	0.0	18	0.1052631578947368	9.68	0	0.38759689922480617	0.0	0.0	2.0	0.0	0.0	0.0	0.0	0.0
1	0.0	0.0	34	0.1052631578947368	10.94	0	0.0	0.2590673575129534	0.0	3.0	0.0	0.0	0.0	0.0	0.0
0	0.0	0.0	0	0.0	16.59	0	0.0	0.07092198581560284	0.0	0.0	0.0	0.0	0.0	0.0	0.0
3	0.0	0.0	59	0.1111111111111111	10.51	0	0.7042253521126761	0.0	0.0	0.0	0.0	0.0	0.0	0.0	0.0
2	1.0	0.0	1	0.2402234636871508	13.63	0	0.0	0.06086427267194157	1.0	0.0	0.0	0.0	0.0	0.0	0.0
1	0.0	0.0	0	0.0	16.59	0	0.0	0.0221483942414175	0.0	0.0	0.0	0.0	0.0	0.0	0.0
0	0.0	0.0	33	0.0	0.0	0	0.7246376811594204	0.0	0.0	0.0	0.0	0.0	0.0	0.7246376811594204	0.0
0	0.0	0.0	27	0.0	11.17	0	0.061274509803921566	0.0	0.0	0.5	0.0	0.0	0.0	0.0	0.0
1	0.0	0.0	68	0.0	2.0	0	0.09057971014492755	0.0	0.0	0.0	0.0	0.0	0.0	0.09057971014492755	0.0
3	0.0	0.0	19	0.0	16.31	0	0.019692792437967704	0.0	0.0	0.0	0.0	0.0	0.0	0.0	0.0
2	0.0	0.0	18	0.0625	8.78	0	0.0	0.24752475247524752	0.0	0.0	0.0	0.0	0.0	0.0	0.0
0	1.0	0.0	16	0.0	0.0	0	0.0	0.12594458438287154	0.0	0.0	0.0	0.0	0.0	0.0	0.06297229219143577
0	0.0	0.0	29	0.3480176211453744	16.01	0	0.01783803068141277	0.0	0.0	2.0	0.0	0.0	0.0	0.0	0.0
0	1.0	1.0	19	0.0	0.0	0	0.23094688221709006	0.0	0.0	0.0	0.0	0.0	0.0	0.0	0.0
1	0.0	0.0	77	0.1538461538461538	9.5	0	3.0769230769230766	0.0	0.0	0.25	0.0	0.0	0.0	0.0	0.0
4	0.0	0.0	4	0.0	16.1	0	0.09532888465204957	0.0	0.0	0.0	0.0	0.0	0.0	0.0	0.0
1	0.0	0.0	14	0.0	9.5	0	0.14925373134328357	0.0	0.0	0.0	0.0	0.0	0.0	0.0	0.0
1	0.0	0.0	0	0.0	9.5	0	0.0	0.2159827213822894	0.0	0.0	0.0	0.0	0.0	0.0	0.0
1	0.0	0.0	62	0.1333333333333333	5.16	0	0.0	2.564102564102564	0.0	0.0	0.0	0.0	0.0	0.0	0.0
6	0.0	0.0	37	0.0	15.27	0	0.012509382036527395	0.0	0.0	0.0	0.0	0.0	0.0	0.0	0.0
3	0.0	0.0	14	0.0	17.26	0	0.0818330605564648	0.0	0.0	0.0	0.0	0.0	0.0	0.0	0.0
5	1.0	1.0	27	0.0427350427350427	18.45	0	0.0	0.03187250996015936	0.0	0.25	0.0	0.0	0.0	0.0	0.0
1	0.0	0.0	0	0.0	17.14	0	0.0	4.166666666666667	0.0	0.25	0.0	0.0	0.0	0.0	0.0
3	0.0	0.0	27	0.0	13.73	0	0.0	0.12300123001230011	0.0	0.0	0.0	0.0	0.0	0.0	0.0
1	0.0	0.0	0	0.0	16.3	0	0.0	0.17006802721088435	0.0	0.0	0.0	0.0	0.0	0.0	0.0
1	0.0	0.0	16	0.0	7.01	0	0.591715976331361	0.0	0.0	0.0	0.0	0.0	0.0	0.0	0.0
3	0.0	0.0	42	0.0	15.76	0	0.014322543683758238	0.0	0.0	0.0	0.0	0.0	0.0	0.0	0.0
1	0.0	0.0	25	0.1538461538461538	13.6	1	0.0585480093676815	0.2631578947368421	0.0	0.5	0.0	0.0	0.0	0.0	0.0
0	1.0	0.0	18	0.0	0.0	0	0.0	0.09727626459143969	0.0	0.0	0.0	0.0	0.0	0.0	0.048638132295719845
0	0.0	0.0	17	0.0	0.0	0	0.024600246002460024	0.0	0.0	0.0	0.0	0.0	0.0	0.0	0.0
1	0.0	0.0	2	0.0	16.07	0	0.025025025025025023	0.0	0.0	0.0	0.0	0.0	0.0	0.0	0.0
3	0.0	0.0	45	0.0	11.66	0	0.04488330341113106	0.0	0.0	0.0	0.0	0.0	0.0	0.02244165170556553	0.0
5	0.0	0.0	54	0.0	15.67	0	0.0	0.01024380249948781	0.0	0.0	0.0	0.0	0.0	0.0	0.0
0	0.0	0.0	37	0.0	0.0	0	0.18518518518518517	0.0	0.0	0.0	0.0	0.0	0.0	0.0	0.0
5	0.0	0.0	1	0.0	17.04	0	0.0	0.10282776349614396	0.0	0.0	0.0	0.0	0.0	0.0	0.0
4	0.0	0.0	28	0.0526315789473684	7.29	0	0.0	0.2631578947368421	0.0	0.0	0.0	0.0	0.0	0.0	0.0
1	0.0	0.0	16	0.0	9.56	0	0.15174506828528073	0.0	0.0	0.0	0.0	0.0	0.0	0.0	0.0
1	0.5	1.0	0	0.0	29.96	0	0.0	0.030012004801920768	0.0	0.0	0.0	0.0	0.0	0.0	0.0
3	0.0	0.0	17	0.0	15.63	0	0.0	0.04338394793926247	0.0	0.0	0.0	0.0	0.0	0.0	0.04338394793926247
0	0.0	0.0	15	0.0	0.0	0	0.24038461538461536	0.0	0.0	0.0	0.0	0.0	0.0	0.0	0.0
4	0.0	0.0	37	0.0	15.53	0	0.020370747606437156	0.023413720440177945	0.0	0.25	0.0	0.0	0.0	0.0	0.023413720440177945
0	0.0	0.0	18	0.0	0.0	0	0.04616805170821791	0.0	0.0	0.0	0.0	0.0	0.0	0.0	0.0
1	0.0	0.0	0	0.1372549019607843	17.57	0	0.0	0.45592705167173253	0.0	1.3333333333333333	0.0	0.0	0.0	0.0	0.0
1	0.0	0.0	20	0.0	9.5	0	0.20554984583761562	0.0	0.0	0.25	0.0	0.0	0.0	0.0	0.0
1	0.0	0.0	45	0.0	15.38	0	0.0	0.029577048210588583	0.0	0.0	0.0	0.0	0.0	0.0	0.0
1	0.0	0.0	0	0.0	18.15	0	0.05367686527106817	0.0	0.0	5.0	0.0	0.0	0.0	0.0	0.0
2	0.0	0.0	0	0.0	16.7	0	0.0	0.08787346221441124	0.0	0.0	0.0	0.0	0.0	0.0	0.0
1	0.0	0.0	15	0.0	13.0	0	0.31446540880503143	0.0	0.0	0.0	0.0	0.0	0.0	0.0	0.0
4	0.0	0.0	0	0.0	16.39	0	0.0	0.030395136778115502	0.0	0.0	0.0	0.0	0.0	0.0	0.0
1	0.0	0.0	0	0.0	13.61	0	0.0	1.4705882352941175	0.0	0.0	0.0	0.0	0.0	0.0	0.0
1	1.0	0.5	21	0.0088495575221238	3.77	0	0.0	0.020391517128874388	0.0	0.5	0.0	0.0	0.0	0.0	0.020391517128874388
2	0.0	0.0	23	0.0	9.74	0	0.22727272727272727	0.0	0.0	0.0	0.0	0.0	0.0	0.0	0.0
3	1.0	0.0	38	0.0	31.55	0	0.044563279857397504	0.0	0.0	1.0	0.0	0.0	0.0	0.0	0.0
2	0.0	0.0	35	0.0	3.45	1	2.0408163265306123	0.046641791044776115	0.0	0.3	0.0	0.0	0.0	0.0	0.023320895522388058
4	0.0	0.0	64	0.0	5.43	0	0.984251968503937	0.0	0.0	0.0	0.0	0.0	0.0	0.0	0.0
1	0.0	1.0	21	0.0	4.0	0	0.030497102775236352	0.0	0.0	0.0	0.0	0.0	0.0	0.0	0.0
1	0.0	0.0	42	0.0	10.54	0	0.05910165484633569	0.0	0.0	0.0	0.0	0.0	0.0	0.0	0.0
1	0.0	0.0	2	0.0	16.06	0	0.02462447672986949	0.0	0.0	0.0	0.0	0.0	0.0	0.0	0.0
2	0.0	0.0	5	0.2323943661971831	32.87	0	0.1801801801801802	0.0	1.0	1.5	0.0	0.0	0.0	0.0	0.0
1	0.0	0.0	0	0.0	16.23	0	0.0	0.0702247191011236	0.0	0.0	0.0	0.0	0.0	0.0	0.0
3	0.0	0.0	28	0.0	8.63	0	0.0	0.35885167464114837	0.0	0.0	0.0	0.0	0.0	0.0	0.0
1	0.0	0.0	0	0.0	16.4	0	0.0	0.1592356687898089	0.0	0.5	0.0	0.0	0.0	0.0	0.0
0	0.0	0.0	42	0.22399999999999998	15.17	0	0.04580852038479157	0.0	1.0	10.5	0.0	0.0	0.0	0.0	0.0
2	0.0	0.0	22	0.0	9.6	0	0.0	0.1322751322751323	0.0	0.5	0.0	0.0	0.0	0.0	0.0
0	0.0	0.0	15	0.0	15.91	0	0.0791765637371338	0.0	0.0	0.0	0.0	0.0	0.0	0.0	0.0
0	0.0	0.0	19	0.0	15.87	0	0.031595576619273306	0.0	0.0	0.0	0.0	0.0	0.0	0.0	0.0
0	0.0	0.0	26	0.1878787878787878	14.92	0	0.0	0.02103491796381994	0.0	0.0	0.0	0.0	0.0	0.0	0.0
4	0.0	0.0	43	0.0	15.3	0	0.00950209045990118	0.0	0.0	0.0	0.0	0.0	0.0	0.00950209045990118	0.0
1	0.0	0.0	0	0.0	9.5	0	0.0	0.819672131147541	0.0	0.0	0.0	0.0	0.0	0.0	0.0
3	0.0	0.0	61	0.0	14.8	0	0.016066838046272493	0.0	0.0	0.0	0.0	0.0	0.0	0.0	0.0
1	1.0	0.0	55	0.0428571428571428	0.41	1	0.0	1.6840882694541233	0.0	0.8620689655172413	0.0	0.0	0.0	0.049763622791739244	1.0452961672473868
5	0.0	0.0	31	0.0	15.16	0	0.027085590465872156	0.0	0.0	0.0	0.0	0.0	0.0	0.0	0.0
3	0.0	0.0	2	0.0	16.21	0	0.1152073732718894	0.0	0.0	0.0	0.0	0.0	0.0	0.0	0.0
0	0.0	0.0	0	0.1512195121951219	16.3	0	0.04336513443191674	0.0	0.0	2.0	0.0	0.0	0.0	0.0	0.0
2	0.0	0.0	35	0.0	7.68	0	0.0	0.09816753926701571	0.0	0.0	0.0	0.0	0.0	0.0	0.06544502617801047
2	0.0	0.0	59	0.0326086956521739	14.03	0	0.0	0.03253090435914119	0.0	0.0	0.0	0.0	0.0	0.0	0.048796356538711776
4	0.0	0.0	0	0.0	16.76	0	0.0	0.033178500331785	0.0	0.0	0.0	0.0	0.0	0.0	0.0
13	0.0	0.0	52	0.0092807424593967	15.36	0	0.015586034912718205	0.0	0.0	0.0	0.0	0.0	0.0	0.0	0.011924636298592892
3	0.0	0.0	36	0.0	6.96	0	0.1519756838905775	0.0	0.0	0.0	0.0	0.0	0.0	0.0	0.0
2	0.0	0.0	0	0.0	16.65	0	0.0	0.0705965407695023	0.0	0.0	0.0	0.0	0.0	0.0	0.0
2	0.0	0.0	18	0.1415094339622641	16.27	0	0.0	0.013376136971642588	0.0	0.0	0.0	0.0	0.0	0.0	0.0
4	0.0	0.0	11	0.2110091743119266	66.84	1	0.2583979328165375	0.0	0.0	1.8333333333333333	0.0	0.0	0.0	0.0	0.06983240223463687
1	0.0	1.0	39	0.0	0.75	1	1.8656716417910446	0.0	0.0	0.6	0.0	0.0	0.0	0.0	0.0
5	0.0	0.0	0	0.1818181818181818	16.5	0	0.0	0.15337423312883436	0.0	0.0	0.0	0.0	0.0	0.0	0.0
2	0.0	0.0	0	0.0	16.72	0	0.0	0.3448275862068965	0.0	0.0	0.0	0.0	0.0	0.0	0.0
0	0.0	1.0	19	0.0	0.0	0	0.0	0.3225806451612903	0.0	0.0	0.0	0.0	0.0	0.0	0.0
0	0.0	0.0	29	0.0	16.17	0	0.0	0.030106879421947914	0.0	0.0	0.0	0.0	0.0	0.0	0.0
1	1.0	1.0	17	0.0	14.61	0	0.0	0.10395010395010396	0.0	0.0	0.0	0.0	0.0	0.0	0.10395010395010396
1	0.0	0.0	0	0.0	17.32	0	0.0	2.941176470588235	0.0	0.0	0.0	0.0	0.0	0.0	0.0
4	0.0	0.0	0	0.0	16.57	0	0.0	0.1524390243902439	0.0	0.0	0.0	0.0	0.0	0.0	0.0
0	0.0	0.0	11	0.0	0.0	0	0.0	0.0	0.0	1.0	0.0	0.0	0.0	0.0	0.0
2	0.0	0.0	22	0.0	15.39	0	0.03479471120389701	0.0	0.0	0.0	0.0	0.0	0.0	0.0	0.0
1	0.0	0.0	0	0.0	20.25	0	1.6129032258064517	0.0	0.0	2.0	0.0	0.0	0.0	0.0	0.0
1	0.0	0.0	14	0.0	15.97	0	0.0	0.07189072609633357	0.0	0.0	0.0	0.0	0.0	0.0	0.0
5	0.0	0.0	0	0.0076628352490421	16.93	0	0.0	0.04424778761061947	0.0	0.0	0.0	0.0	0.0	0.0	0.0
2	0.0	0.0	5	0.2014388489208633	16.77	0	0.0	0.07412898443291327	0.0	0.0	0.0	0.0	0.0	0.0	0.0
9	0.0	0.0	33	0.0995475113122171	16.3	0	0.0	0.015064778547755349	0.0	0.0	0.0	0.0	0.0	0.011102475852115023	0.0
0	0.0	0.0	0	0.0	17.4	0	0.0	0.78125	0.0	2.0	0.0	0.0	0.0	0.0	0.0
5	0.0	0.0	56	0.0	14.66	0	0.022522522522522525	0.0	0.0	0.0	0.0	0.0	0.0	0.022522522522522525	0.0
2	0.0	0.0	28	0.2456140350877192	14.96	0	0.0	0.36496350364963503	0.0	0.0	0.0	0.0	0.0	0.0	0.0
3	1.0	0.0	2	0.0	15.24	0	0.21119324181626187	0.0	0.0	0.0	0.0	0.0	0.0	0.0	0.0
5	0.0	0.0	31	0.0	14.96	0	0.08368200836820085	0.0	0.0	4.0	0.0	0.0	0.0	0.0	0.014632718759145449
5	0.0	0.0	2	0.006060606060606	16.57	0	0.013539128080151638	0.009936406995230525	0.0	0.0	0.0	0.0	0.0	0.0	0.0
0	0.0	0.0	7	0.0373831775700934	16.67	0	0.033704078193461405	0.0	0.0	0.5	0.0	0.0	0.0	0.0	0.0
2	0.0	0.0	0	0.0	16.87	0	0.0	0.3164556962025316	0.0	0.0	0.0	0.0	0.0	0.0	0.0
2	0.0	0.0	45	0.0	13.4	0	0.0	0.02015316404675534	0.0	0.0	0.0	0.0	0.0	0.0	0.0
1	0.0	0.0	2	0.0661764705882353	16.68	0	0.0	0.029027576197387515	0.0	0.0	0.0	0.0	0.0	0.0	0.0
0	0.0	0.0	25	0.0	0.0	1	0.05271481286241434	0.651890482398957	0.0	0.45454545454545453	0.0	0.0	0.0	0.0	0.0
0	0.0	0.0	18	0.0	0.0	0	0.8620689655172414	0.0	0.0	0.5	0.0	0.0	0.0	0.0	0.0
1	0.0	0.0	46	0.0	9.5	0	50.0	0.0	0.0	0.0	0.0	0.0	0.0	0.0	0.0
2	0.0	0.0	31	0.0	15.41	0	0.02498126405196103	0.0	0.0	0.0	0.0	0.0	0.0	0.02498126405196103	0.0
3	0.0	0.0	34	0.0	12.05	0	0.07485029940119761	0.0	0.0	0.0	0.0	0.0	0.0	0.037425149700598806	0.0
3	0.0	0.0	2	0.1594202898550724	16.5	0	0.0	0.04595588235294117	0.0	1.0	0.0	0.0	0.0	0.0	0.0
0	0.0	0.0	21	0.0	0.0	0	0.13157894736842105	0.0	0.0	0.0	0.0	0.0	0.0	0.13157894736842105	0.0
1	0.0	0.0	8	0.0625	12.5	0	0.2331002331002331	0.0	0.0	4.0	0.0	0.0	0.0	0.0	0.0
1	0.0	0.5	11	0.2049180327868852	6.06	0	0.1276595744680851	0.0	0.0	0.3333333333333333	0.0	0.0	0.0	0.1276595744680851	0.0
2	0.0	0.0	37	0.0	10.44	0	0.05417118093174431	0.0	0.0	0.0	0.0	0.0	0.0	0.0	0.0
5	0.3333333333333333	0.5	45	0.0	28.23	0	0.03968253968253968	0.0	0.0	0.5	0.0	0.0	0.0	0.0	0.01169864295741694
1	0.0	0.0	22	0.0	16.07	0	0.010384215991692628	0.0	0.0	0.0	0.0	0.0	0.0	0.0	0.0
1	0.0	0.0	17	0.0	15.39	0	0.0	0.09267840593141799	0.0	0.0	0.0	0.0	0.0	0.0	0.09267840593141799
1	0.0	0.0	0	0.0	16.81	0	0.0	0.35211267605633806	0.0	0.0	0.0	0.0	0.0	0.0	0.0
2	0.0	0.0	41	0.0	9.14	0	0.0	0.035236081747709654	0.0	0.0	0.0	0.0	0.0	0.0	0.0
4	0.0	0.0	35	0.0	15.52	0	0.022446689113355782	0.0	0.0	0.0	0.0	0.0	0.0	0.0	0.0
6	0.0	0.0	35	0.0	6.33	0	0.0	0.2590673575129534	0.0	0.5	0.0	0.0	0.0	0.0	0.0
1	0.0	0.0	15	0.0526315789473684	11.6	0	0.13123359580052493	0.0	0.0	0.0	0.0	0.0	0.0	0.0	0.0
1	0.0	0.0	25	0.0	1.4	1	3.846153846153846	0.0	0.0	1.0	0.0	0.0	0.0	0.0	0.0
1	0.0	0.0	0	0.0	17.2	0	0.0	1.948051948051948	0.0	0.16666666666666666	0.0	0.0	0.0	0.0	0.0
2	0.0	0.0	42	0.0	14.32	0	0.024691358024691357	0.0	0.0	1.0	0.0	0.0	0.0	0.024691358024691357	0.0
1	0.0	0.0	0	0.0	16.33	0	0.0	0.021853146853146856	0.0	1.0	0.0	0.0	0.0	0.0	0.0
4	0.0	0.0	43	0.0	14.01	0	0.0	0.012506253126563283	0.0	1.0	0.0	0.0	0.0	0.0	0.012506253126563283
2	0.0	0.0	34	0.0	9.99	0	0.1075268817204301	0.0	0.0	0.0	0.0	0.0	0.0	0.0	0.0
1	1.0	0.0	22	0.0	11.0	0	0.07429420505200594	0.0	0.0	0.0	0.0	0.0	0.0	0.07429420505200594	0.0
2	0.0	0.0	51	0.0	10.52	0	0.08673026886383348	0.0	0.0	0.5	0.0	0.0	0.0	0.0	0.0
3	0.0	0.0	0	0.0	16.38	0	0.053262316910785625	0.0	0.0	0.0	0.0	0.0	0.0	0.0	0.0
1	0.0	0.0	21	0.0	6.95	0	0.7194244604316548	0.0	0.0	0.0	0.0	0.0	0.0	0.0	0.0
5	0.0	0.0	45	0.0	15.93	0	0.006321911746112024	0.0	0.0	0.0	0.0	0.0	0.0	0.006321911746112024	0.0
2	0.0	0.5	19	0.1818181818181818	3.14	0	0.10764262648008613	0.0	0.0	0.0	0.0	0.0	0.0	0.0	0.0
0	0.0	0.0	12	0.3796296296296296	0.0	0	0.07849293563579278	0.0	0.0	2.0	0.0	0.0	0.0	0.0	0.0
0	0.0	0.0	3	0.0	15.56	1	0.9615384615384615	0.0	0.0	1.0	0.0	0.0	0.0	0.0	0.0
3	1.0	1.0	55	0.0	5.18	1	0.0	1.8907563025210086	0.0	0.7222222222222222	0.0	0.0	0.0	0.05080010160020321	1.4180672268907564
0	0.0	0.0	26	0.0	0.0	0	0.0	0.33112582781456956	0.0	0.0	0.0	0.0	0.0	0.0	0.0
3	1.0	0.0	27	0.0	25.66	0	0.0	0.06565988181221273	0.0	0.0	0.0	0.0	0.0	0.0	0.0
2	0.0	0.0	19	0.0	10.78	0	0.16286644951140067	0.0	0.0	0.0	0.0	0.0	0.0	0.0	0.0
0	0.0	0.0	1	0.0	16.76	0	0.02663825253063399	0.0	0.0	0.0	0.0	0.0	0.0	0.0	0.0
1	0.0	0.0	48	0.0909090909090909	9.5	0	0.4132231404958678	0.0	0.0	0.0	0.0	0.0	0.0	0.0	0.0
2	0.0	0.0	16	0.1826086956521739	9.62	1	0.4921259842519685	0.0	0.0	0.8	0.0	0.0	0.0	0.0	0.060459492140266025
1	0.0	0.0	19	0.2198581560283688	15.43	0	0.04149377593360996	0.0	0.0	0.0	0.0	0.0	0.0	0.0	0.0
1	0.0	0.0	47	0.0	15.92	0	0.0	0.022266755733689605	0.0	0.0	0.0	0.0	0.0	0.0	0.022266755733689605
5	0.0	0.0	2	0.1308411214953271	16.29	0	0.03279763857002296	0.0	0.0	0.0	0.0	0.0	0.0	0.0	0.0
1	0.0	0.0	0	0.0	16.7	0	0.0	0.2040816326530612	0.0	0.5	0.0	0.0	0.0	0.0	0.0
1	0.0	0.0	54	0.16	8.96	0	0.0	0.625	0.0	0.0	0.0	0.0	0.0	0.0	0.0
2	0.0	0.0	53	0.0769230769230769	4.96	0	0.5128205128205129	0.0	0.0	0.5	0.0	0.0	0.0	0.0	0.0
0	0.0	0.0	16	0.0	0.0	0	0.08077544426494346	0.0	0.0	0.0	0.0	0.0	0.0	0.0	0.0
6	0.0	0.0	44	0.0	10.61	0	0.06802721088435375	0.0	0.0	10.0	0.0	0.0	0.0	0.0	0.0
3	0.0	0.0	36	0.0	14.33	0	0.0	0.028169014084507043	0.0	0.0	0.0	0.0	0.0	0.0	0.0
0	0.0	0.0	1	0.0	16.26	0	0.1706484641638225	0.0	0.0	0.0	0.0	0.0	0.0	0.0	0.0
0	1.0	0.0	18	0.0	0.0	0	0.0	0.2808988764044944	0.0	0.0	0.0	0.0	0.0	0.0	0.0
0	0.0	0.0	30	0.0	14.85	0	0.0	0.03318951211417192	0.0	0.0	0.0	0.0	0.0	0.0	0.01659475605708596
6	0.0	0.0	49	0.0	16.07	0	0.0	0.019700551615445233	0.0	0.5	0.0	0.0	0.0	0.0	0.009850275807722617
0	0.0	0.0	16	0.0	14.19	0	0.10070493454179255	0.0	0.0	0.0	0.0	0.0	0.0	0.0	0.0
1	0.0	0.0	22	0.0714285714285714	14.61	0	0.0	0.1953125	0.0	0.0	0.0	0.0	0.0	0.0	0.0
1	0.0	0.0	2	0.0	16.28	0	0.047687172150691466	0.0	0.0	0.25	0.0	0.0	0.0	0.0	0.0
5	1.0	0.0	40	0.0	12.8	0	0.0	0.4125257828614289	0.0	0.6136363636363636	0.0	0.0	0.0	0.0	0.0
1	0.0	0.0	0	0.0	16.6	0	0.0	0.06203473945409429	0.0	0.0	0.0	0.0	0.0	0.0	0.0
3	0.0	0.0	32	0.0	12.96	0	0.0	0.02436647173489279	0.0	1.0	0.0	0.0	0.0	0.0	0.02436647173489279
0	0.0	0.0	22	0.0	0.0	0	0.06657789613848203	0.0	0.0	0.0	0.0	0.0	0.0	0.0	0.0
3	0.0	0.0	0	0.0	17.43	0	0.0	0.5617977528089888	0.0	0.0	0.0	0.0	0.0	0.0	0.0
1	0.0	0.0	0	0.0	10.5	0	0.0	0.4310344827586207	0.0	0.0	0.0	0.0	0.0	0.0	0.0
1	0.0	0.0	46	0.0	11.79	0	0.05399568034557235	0.0	0.0	0.0	0.0	0.0	0.0	0.05399568034557235	0.0
2	0.0	0.0	51	0.0251572327044025	13.77	0	0.07518796992481203	0.0	0.0	0.0	0.0	0.0	0.0	0.0	0.0
3	0.0	1.0	57	0.0	17.54	1	0.5319148936170213	0.1289490651192779	0.0	0.4230769230769231	0.0	0.0	0.0	0.0	0.08059316569954868
0	0.6666666666666666	0.5	24	0.0	0.0	0	0.0	0.0876424189307625	0.0	0.0	0.0	0.0	0.0	0.0	0.0876424189307625
0	0.0	0.0	16	0.0	0.0	0	0.0	0.32894736842105265	0.0	0.0	0.0	0.0	0.0	0.0	0.0
1	0.0	0.0	34	0.0	19.0	0	0.0	0.5154639175257733	0.0	0.0	0.0	0.0	0.0	0.0	0.0
0	0.0	0.0	20	0.0	0.0	0	0.0	0.11876484560570072	0.0	0.5	0.0	0.0	0.0	0.0	0.0
0	0.0	1.0	32	0.0	0.0	0	0.12987012987012986	0.0	0.0	0.0	0.0	0.0	0.0	0.0	0.0
1	0.0	0.0	15	0.0	14.34	0	0.2840909090909091	0.0	0.0	0.0	0.0	0.0	0.0	0.0	0.0
2	0.0	0.0	19	0.0	7.92	0	0.974025974025974	0.0	0.0	0.3333333333333333	0.0	0.0	0.0	0.0	0.0
4	0.0	0.0	2	0.0048076923076923	16.74	0	0.0	0.013368983957219251	0.0	0.0	0.0	0.0	0.0	0.0	0.0
2	0.5	0.0	0	0.0	11.82	0	0.0	0.1579778830963665	0.0	0.16666666666666666	0.0	0.0	0.0	0.0	0.0
2	0.0	0.0	14	0.0	8.52	0	0.034387895460797804	0.0	0.0	0.0	0.0	0.0	0.0	0.0	0.0
2	0.0	0.0	7	0.0	15.17	0	0.16420361247947454	0.0	0.0	0.0	0.0	0.0	0.0	0.0	0.0
1	0.0	0.0	0	0.0204081632653061	16.03	0	0.0	0.03852080123266564	0.0	0.0	0.0	0.0	0.0	0.0	0.0
1	0.0	0.0	8	0.0	13.11	0	0.29411764705882354	0.0	0.0	1.0	0.0	0.0	0.0	0.0	0.0
1	0.0	0.0	0	0.0833333333333333	16.73	0	0.029850746268656716	0.0	0.0	0.0	0.0	0.0	0.0	0.0	0.0
1	0.0	1.0	2	0.05	23.0	0	0.0	0.18726591760299627	0.0	0.5	0.0	0.0	0.0	0.0	0.0
1	0.0	0.0	18	0.0	9.5	0	50.0	0.0	0.0	0.0	0.0	0.0	0.0	0.0	0.0
2	0.0	0.0	37	0.0180722891566265	16.05	0	0.0064876086674451805	0.0	0.0	0.0	0.0	0.0	0.0	0.0	0.0
6	0.0	0.0	44	0.0	15.72	0	0.015044380923724988	0.0	0.0	0.0	0.0	0.0	0.0	0.0	0.0
1	0.0	0.0	5	0.0	25.22	0	0.12531328320802004	0.0	0.0	0.5	0.0	0.0	0.0	0.0	0.0
3	0.0	0.0	0	0.0	16.34	0	0.0	0.028011204481792715	0.0	0.0	0.0	0.0	0.0	0.0	0.0
7	0.0	0.0	40	0.0	13.78	0	0.01665001665001665	0.0	0.0	0.0	0.0	0.0	0.0	0.0	0.022675736961451247
2	0.0	0.0	63	0.0	13.91	0	0.06825938566552901	0.0	0.0	0.0	0.0	0.0	0.0	0.0	0.0
1	0.0	0.0	0	0.0	16.95	0	0.0	0.28735632183908044	0.0	0.5	0.0	0.0	0.0	0.0	0.0
2	0.0	0.0	51	0.0765306122448979	14.47	0	0.024067388688327317	0.0	0.0	1.0	0.0	0.0	0.0	0.0	0.0
1	0.0	0.0	0	0.0	16.36	0	0.0	0.08481764206955048	0.0	0.5	0.0	0.0	0.0	0.0	0.0
0	0.0	0.0	36	0.0	0.0	0	0.0	0.03875968992248062	0.0	0.0	0.0	0.0	0.0	0.0	0.0
2	0.0	0.0	2	0.0	19.74	0	0.17006802721088435	0.0	0.0	0.5	0.0	0.0	0.0	0.0	0.0
1	0.0	0.0	3	0.0	16.46	0	0.2304147465437788	0.0	0.0	1.0	0.0	0.0	0.0	0.0	0.0
1	0.0	0.0	25	0.0	9.5	0	0.14705882352941177	0.0	0.0	0.5	0.0	0.0	0.0	0.0	0.0
2	0.0	0.0	77	0.04	5.87	0	0.17793594306049823	0.0	0.0	0.0	0.0	0.0	0.0	0.17793594306049823	0.0
1	0.0	0.0	0	0.0	10.0	0	0.0	1.7241379310344829	0.0	0.5	0.0	0.0	0.0	0.0	0.0
5	0.0	0.0	20	0.0	15.89	0	0.0	0.016863406408094434	0.0	0.5	0.0	0.0	0.0	0.0	0.0
1	0.0	0.0	0	0.0	10.0	0	0.0	0.390625	0.0	1.5	0.0	0.0	0.0	0.0	0.0
1	0.0	0.0	5	0.0	14.91	0	0.5291005291005292	0.0	0.0	0.25	0.0	0.0	0.0	0.0	0.0
2	0.0	0.0	34	0.0	37.89	0	0.0975609756097561	0.0	0.0	0.0	0.0	0.0	0.0	0.0975609756097561	0.0
1	0.0	0.0	0	0.0	10.0	0	0.0	0.10834236186348863	0.0	0.5	0.0	0.0	0.0	0.0	0.0
1	0.0	0.0	20	0.0	5.03	0	4.545454545454546	0.0	0.0	0.0	0.0	0.0	0.0	0.0	0.0
2	0.0	0.0	0	0.0222222222222222	16.75	0	0.0	0.026588673225206062	0.0	0.5	0.0	0.0	0.0	0.0	0.0
0	0.0	0.0	19	0.0	0.0	0	0.0	0.8264462809917356	0.0	0.0	0.0	0.0	0.0	0.0	0.0
0	0.0	0.0	41	0.0	15.62	0	0.0	0.029291154071470416	0.0	0.0	0.0	0.0	0.0	0.0	0.014645577035735208
0	0.0	0.0	19	0.1428571428571428	7.76	0	0.0	0.5747126436781609	0.0	1.0	0.0	0.0	0.0	0.0	0.0
3	0.0	0.0	5	0.0	16.99	0	0.0	0.13245033112582782	0.0	0.0	0.0	0.0	0.0	0.0	0.0
2	0.0	0.0	33	0.0	8.8	0	0.06531678641410843	0.0	0.0	0.0	0.0	0.0	0.0	0.0	0.019747235387045814
1	0.0	0.0	14	0.1176470588235294	9.5	0	1.0416666666666667	0.0	0.0	0.0	0.0	0.0	0.0	0.0	0.0
4	0.0	0.0	45	0.0	13.9	0	0.03394433129667346	0.0	0.0	0.0	0.0	0.0	0.0	0.05091649694501018	0.0
2	0.0	0.0	2	0.0	16.6	0	0.0	0.04957858205255329	0.0	0.5	0.0	0.0	0.0	0.0	0.0
5	0.0	0.0	48	0.0	14.11	0	0.0154320987654321	0.0	0.0	0.0	0.0	0.0	0.0	0.0	0.0
3	0.0	0.0	38	0.0	14.4	0	0.03762227238525207	0.0	0.0	0.0	0.0	0.0	0.0	0.03762227238525207	0.0
1	0.0	0.0	46	0.0	5.16	0	0.30120481927710846	0.0	0.0	0.5	0.0	0.0	0.0	0.0	0.0
1	0.0	0.0	22	0.0	6.2	0	0.2777777777777778	0.0	0.0	0.5	0.0	0.0	0.0	0.0	0.0
4	0.0	0.0	28	0.0	15.53	0	0.0	0.03571428571428571	0.0	0.0	0.0	0.0	0.0	0.0	0.0
2	0.0	0.0	39	0.0	14.86	0	0.03104625892579944	0.0	0.0	0.0	0.0	0.0	0.0	0.03104625892579944	0.0
0	0.0	0.0	21	0.0	0.0	0	0.05847953216374269	0.0	0.0	0.0	0.0	0.0	0.0	0.0	0.0
1	0.0	0.0	17	0.0	7.34	0	0.32894736842105265	0.0	0.0	0.0	0.0	0.0	0.0	0.0	0.0
0	0.5	0.5	44	0.0	0.0	1	0.0	2.941176470588235	0.0	0.625	0.0	0.0	0.0	0.0	0.0
1	1.0	1.0	1	0.0	16.03	0	0.11160714285714285	0.0	0.0	0.0	0.0	0.0	0.0	0.0	0.0
4	0.0	0.0	7	0.0	16.21	0	0.07017543859649122	0.0	0.0	0.0	0.0	0.0	0.0	0.0	0.0
0	0.0	0.0	17	0.0	0.0	0	0.13513513513513511	0.0	0.0	0.0	0.0	0.0	0.0	0.13513513513513511	0.0
3	0.0	0.0	36	0.0	13.83	0	0.027631942525559547	0.0	0.0	0.0	0.0	0.0	0.0	0.0	0.0
6	0.0	0.0	28	0.0	15.31	0	0.043084877208099955	0.0	0.0	0.0	0.0	0.0	0.0	0.043084877208099955	0.0
1	0.0	0.0	24	0.0666666666666666	9.4	0	0.0	0.3831417624521073	0.0	0.125	0.0	0.0	0.0	0.0	0.0
0	0.0	0.0	15	0.0	0.0	0	0.24390243902439027	0.0	0.0	0.0	0.0	0.0	0.0	0.0	0.0
1	0.0	0.0	0	0.0	12.9	0	0.0	2.0	0.0	0.0	0.0	0.0	0.0	0.0	0.0
1	0.0	0.0	28	0.0	7.43	0	0.18796992481203006	0.0	0.0	1.0	0.0	0.0	0.0	0.0	0.0
1	0.0	0.0	0	0.0	9.5	0	0.0	0.08525149190110827	0.0	0.0	0.0	0.0	0.0	0.0	0.0
1	0.0	0.0	31	0.0	15.66	0	0.0	0.028184892897406992	0.0	0.0	0.0	0.0	0.0	0.0	0.0
0	0.0	0.6666666666666666	44	0.1034482758620689	0.0	1	4.444444444444445	0.0	0.0	0.75	0.0	0.0	0.0	0.0	0.0
1	0.0	0.0	42	0.0	4.97	0	0.7246376811594204	0.0	0.0	0.0	0.0	0.0	0.0	0.3623188405797102	0.0
0	0.5	0.0	17	0.0	0.0	0	0.0	0.030911901081916538	0.0	0.0	0.0	0.0	0.0	0.0	0.0
2	0.0	0.0	0	0.0	13.76	0	0.0	0.06397952655150352	0.0	0.0	0.0	0.0	0.0	0.0	0.0
3	0.0	1.0	58	0.0	6.09	1	0.04566210045662101	0.3923766816143498	0.125	0.375	0.0	0.04566210045662101	0.0	0.0	0.2802690582959641
3	0.0	0.0	53	0.0404040404040404	13.39	0	0.02937720329024677	0.0	0.0	1.0	0.0	0.0	0.0	0.0	0.0
0	0.0	0.0	1	0.1869158878504672	17.17	0	0.0	0.11379800853485064	0.0	1.25	0.0	0.0	0.0	0.0	0.0
1	0.0	0.0	22	0.0666666666666666	12.67	1	0.0	2.1459227467811157	0.0	1.2	0.0	0.0	0.0	0.0	0.0
1	0.0	0.0	16	0.0	9.5	0	1.1627906976744187	0.0	0.0	1.0	0.0	0.0	0.0	0.0	0.0
3	0.5	1.0	0	0.0	27.01	0	0.0	0.08009611533840609	0.0	0.0	0.0	0.0	0.0	0.0	0.0
4	0.0	0.0	23	0.0	16.01	0	0.02269117313365101	0.0	0.0	0.5	0.0	0.0	0.0	0.0	0.012260912211868563
1	0.0	0.0	0	0.0714285714285714	16.53	0	0.0	0.19685039370078738	0.0	1.0	0.0	0.0	0.0	0.0	0.0
5	0.0	0.0	0	0.0	20.17	0	0.0	0.6535947712418301	0.0	0.0	0.0	0.0	0.0	0.0	0.0
1	0.0	0.0	18	0.0714285714285714	8.1	0	0.0	0.1798561151079137	0.0	0.5	0.0	0.0	0.0	0.0	0.0
0	0.0	0.0	1	0.0	16.58	0	0.0	0.02854695974878675	0.0	0.0	0.0	0.0	0.0	0.0	0.0
1	0.0	0.0	15	0.0	9.5	0	0.24271844660194175	0.0	0.0	0.0	0.0	0.0	0.0	0.0	0.0
1	0.0	0.0	0	0.0	8.0	0	0.0	0.3496503496503497	0.0	0.0	0.0	0.0	0.0	0.0	0.0
2	0.0	0.0	1	0.0	16.83	0	0.0	0.1718213058419244	0.0	0.0	0.0	0.0	0.0	0.0	0.0
0	1.0	0.0	17	0.1134751773049645	0.0	0	0.0	0.05558643690939411	0.0	0.0	0.0	0.0	0.0	0.0	0.0
0	0.0	0.0	0	0.0	16.7	0	0.0	0.05015045135406218	0.0	0.0	0.0	0.0	0.0	0.0	0.0
1	1.0	1.0	0	0.0	21.21	0	0.14792899408284024	0.0	0.0	0.0	0.0	0.0	0.0	0.0	0.0
1	0.0	0.0	15	0.0	13.87	0	0.08650519031141868	0.0	0.0	0.0	0.0	0.0	0.0	0.0	0.0
4	0.0	0.0	44	0.014018691588784998	15.07	0	0.0	0.019821605550049554	0.0	0.5	0.0	0.0	0.0	0.0	0.009910802775024777
5	0.0	0.0	2	0.2	16.14	0	0.13550135501355015	0.0	0.0	0.0	0.0	0.0	0.0	0.0	0.0
1	0.0	0.0	19	0.0	11.86	0	0.0	0.12121212121212122	0.0	0.5	0.0	0.0	0.0	0.0	0.12121212121212122
4	0.0	0.0	20	0.017094017094017	15.62	0	0.0	0.021621621621621623	0.0	0.0	0.0	0.0	0.0	0.0	0.0
0	0.0	1.0	3	0.0	25.9	0	0.04144218814753419	0.0	0.0	0.0	0.0	0.0	0.0	0.0	0.0
3	0.0	0.0	19	0.1	6.37	0	0.6329113924050632	0.0	0.0	0.0	0.0	0.0	0.0	0.0	0.0
0	0.0	0.0	48	0.0	0.0	0	0.0	0.07012622720897616	0.0	0.0	0.0	0.0	0.0	0.0	0.07012622720897616
3	0.0	0.0	65	0.0	32.88	0	0.3717472118959108	0.0	0.0	0.25	0.0	0.0	0.0	0.0	0.0
2	0.0	0.0	20	0.0	15.99	0	0.0	0.018982536066818528	0.0	0.5	0.0	0.0	0.0	0.0	0.0
3	0.0	0.0	27	0.10062893081761001	15.43	0	0.0	0.04885197850512946	0.0	0.0	0.0	0.0	0.0	0.0	0.04885197850512946
0	0.6666666666666666	1.0	43	0.0	0.0	1	0.0	3.4090909090909087	0.3333333333333333	0.7777777777777778	1.1363636363636362	0.0	0.0	0.0	0.0
1	0.0	0.0	1	0.0	17.83	0	0.0	0.12239902080783353	0.0	4.5	0.0	0.0	0.0	0.0	0.0
3	0.0	0.0	0	0.1794871794871795	17.57	0	0.0	0.07163323782234957	1.0	2.5	0.0	0.0	0.0	0.0	0.0
0	0.0	0.0	15	0.4545454545454545	0.0	0	50.0	0.0	0.0	0.0	0.0	0.0	0.0	0.0	0.0
5	0.0	0.0	45	0.0	16.03	0	0.0052781589781484214	0.0	0.0	1.0	0.0	0.0	0.0	0.0	0.009260974254491572
2	0.0	0.0	18	0.0	16.33	0	0.018258170531312762	0.0	0.0	0.5	0.0	0.0	0.0	0.018258170531312762	0.0
0	0.0	0.0	0	0.0	16.29	0	0.01997602876548142	0.0	0.0	0.0	0.0	0.0	0.0	0.0	0.0
1	0.0	0.0	0	0.0	16.6	0	0.0	0.13020833333333334	0.0	0.0	0.0	0.0	0.0	0.0	0.0
2	0.0	0.0	14	0.0	3.68	0	0.0	0.02453385672227674	0.0	0.0	0.0	0.0	0.0	0.0	0.0
0	0.0	0.0	0	0.0	16.54	0	0.04962779156327544	0.0	0.0	0.0	0.0	0.0	0.0	0.0	0.0
1	0.0	0.0	43	0.0	18.0	0	0.2336448598130841	0.0	0.0	0.0	0.0	0.0	0.0	0.0	0.0
1	0.0	0.0	54	0.0	8.69	0	0.0	0.12820512820512822	0.0	0.0	0.0	0.0	0.0	0.0	0.12820512820512822
1	0.0	0.0	16	0.0	9.5	0	0.3921568627450981	0.0	0.0	0.0	0.0	0.0	0.0	0.0	0.0
0	0.0	0.0	43	0.0	0.0	0	0.0	0.16025641025641024	0.0	0.0	0.0	0.0	0.0	0.0	0.16025641025641024
1	0.0	0.0	21	0.0	5.87	0	0.3205128205128205	0.0	0.0	0.0	0.0	0.0	0.0	0.0	0.0
0	0.0	1.0	15	0.0	0.0	0	0.0	0.07012622720897616	0.0	0.0	0.0	0.0	0.0	0.0	0.0
3	0.0	0.0	2	0.0	16.61	0	0.0	0.026116479498563595	0.0	0.0	0.0	0.0	0.0	0.0	0.0
1	0.0	0.0	2	0.0	16.68	0	0.017869907076483203	0.0	0.0	0.0	0.0	0.0	0.0	0.0	0.0
1	0.0	0.0	0	0.0	9.5	0	0.0	0.37735849056603776	0.0	0.5	0.0	0.0	0.0	0.0	0.0
1	0.0	0.0	24	0.1	8.96	0	0.8130081300813008	0.0	0.0	0.0	0.0	0.0	0.0	0.0	0.0
7	1.0	0.5	41	0.0	48.6	0	0.04956220056170494	0.0	0.0	0.0	0.0	0.0	0.0	0.0	0.0
0	1.0	1.0	25	0.0	0.0	1	0.34812880765883375	0.29197080291970806	0.0	0.625	0.0	0.0	0.0	0.34812880765883375	0.0
6	0.0	0.0	46	0.0	14.4	0	0.034352456200618345	0.0	0.0	0.0	0.0	0.0	0.0	0.0	0.0
4	0.0	0.0	20	0.0	16.1	0	0.0	0.03828483920367534	0.0	0.0	0.0	0.0	0.0	0.0	0.0
1	0.0	0.0	0	0.0	16.48	0	0.0	0.09784735812133072	0.0	0.0	0.0	0.0	0.0	0.0	0.0
2	0.0	0.0	35	0.0	15.27	0	0.02670940170940171	0.0	0.0	0.0	0.0	0.0	0.0	0.0	0.0
1	0.0	0.0	17	0.0	14.91	0	0.05803830528148578	0.0	0.0	0.0	0.0	0.0	0.0	0.0	0.0
2	0.0	0.0	62	0.0	7.92	0	0.0	0.10346611484738749	0.0	0.0	0.0	0.0	0.0	0.0	0.0
1	0.0	0.0	29	0.0	0.5	0	0.038580246913580245	0.0	0.0	0.0	0.0	0.0	0.0	0.0	0.0
1	0.0	0.0	33	0.1517857142857142	11.43	0	0.0	0.03474635163307853	0.0	1.0	0.0	0.0	0.0	0.0	0.0
5	0.0	0.0	0	0.0	16.5	0	0.0	0.024789291026276646	0.0	0.0	0.0	0.0	0.0	0.0	0.0
4	0.0	0.0	36	0.0	15.68	0	0.0	0.01025220422390814	0.0	0.0	0.0	0.0	0.0	0.0	0.0
3	0.0	0.0	35	0.0459770114942528	15.64	0	0.019654088050314465	0.0	0.0	0.0	0.0	0.0	0.0	0.0	0.0
3	0.0	0.0	54	0.0	6.85	0	0.0	0.14430014430014432	0.0	0.0	0.0	0.0	0.0	0.0	0.07215007215007216
1	0.0	0.0	63	0.0	6.65	0	0.1278772378516624	0.0	0.0	0.0	0.0	0.0	0.0	0.0	0.0
0	0.0	0.0	26	0.0	0.0	0	0.0	0.11848341232227488	0.0	0.0	0.0	0.0	0.0	0.0	0.0
0	0.0	0.0	39	0.0794701986754966	0.0	0	0.03429355281207133	0.0	0.0	0.0	0.0	0.0	0.0	0.0	0.0
1	0.0	0.0	14	0.0	15.63	0	0.0	0.04906771344455348	0.0	0.0	0.0	0.0	0.0	0.0	0.0
1	0.0	0.0	0	0.0	16.92	0	0.0	0.28735632183908044	0.0	0.5	0.0	0.0	0.0	0.0	0.0
3	0.0	0.0	18	0.0	16.06	0	0.0	0.03324468085106383	0.0	0.5	0.0	0.0	0.0	0.0	0.03324468085106383
4	0.0	0.0	28	0.0	15.15	0	0.028826751225136928	0.0	0.0	0.0	0.0	0.0	0.0	0.0	0.0
3	1.0	0.0	30	0.0	14.35	0	0.0	0.03963535473642489	0.0	0.0	0.0	0.0	0.0	0.0	0.03963535473642489
2	0.0	0.0	1	0.0	16.67	0	0.0	0.11890606420927467	0.0	0.5	0.0	0.0	0.0	0.0	0.0
1	0.0	0.0	48	0.0	5.79	0	0.0	0.2232142857142857	0.0	0.0	0.0	0.0	0.0	0.0	0.0
2	1.0	0.0	39	0.0	4.64	0	0.0	0.07830853563038372	0.0	0.5	0.0	0.0	0.0	0.03333333333333333	0.07830853563038372
5	0.0	0.0	28	0.0	15.72	0	0.023843586075345733	0.0	0.0	0.5	0.0	0.0	0.0	0.0	0.0
1	0.0	1.0	36	0.1774193548387097	6.5	0	0.0	0.07189072609633357	0.0	0.0	0.0	0.0	0.0	0.0	0.07189072609633357
1	1.0	0.0	20	0.0	9.5	0	0.03728560775540641	0.0	0.0	0.0	0.0	0.0	0.0	0.0	0.0
0	0.0	0.0	27	0.0	15.75	0	0.0	0.02945508100147275	0.0	0.0	0.0	0.0	0.0	0.0	0.02945508100147275
3	0.0	0.0	48	0.0	11.19	0	0.03825554705432287	0.0	0.0	0.0	0.0	0.0	0.0	0.03825554705432287	0.0
0	0.0	0.0	14	0.0	0.0	0	0.0	0.5813953488372093	0.0	0.0	0.0	0.0	0.0	0.0	0.0
1	0.0	0.0	11	0.0	9.5	0	0.14204545454545456	0.0	0.0	1.0	0.0	0.0	0.0	0.0	0.0
3	0.0	0.0	0	0.0	16.33	0	0.0	0.09363295880149813	0.0	0.0	0.0	0.0	0.0	0.0	0.0
1	0.0	0.0	0	0.0	15.33	0	0.0	0.9259259259259258	0.0	0.0	0.0	0.0	0.0	0.0	0.0
3	0.0	0.0	38	0.0	14.39	0	0.0	0.07352941176470588	0.0	0.0	0.0	0.0	0.0	0.0	0.03676470588235294
0	0.0	0.0	2	0.0	16.24	0	0.031735956839098696	0.0	0.0	0.0	0.0	0.0	0.0	0.0	0.0
3	0.0	0.0	19	0.0	5.4	0	0.0	0.044208664898320066	0.0	0.0	0.0	0.0	0.0	0.0	0.0
3	0.0	0.0	29	0.0	15.93	0	0.020695364238410598	0.0	0.0	0.5	0.0	0.0	0.0	0.0	0.0
3	0.0	0.0	74	0.216867469879518	6.25	0	0.0	0.11248593925759279	0.0	0.5	0.0	0.0	0.0	0.0	0.11248593925759279
2	0.0	0.0	33	0.4571428571428571	19.61	0	0.0	0.10183299389002036	0.0	0.0	0.0	0.0	0.0	0.0	0.0
0	0.0	0.0	44	0.0588235294117647	0.0	1	1.3888888888888888	0.14326647564469913	0.0	0.0	0.0	0.0	0.0	0.0	0.07163323782234957
1	0.0	0.0	31	0.2	5.93	0	0.38759689922480617	0.0	0.0	0.0	0.0	0.0	0.0	0.0	0.0
2	0.0	0.0	15	0.0	9.83	0	0.14204545454545456	0.0	0.0	0.5	0.0	0.0	0.0	0.0	0.0
1	0.0	0.0	22	0.0	15.58	0	0.0321853878339234	0.0	0.0	0.0	0.0	0.0	0.0	0.0	0.0
0	0.0	0.0	17	0.0	0.0	0	0.0	0.9803921568627451	0.0	0.0	0.0	0.0	0.0	0.0	0.9803921568627451
1	0.0	0.0	2	0.0512820512820512	16.48	0	0.7042253521126761	0.0	0.0	0.0	0.0	0.0	0.0	0.0	0.0
1	0.0	0.0	0	0.0	16.66	0	0.0	0.059808612440191394	0.0	1.0	0.0	0.0	0.0	0.0	0.0
2	0.0	0.0	80	0.0714285714285714	5.23	0	0.0	0.17574692442882248	0.0	0.0	0.0	0.0	0.0	0.0	0.08787346221441124
0	0.0	0.0	18	0.1764705882352941	0.0	0	0.10482180293501049	0.0	0.0	0.0	0.0	0.0	0.0	0.0	0.0
3	0.0	0.0	19	0.0	12.22	0	0.17793594306049823	0.0	0.0	0.0	0.0	0.0	0.0	0.0	0.0
5	0.0	0.0	30	0.0	6.73	0	0.0	0.1592356687898089	0.0	0.0	0.0	0.0	0.0	0.0	0.0
3	0.0	0.0	0	0.0	16.46	0	0.0	0.1763668430335097	0.0	0.5	0.0	0.0	0.0	0.0	0.0
0	0.0	0.0	37	0.1764705882352941	7.16	0	0.14367816091954022	0.0	0.0	0.0	0.0	0.0	0.0	0.07183908045977011	0.0
1	0.0	0.0	20	0.0	15.75	0	0.0	0.024372410431391663	0.0	0.0	0.0	0.0	0.0	0.0	0.0
1	0.0	0.0	0	0.0	16.59	0	0.0	0.12077294685990339	0.0	0.0	0.0	0.0	0.0	0.0	0.0
0	0.0	0.0	1	0.0	16.07	0	0.06345177664974619	0.0	0.0	0.0	0.0	0.0	0.0	0.0	0.0
0	0.0	0.0	20	0.0	15.88	0	0.015229972586049346	0.0	0.0	1.0	0.0	0.0	0.0	0.03045994517209869	0.0
5	0.0	0.0	46	0.0	13.73	0	0.03631082062454612	0.0	0.0	0.0	0.0	0.0	0.0	0.0	0.0
1	0.0	0.0	31	0.0	7.54	0	0.0	0.13192612137203166	0.0	0.0	0.0	0.0	0.0	0.0	0.0
1	0.0	0.0	20	0.0	9.5	0	0.10593220338983052	0.0	0.0	0.5	0.0	0.0	0.0	0.0	0.0
4	0.0	0.0	31	0.0	15.81	0	0.0	0.032331070158422244	0.0	0.0	0.0	0.0	0.0	0.0	0.0
1	0.0	0.0	15	0.0	14.3	0	0.08718395815170009	0.0	0.0	0.5	0.0	0.0	0.0	0.0	0.0
0	0.0	0.0	17	0.0	0.0	0	0.35714285714285715	0.0	0.0	0.0	0.0	0.0	0.0	0.35714285714285715	0.0
4	0.0	0.0	0	0.0	16.94	0	0.0	0.055772448410485224	0.0	0.0	0.0	0.0	0.0	0.0	0.0
0	0.0	0.0	22	0.1764705882352941	0.0	0	0.0	0.4065040650406504	0.0	0.0	0.0	0.0	0.0	0.0	0.0
1	0.0	0.0	0	0.0	10.0	0	0.0	0.6024096385542169	0.0	0.0	0.0	0.0	0.0	0.0	0.0
5	0.0	0.0	53	0.0	6.97	0	0.09940357852882703	0.0	0.0	0.0	0.0	0.0	0.0	0.0	0.0
1	0.0	0.0	73	0.0	9.5	0	0.2604166666666667	0.0	0.0	0.0	0.0	0.0	0.0	0.0	0.0
1	0.0	0.0	25	0.0073260073260073	16.15	0	0.0	0.023940627244433802	0.0	0.5	0.0	0.0	0.0	0.0	0.0
1	0.0	0.0	37	0.0	14.8	0	0.0	0.03949447077409163	0.0	0.0	0.0	0.0	0.0	0.0	0.0
1	1.0	0.5	41	0.0	3.3	0	0.0	0.1278772378516624	0.0	0.0	0.0	0.0	0.0	0.02702702702702703	0.0
3	0.0	0.0	21	0.0	16.25	0	0.019550342130987292	0.0	0.0	0.0	0.0	0.0	0.0	0.0	0.0
0	0.0	0.0	28	0.0	0.0	0	0.16129032258064516	0.0	0.0	0.0	0.0	0.0	0.0	0.0	0.0
0	0.0	0.0	52	0.2926829268292683	10.4	0	0.020627062706270627	0.0	0.0	0.0	0.0	0.0	0.0	0.0	0.0
1	0.0	0.0	30	0.0	13.5	0	0.0	0.3205128205128205	0.0	1.0	0.0	0.0	0.0	0.0	0.0
2	0.0	0.0	31	0.0	9.01	1	0.6347862886161659	0.0	0.0	0.8666666666666667	0.0	0.0	0.0	0.0	0.01876172607879925
2	0.0	0.0	42	0.2	4.74	0	2.380952380952381	0.0	0.0	0.0	0.0	0.0	0.0	0.0	0.0
2	0.0	0.0	24	0.0	14.9	0	0.0	0.0514668039114771	0.0	0.0	0.0	0.0	0.0	0.0	0.0
2	0.0	0.0	21	0.0	17.38	0	2.6315789473684212	0.0	0.0	0.0	0.0	0.0	0.0	2.6315789473684212	0.0
1	0.0	0.0	23	0.0	9.44	1	0.0	1.404494382022472	0.0	0.8666666666666667	0.0	0.0	0.0	0.0	0.0
2	0.0	0.0	42	0.1843003412969283	15.94	0	0.0	0.01723543605653223	0.0	0.0	0.0	0.0	0.0	0.0	0.0
0	0.0	0.0	36	0.3	0.0	0	0.5494505494505494	0.0	0.0	0.0	0.0	0.0	0.0	0.0	0.0
3	0.0	0.0	30	0.0	14.19	0	0.03430531732418525	0.0	0.0	0.0	0.0	0.0	0.0	0.0	0.0
1	0.0	0.0	47	0.0	12.86	0	0.03529827038475115	0.0	0.0	0.5	0.0	0.0	0.0	0.0	0.0
3	0.0	0.0	1	0.0	16.43	0	0.034855350296270474	0.0	0.0	1.0	0.0	0.0	0.0	0.0	0.0
1	0.0	0.0	36	0.0	0.45	1	0.5112474437627812	0.0	0.0	0.4	0.0	0.0	0.0	0.10224948875255624	0.0
1	0.0	0.0	18	0.0	11.08	0	0.11682242990654206	0.0	0.0	0.0	0.0	0.0	0.0	0.0	0.0
0	0.0	1.0	18	0.0	0.0	0	0.2590673575129534	0.0	0.0	0.5	0.0	0.0	0.0	0.0	0.0
4	0.0	0.0	32	0.0	5.45	0	0.0	0.42016806722689076	0.0	0.5	0.0	0.0	0.0	0.0	0.0
4	0.0	0.0	41	0.0976744186046511	14.96	0	0.0	0.046772684752104776	0.0	2.0	0.0	0.0	0.0	0.0	0.0
3	0.0	0.0	19	0.1111111111111111	14.7	0	0.06872852233676975	0.0	1.0	0.0	0.0	0.0	0.0	0.0	0.0
1	0.0	0.0	17	0.0857142857142857	15.57	0	0.09149130832570906	0.0	0.0	0.0	0.0	0.0	0.0	0.0	0.0
1	0.0	0.0	33	0.0	9.5	0	0.19379844961240308	0.0	0.0	0.0	0.0	0.0	0.0	0.0	0.0
4	0.0	0.0	16	0.0099502487562189	16.63	0	0.0	0.03661662394727206	0.0	0.0	0.0	0.0	0.0	0.0	0.0
2	1.0	0.0	37	0.0102564102564102	11.05	0	0.0	0.02977963073257892	0.0	0.0	0.0	0.0	0.0	0.0	0.02977963073257892
0	0.0	0.0	4	0.130718954248366	16.12	0	0.05865102639296187	0.0	0.0	0.0	0.0	0.0	0.0	0.0	0.0
2	0.0	0.0	17	0.0	8.73	0	0.49019607843137253	0.0	0.0	0.0	0.0	0.0	0.0	0.0	0.0
4	0.0	0.0	46	0.0588235294117647	8.28	0	0.06531678641410843	0.0	0.0	1.0	0.0	0.0	0.0	0.0	0.0
0	1.0	0.5	33	0.0377358490566037	0.0	0	0.0	0.07374631268436578	0.0	0.0	0.0	0.0	0.0	0.0	0.07374631268436578
2	0.0	0.0	1	0.0	16.13	0	0.0	0.16556291390728478	0.0	0.0	0.0	0.0	0.0	0.0	0.0
0	0.0	0.0	37	0.0	0.0	0	0.24038461538461536	0.0	0.0	0.0	0.0	0.0	0.0	0.0	0.0
0	0.0	0.0	35	0.0130718954248366	0.0	0	0.03473428273706148	0.0	0.0	0.0	0.0	0.0	0.0	0.0	0.0
0	0.0	0.0	24	0.2	0.0	1	0.0	0.5617977528089888	0.0	1.0	0.0	0.0	0.0	0.0	0.0
1	0.0	0.0	16	0.0	12.5	0	0.029489826010026542	0.0	0.0	0.0	0.0	0.0	0.0	0.0	0.0
4	0.0	1.0	35	0.0094786729857819	26.32	0	0.05762028233938346	0.0	0.0	0.0	0.0	0.0	0.0	0.014405070584845865	0.0
1	0.0	0.0	17	0.0	8.45	0	0.18450184501845018	0.0	0.0	0.0	0.0	0.0	0.0	0.0	0.0
1	0.5	0.3333333333333333	29	0.0363636363636363	11.31	0	0.12578616352201258	0.0	0.0	0.0	0.0	0.0	0.0	0.12578616352201258	0.0
1	0.0	0.0	40	0.0	14.17	0	0.014124293785310734	0.0	0.0	0.0	0.0	0.0	0.0	0.0	0.0
1	0.0	0.0	0	0.0	17.49	0	0.0	1.923076923076923	0.0	0.0	0.0	0.0	0.0	0.0	0.0
1	0.0	0.0	0	0.0	16.37	0	0.0	0.2597402597402597	0.0	0.0	0.0	0.0	0.0	0.0	0.0
0	0.0	0.0	46	0.0085470085470085	14.7	0	0.0	0.02507522567703109	0.0	0.0	0.0	0.0	0.0	0.0	0.0
1	0.0	0.0	0	0.0	9.5	0	0.0	0.2026342451874367	0.0	1.0	0.0	0.0	0.0	0.0	0.0
0	0.0	0.0	14	0.1842105263157894	0.0	0	0.33670033670033667	0.0	0.0	0.0	0.0	0.0	0.0	0.0	0.0
5	0.0	0.0	38	0.0	13.97	0	0.0	0.034223134839151265	0.0	0.0	0.0	0.0	0.0	0.02108814846056516	0.017111567419575632
1	0.0	0.0	18	0.0588235294117647	9.61	0	0.14492753623188406	0.0	0.0	0.0	0.0	0.0	0.0	0.0	0.0
1	0.0	0.0	15	0.0	9.5	0	0.8928571428571428	0.0	0.0	0.0	0.0	0.0	0.0	0.0	0.0
0	0.0	1.0	60	0.0	14.97	1	0.8710801393728222	0.20920502092050208	0.0	0.42857142857142855	0.0	0.0	0.0	0.0	0.0
4	0.0	0.0	0	0.0	16.74	0	0.0	0.1288659793814433	0.0	0.0	0.0	0.0	0.0	0.0	0.0
2	0.0	0.0	61	0.0	13.21	0	0.0	0.03759398496240601	0.0	0.0	0.0	0.0	0.0	0.0	0.018796992481203006
1	0.0	0.0	29	0.3880597014925373	9.2	0	0.0	0.19880715705765406	0.0	0.0	0.0	0.0	0.0	0.0	0.0
0	0.0	0.0	8	0.03125	15.03	1	0.0	0.28735632183908044	0.0	6.0	0.0	0.0	0.0	0.0	0.0
1	0.0	0.0	1	0.1149425287356321	16.87	0	0.0	0.03821169277799006	0.0	2.0	0.0	0.0	0.0	0.0	0.0
1	1.0	0.0	3	0.0	35.95	0	0.045454545454545456	0.07593014426727411	0.0	0.3333333333333333	0.0	0.0	0.0	0.0	0.0
1	0.0	0.0	19	0.0	6.46	0	0.3105590062111801	0.0	0.0	0.0	0.0	0.0	0.0	0.0	0.0
1	0.0	0.0	0	0.125	23.17	0	0.0	0.5524861878453039	0.0	3.0	0.0	0.0	0.0	0.0	0.0
3	0.0	0.0	62	0.0	14.62	0	0.03363605785401951	0.0	0.0	0.0	0.0	0.0	0.0	0.0	0.0
0	0.0	0.0	0	0.0206185567010309	17.24	0	0.0	0.151285930408472	0.0	0.5	0.0	0.0	0.0	0.0	0.0
1	0.0	0.0	47	0.0	10.58	0	0.05552470849528039	0.0	0.0	0.0	0.0	0.0	0.0	0.027762354247640196	0.024703557312252968
0	0.0	0.0	19	0.0588235294117647	0.0	0	0.2717391304347826	0.0	0.0	0.0	0.0	0.0	0.0	0.2717391304347826	0.0
1	0.5	0.0	18	0.0	10.84	0	0.06309148264984227	0.0	0.0	0.0	0.0	0.0	0.0	0.0	0.0
2	1.0	0.5	46	0.0	33.77	0	0.26455026455026454	0.0	0.0	0.6666666666666666	0.0	0.0	0.0	0.0	0.0
1	0.0	0.0	65	0.0	9.5	0	0.27932960893854747	0.0	0.0	0.0	0.0	0.0	0.0	0.0	0.0
1	0.0	1.0	37	0.0	0.94	0	0.0	0.02730748225013654	0.0	0.0	0.0	0.0	0.0	0.0	0.0
1	0.0	0.0	11	0.1376146788990825	17.24	0	0.0	0.15782828282828282	0.0	2.8	0.0	0.0	0.0	0.0	0.0
1	0.0	0.0	0	0.0	16.84	0	0.0	0.2293577981651376	0.0	0.0	0.0	0.0	0.0	0.0	0.0
1	1.0	1.0	21	0.0133333333333333	15.0	0	0.0	0.05274261603375527	0.0	0.5	0.0	0.0	0.0	0.0	0.0
0	1.0	0.0	17	0.0465116279069767	0.0	1	6.730769230769231	0.0	0.0	0.42857142857142855	0.0	0.0	0.0	0.0	0.0
1	0.0	0.0	40	0.0	5.98	0	1.4563106796116505	0.0	0.0	0.16666666666666666	0.0	0.0	0.0	0.0	0.0
0	0.0	0.0	0	0.0	16.78	0	0.016479894528675015	0.0	0.0	0.0	0.0	0.0	0.0	0.0	0.0
0	0.0	0.0	39	0.0	0.0	0	0.2173913043478261	0.0	0.0	0.0	0.0	0.0	0.0	0.0	0.0
1	0.0	0.0	44	0.0	4.9	0	1.7857142857142856	0.0	0.0	0.0	0.0	0.0	0.0	0.0	0.0
1	0.0	0.0	5	0.0	15.3	0	0.32679738562091504	0.0	0.0	1.0	0.0	0.0	0.0	0.0	0.0
0	0.5	1.0	37	0.0212765957446808	0.0	0	0.0	0.012450199203187252	0.0	0.0	0.0	0.0	0.0	0.0	0.012450199203187252
0	1.0	0.5	21	0.0	0.0	1	0.14766686355581807	1.2033694344163657	0.04	0.68	0.0	0.029533372711163616	0.0	0.14766686355581807	0.0
2	0.0	0.0	0	0.0	16.77	0	0.0	0.14285714285714285	0.0	0.5	0.0	0.0	0.0	0.0	0.0
1	0.0	0.0	14	0.0	9.5	0	0.11025358324145534	0.0	0.0	0.0	0.0	0.0	0.0	0.0	0.0
1	0.0	0.0	26	0.0	5.72	0	0.4716981132075471	0.0	0.0	1.0	0.0	0.0	0.0	0.0	0.0
1	0.0	0.0	0	0.12	16.54	0	0.0	0.23584905660377356	0.0	0.25	0.0	0.0	0.0	0.0	0.0
2	0.0	0.0	2	0.0071428571428571	16.82	0	0.05271481286241434	0.0	0.0	3.5	0.0	0.0	0.0	0.0	0.0
2	0.0	0.0	25	0.0	15.92	0	0.8474576271186441	0.0	0.0	1.0	0.0	0.0	0.0	0.0	0.0
1	0.0	0.0	17	0.0	10.5	0	0.06377551020408163	0.0	0.0	0.0	0.0	0.0	0.0	0.0	0.0
5	0.0	0.0	33	0.0	15.73	0	0.0	0.031240237425804437	0.0	0.5	0.0	0.0	0.0	0.0	0.0
2	0.0	0.0	28	0.1122994652406417	15.26	0	0.0	0.07704160246533127	0.0	0.0	0.0	0.0	0.0	0.0	0.0
2	0.0	0.0	1	0.1666666666666666	16.57	0	50.0	0.0	0.0	0.0	0.0	0.0	0.0	0.0	0.0
0	0.0	0.0	31	0.0	13.53	0	0.0591715976331361	0.0	0.0	0.0	0.0	0.0	0.0	0.0	0.0
1	0.0	0.0	28	0.04	7.72	0	0.32679738562091504	0.0	0.0	0.0	0.0	0.0	0.0	0.0	0.0
2	0.0	0.0	51	0.0	14.21	0	0.02931691586045148	0.0	0.0	0.0	0.0	0.0	0.0	0.0	0.0
3	0.0	1.0	40	0.0	48.7	0	0.04022526146419952	0.0	0.0	0.0	0.0	0.0	0.0	0.02011263073209976	0.0
1	0.0	0.0	0	0.0	16.63	0	0.0	0.15479876160990713	0.0	0.0	0.0	0.0	0.0	0.0	0.0
2	0.0	0.0	20	0.0	16.1	0	0.022799817601459188	0.0	0.0	0.0	0.0	0.0	0.0	0.0	0.0
1	0.0	0.0	7	0.0	15.98	0	0.02803476310625175	0.0	0.0	0.0	0.0	0.0	0.0	0.0	0.0
1	0.0	0.0	25	0.0	9.5	0	50.0	0.0	0.0	0.0	0.0	0.0	0.0	0.0	0.0
1	0.0	0.0	0	0.1818181818181818	17.02	0	0.0	10.0	0.0	0.0	0.0	0.0	0.0	0.0	0.0
1	0.0	0.0	13	0.0	12.6	0	0.1336898395721925	0.0	0.0	0.0	0.0	0.0	0.0	0.0	0.0
2	0.0	1.0	33	0.0	20.96	0	0.0	0.023946360153256706	0.0	0.0	0.0	0.0	0.0	0.0	0.0
3	0.0	0.0	0	0.032258064516129	16.6	0	0.04246284501061571	0.0	0.0	0.5	0.0	0.0	0.0	0.0	0.0
1	0.0	0.0	44	0.0	8.96	0	0.0	0.4310344827586207	0.0	0.0	0.0	0.0	0.0	0.0	0.0
1	0.0	0.0	49	0.0	4.87	0	0.5882352941176471	0.0	0.0	0.0	0.0	0.0	0.0	0.0	0.0
2	0.0	0.0	7	0.0	13.1	0	0.0	0.22727272727272727	0.0	0.0	0.0	0.0	0.0	0.0	0.0
3	0.0	0.0	23	0.0	7.19	0	0.19569471624266144	0.0	0.0	0.0	0.0	0.0	0.0	0.0	0.0
1	0.0	0.0	10	0.0	8.82	0	0.37037037037037035	0.0	0.0	3.0	0.0	0.0	0.0	0.0	0.0
1	0.0	0.0	0	0.0	16.31	0	0.0	0.18867924528301888	0.0	0.0	0.0	0.0	0.0	0.0	0.0
2	0.0	0.0	21	0.0	6.64	0	0.2590673575129534	0.0	0.0	0.0	0.0	0.0	0.0	0.0	0.0
0	1.0	0.0	43	0.0137931034482758	32.95	1	0.1885902876001886	0.4524886877828054	0.0	0.75	0.0	0.0	0.0	0.0942951438000943	0.04524886877828054
2	0.0	0.0	15	0.0	24.93	0	0.023579344494223064	0.0	0.0	0.0	0.0	0.0	0.0	0.0	0.0
5	0.0	0.0	36	0.0	16.26	0	0.0	0.014394702749388226	0.0	0.0	0.0	0.0	0.0	0.0	0.0
3	0.0	0.0	17	0.1686746987951807	16.22	0	0.032499187520311994	0.0	0.0	0.0	0.0	0.0	0.0	0.0	0.0
4	0.0	0.0	42	0.0	13.48	0	0.0	0.035075412136092596	0.0	0.0	0.0	0.0	0.0	0.0	0.0
2	0.0	0.0	20	0.0689655172413793	18.26	0	0.1589825119236884	0.0	0.0	0.5	0.0	0.0	0.0	0.0	0.0
3	0.0	0.0	66	0.0	5.38	0	0.4065040650406504	0.0	0.0	0.0	0.0	0.0	0.0	0.0	0.0
6	0.0	0.0	28	0.0833333333333333	14.55	0	0.0	0.08968609865470852	0.0	0.0	0.0	0.0	0.0	0.0	0.029895366218236172
0	0.0	0.0	17	0.0097087378640776	16.38	0	0.0	0.033760972316002696	0.0	0.0	0.0	0.0	0.0	0.0	0.0
0	0.0	0.0	23	0.0	0.0	0	0.3401360544217687	0.0	0.0	0.0	0.0	0.0	0.0	0.0	0.0
2	1.0	0.0	0	0.0	19.3	0	0.0	0.032658393207054215	0.0	0.5	0.0	0.0	0.0	0.0	0.0
1	0.0	0.0	17	0.0	11.5	0	0.09842519685039369	0.0	0.0	0.0	0.0	0.0	0.0	0.0	0.0
1	0.0	0.0	0	0.0	9.5	0	0.0	0.05339028296849973	0.0	0.0	0.0	0.0	0.0	0.0	0.0
0	1.0	0.0	18	0.0	0.0	0	0.0	0.03071253071253071	0.0	0.0	0.0	0.0	0.0	0.0	0.0
2	0.0	0.0	6	0.0	14.23	0	0.0	0.24570024570024568	0.0	0.0	0.0	0.0	0.0	0.0	0.0
2	0.0	0.0	0	0.0	15.88	0	0.0	1.8656716417910446	0.0	0.4	0.0	0.0	0.0	0.0	0.0
1	0.0	0.0	12	0.0	16.03	0	0.0	1.3071895424836601	0.0	0.25	0.0	0.0	0.0	0.0	0.0
0	0.0	0.0	0	0.0	17.84	0	0.19379844961240308	0.0	0.0	2.0	0.0	0.0	0.0	0.0	0.0
0	0.0	0.0	1	0.3934426229508196	17.16	0	0.0	0.18761726078799248	0.0	1.0	0.0	0.0	0.0	0.0	0.0
2	0.0	0.0	54	0.0149253731343283	16.65	1	0.7411982705373686	0.0	0.0	0.75	0.0	0.0	0.0	0.0	0.047709923664122134
0	0.0	0.0	10	0.4	0.0	0	0.0	2.0833333333333335	0.0	1.0	0.0	0.0	0.0	0.0	0.0
1	0.0	0.0	26	0.0	10.0	0	0.11682242990654206	0.0	0.0	0.5	0.0	0.0	0.0	0.0	0.0
0	0.0	1.0	25	0.0317460317460317	0.0	0	0.039401103230890466	0.0	0.0	0.0	0.0	0.0	0.0	0.0	0.0
0	0.0	0.0	0	0.0	16.09	0	0.04230118443316413	0.0	0.0	0.5	0.0	0.0	0.0	0.0	0.0
1	0.0	0.0	15	0.0	16.51	0	0.03004807692307692	0.0	0.0	5.0	0.0	0.0	0.0	0.0	0.0
2	0.0	0.0	59	0.0	14.79	0	0.016105653084232566	0.0	0.0	0.0	0.0	0.0	0.0	0.016105653084232566	0.0
3	0.0	0.0	2	0.0	8.1	0	0.0	0.31806615776081426	0.0	0.0	0.0	0.0	0.0	0.0	0.0
0	0.0	0.0	20	0.0	0.0	0	0.0	0.15873015873015872	0.0	0.0	0.0	0.0	0.0	0.0	0.0
3	0.0	0.0	0	0.0	16.4	0	0.013114754098360656	0.0	0.0	0.0	0.0	0.0	0.0	0.0	0.0
0	0.0	0.0	12	0.0	0.0	1	0.0	5.357142857142857	0.0	0.3333333333333333	0.0	0.0	0.0	0.0	0.0
3	0.0	0.0	47	0.05581395348837201	15.0	0	0.0	0.026932399676811204	0.0	0.0	0.0	0.0	0.0	0.0	0.0
1	0.0	0.0	57	0.1830065359477124	9.74	0	0.054945054945054944	0.0	0.0	0.0	0.0	0.0	0.0	0.054945054945054944	0.0
3	0.0	0.0	17	0.0	15.37	0	0.049701789264413515	0.0	0.0	0.0	0.0	0.0	0.0	0.0	0.0
0	0.0	0.0	30	0.0	13.78	0	0.04987531172069825	0.0	0.0	0.0	0.0	0.0	0.0	0.024937655860349125	0.0
1	0.0	0.0	0	0.0	17.19	0	0.0	0.3676470588235294	0.0	0.5	0.0	0.0	0.0	0.0	0.0
5	0.0	0.0	47	0.0	11.58	0	0.0	0.04182350480970305	0.0	0.0	0.0	0.0	0.0	0.0	0.0
0	0.0	0.0	19	0.0	0.0	1	0.0	3.061224489795918	0.0	0.6666666666666666	0.0	0.0	0.0	0.0	0.0
0	0.0	0.0	36	0.0	0.0	1	0.0	0.0	0.0	0.6	0.0	0.0	0.0	0.0	0.0
1	0.0	0.0	69	0.0	5.66	0	0.16835016835016833	0.0	0.0	0.0	0.0	0.0	0.0	0.08417508417508417	0.0
3	0.0	0.0	4	0.0	16.29	0	0.16	0.0	0.0	0.0	0.0	0.0	0.0	0.0	0.0
1	0.0	0.0	18	0.0	14.96	0	0.04967709885742673	0.0	0.0	0.0	0.0	0.0	0.0	0.0	0.0
1	0.0	0.0	41	0.0	15.46	0	0.0	0.018515089798185523	0.0	0.0	0.0	0.0	0.0	0.0	0.0
2	0.0	0.0	0	0.0	17.27	0	0.0	0.38167938931297707	0.0	0.0	0.0	0.0	0.0	0.0	0.0
3	0.0	0.0	17	0.0566037735849056	17.3	0	0.08795074758135445	0.0	0.0	0.0	0.0	0.0	0.0	0.0	0.0
0	0.0	0.0	36	0.0719424460431654	11.9	0	0.07782101167315175	0.0	0.0	0.0	0.0	0.0	0.0	0.07782101167315175	0.0
2	0.0	0.0	79	0.0303030303030303	5.72	0	0.1126126126126126	0.0	0.0	0.0	0.0	0.0	0.0	0.0	0.0
0	0.0	0.0	2	0.0	16.99	0	0.0	0.07027406886858749	0.0	0.0	0.0	0.0	0.0	0.0	0.0
1	1.0	0.0	4	0.0769230769230769	0.5	0	0.25510204081632654	0.0	0.0	0.0	0.0	0.0	0.0	0.0	0.0
1	0.0	0.0	33	0.0	5.16	0	0.5681818181818182	0.0	0.0	0.0	0.0	0.0	0.0	0.0	0.0
3	0.0	0.0	39	0.0	14.09	0	0.03972983710766786	0.0	0.0	0.0	0.0	0.0	0.0	0.01986491855383393	0.0
7	0.0	0.0	41	0.0061728395061728	15.65	0	0.0	0.018611576400521124	0.0	0.5	0.0	0.0	0.0	0.0	0.018611576400521124
1	0.0	0.0	29	0.0	15.91	0	0.020454080589077522	0.0	0.0	0.0	0.0	0.0	0.0	0.0	0.0
2	0.0	0.0	2	0.0555555555555555	16.29	0	0.13531799729364005	0.0	0.0	0.5	0.0	0.0	0.0	0.0	0.0
0	0.0	0.0	34	0.0	16.1	0	0.0	0.02011263073209976	0.0	0.5	0.0	0.0	0.0	0.0	0.0
1	0.0	0.0	29	0.0	63.4	0	0.07218479307025986	0.0	0.0	1.0	0.0	0.0	0.0	0.0	0.0
1	0.0	0.0	0	0.0	16.95	0	0.0	0.125	0.0	1.0	0.0	0.0	0.0	0.0	0.0
1	0.0	0.0	35	0.0	7.84	0	0.18315018315018314	0.0	0.0	0.0	0.0	0.0	0.0	0.18315018315018314	0.0
3	1.0	0.0	2	0.0088105726872246	30.32	0	0.0	0.04587155963302752	0.0	0.0	0.0	0.0	0.0	0.0	0.0
1	0.0	0.0	55	0.0285714285714285	0.45	1	0.0	0.8530183727034121	0.0	0.5384615384615384	0.0	0.0	0.0	0.0	0.39370078740157477
1	0.0	0.0	0	0.0	10.0	0	0.0	0.8620689655172414	0.0	1.0	0.0	0.0	0.0	0.0	0.0
1	0.0	0.0	20	0.0	14.71	0	0.057770075101097634	0.0	0.0	0.5	0.0	0.0	0.0	0.057770075101097634	0.0
5	0.0	0.0	22	0.0	15.73	0	0.0	0.019972039145196723	0.0	0.5	0.0	0.0	0.0	0.0	0.0
0	0.0	0.0	1	0.1428571428571428	16.12	0	0.0	0.4464285714285714	0.0	0.5	0.0	0.0	0.0	0.0	0.0
0	0.0	0.0	23	0.0	4.84	0	50.0	0.0	0.0	0.25	0.0	0.0	0.0	0.0	0.0
1	0.0	0.0	35	0.0	17.0	0	0.0	0.10482180293501049	0.0	0.0	0.0	0.0	0.0	0.0	0.0
0	0.0	0.0	19	0.0689655172413793	8.8	1	0.0	1.0526315789473684	0.0	1.0	0.0	0.0	0.0	0.0	0.0
0	0.0	0.0	0	0.3333333333333333	17.08	0	1.5625	0.0	0.0	0.0	0.0	0.0	0.0	0.0	0.0
0	0.0	0.0	32	0.3333333333333333	0.0	1	50.0	0.0	0.0	1.0	0.0	0.0	0.0	0.0	0.0
1	0.0	0.0	13	0.0	15.86	0	0.04610419548178884	0.0	0.0	0.0	0.0	0.0	0.0	0.0	0.0
1	0.0	0.0	25	0.0	9.5	0	0.6172839506172839	0.0	0.0	0.0	0.0	0.0	0.0	0.0	0.0
4	0.0	0.0	26	0.0	15.91	0	0.0	0.03926187671770711	0.0	0.5	0.0	0.0	0.0	0.0	0.0
5	0.0	0.0	26	0.136	15.83	0	0.023337222870478413	0.0	0.0	0.0	0.0	0.0	0.0	0.0	0.0
0	0.0	0.0	15	0.0	0.0	0	0.12820512820512822	0.0	0.0	0.0	0.0	0.0	0.0	0.12820512820512822	0.0
0	0.0	0.0	37	0.0	15.16	0	0.0	0.02073828287017835	0.0	4.0	0.0	0.0	0.0	0.01172882946281961	0.0
0	0.0	1.0	20	0.0	0.0	0	0.0	0.06631299734748011	0.0	0.0	0.0	0.0	0.0	0.0	0.0
0	0.0	0.0	12	0.0	0.0	1	0.0	2.7027027027027026	0.0	1.0	0.0	0.0	0.0	0.0	0.0
1	0.0	0.0	0	0.0261437908496732	16.51	0	0.0	0.08233841086867023	0.0	0.25	0.0	0.0	0.0	0.0	0.0
1	0.0	0.0	0	0.0	18.05	0	0.0	0.4672897196261682	0.0	2.0	0.0	0.0	0.0	0.0	0.0
0	0.0	0.0	29	0.0	0.0	0	0.23148148148148145	0.0	0.0	0.5	0.0	0.0	0.0	0.0	0.0
4	0.0	0.0	43	0.0	13.52	0	0.0	0.04212299915754002	0.0	0.0	0.0	0.0	0.0	0.0	0.04212299915754002
3	0.0	0.0	17	0.0310077519379844	16.19	0	0.01826817683595177	0.0	0.0	0.0	0.0	0.0	0.0	0.0	0.0
3	0.0	0.0	32	0.0	14.37	0	0.04106776180698152	0.0	0.0	0.0	0.0	0.0	0.0	0.0	0.0
0	0.0	0.0	39	0.0508474576271186	13.5	0	0.023809523809523808	0.0	0.0	0.0	0.0	0.0	0.0	0.0	0.0
0	0.0	0.0	25	0.0465116279069767	12.44	0	0.052910052910052914	0.0	0.0	0.0	0.0	0.0	0.0	0.0	0.0
1	0.0	0.0	15	0.0	9.18	0	0.3952569169960475	0.0	0.0	0.0	0.0	0.0	0.0	0.0	0.0
1	0.0	0.0	0	0.0130718954248366	16.54	0	0.0	0.041084634346754315	0.0	0.5	0.0	0.0	0.0	0.0	0.0
1	0.0	0.0	0	0.0	9.5	0	0.0	0.2604166666666667	0.0	0.0	0.0	0.0	0.0	0.0	0.0
1	0.0	0.0	18	0.0666666666666666	10.0	0	0.4807692307692307	0.0	0.0	0.0	0.0	0.0	0.0	0.0	0.0
0	0.0	0.0	21	0.0	0.0	0	0.0	1.1111111111111112	0.0	0.0	0.0	0.0	0.0	0.0	1.1111111111111112
3	0.0	0.0	0	0.0166666666666666	16.63	0	0.01840264998159735	0.0	0.0	0.0	0.0	0.0	0.0	0.0	0.0
7	0.0	0.0	7	0.0071428571428571	16.1	0	0.01124353496739375	0.0	0.0	0.0	0.0	0.0	0.0	0.0	0.0
2	0.0	0.0	35	0.0	14.93	0	0.03379520108144644	0.0	0.0	0.0	0.0	0.0	0.0	0.0	0.0
1	0.0	0.0	0	0.0909090909090909	10.0	0	0.0	0.1044932079414838	0.0	0.0	0.0	0.0	0.0	0.0	0.0
1	0.0	0.0	15	0.0	9.5	0	0.25510204081632654	0.0	0.0	0.0	0.0	0.0	0.0	0.0	0.0
0	0.0	0.0	1	0.0	16.08	0	0.054466230936819175	0.0	0.0	0.0	0.0	0.0	0.0	0.0	0.0
1	0.0	0.0	19	0.0	9.46	0	0.0	0.9077155824508321	0.0	0.0	0.0	0.0	0.0	0.0	0.151285930408472
0	0.5	1.0	47	0.0	0.0	1	1.1070110701107012	0.5131964809384164	0.05263157894736842	1.0	0.07331378299120234	0.0	0.0	0.7380073800738007	0.07331378299120234
4	0.0	0.0	1	0.0	17.49	0	0.0	0.5494505494505494	0.0	0.0	0.0	0.0	0.0	0.0	0.0
4	0.0	0.0	78	0.05	5.34	0	0.0	0.15527950310559005	0.0	0.0	0.0	0.0	0.0	0.0	0.0
0	0.0	0.0	19	0.0	0.0	0	0.08169934640522876	0.0	0.0	0.0	0.0	0.0	0.0	0.08169934640522876	0.0
0	0.0	1.0	22	0.0	0.0	0	50.0	0.0	0.0	0.0	0.0	0.0	0.0	0.0	0.0
1	0.0	0.0	18	0.0	1.89	1	0.0	7.692307692307692	0.0	1.5	0.0	0.0	0.0	0.0	0.0
1	0.0	0.0	33	0.0	1.5	0	0.03195909236177693	0.0	0.0	0.0	0.0	0.0	0.0	0.03195909236177693	0.0
4	0.0	0.0	28	0.0594059405940594	12.96	0	0.0	0.0572737686139748	0.0	0.0	0.0	0.0	0.0	0.0	0.0
1	0.0	0.0	0	0.0	10.0	0	0.0	0.04474272930648769	0.0	0.0	0.0	0.0	0.0	0.0	0.0
1	0.0	0.0	0	0.0714285714285714	17.2	0	0.0	0.4504504504504504	0.0	0.0	0.0	0.0	0.0	0.0	0.0
0	1.0	1.0	24	0.0	0.0	0	0.0	0.08169934640522876	0.0	0.0	0.0	0.0	0.0	0.0	0.0
1	0.0	0.0	0	0.0	16.78	0	0.0	0.24752475247524752	0.0	0.5	0.0	0.0	0.0	0.0	0.0
1	0.0	0.0	0	0.0147058823529411	16.23	0	0.0	0.03394433129667346	0.0	0.0	0.0	0.0	0.0	0.0	0.0
0	0.0	0.0	38	0.0	11.53	0	0.0	0.09699321047526673	0.0	0.5	0.0	0.0	0.0	0.0	0.04849660523763336
2	0.0	0.0	43	0.0	15.19	0	0.023685457129322598	0.0	0.0	1.0	0.0	0.0	0.0	0.023685457129322598	0.0
2	1.0	0.5	50	0.0	23.98	0	0.0	0.032981530343007916	0.0	0.0	0.0	0.0	0.0	0.0	0.0
0	0.5	1.0	36	0.0	0.0	0	0.06877579092159561	0.0	0.0	0.0	0.0	0.0	0.0	0.034387895460797804	0.0
0	0.0	1.0	22	0.0	0.0	0	2.3255813953488373	0.0	0.0	0.5	0.0	0.0	0.0	1.1627906976744187	0.0
2	0.0	0.3333333333333333	55	0.0	1.47	1	2.062588904694168	0.0	0.0	0.20689655172413793	0.0	0.0	0.0	0.9246088193456614	0.04355400696864111
1	0.0	0.0	0	0.0	16.7	0	0.0	0.3623188405797102	0.0	0.0	0.0	0.0	0.0	0.0	0.0
1	0.0	0.0	18	0.313953488372093	10.78	0	0.0	0.12185215272136474	0.0	0.3333333333333333	0.0	0.0	0.0	0.0	0.08123476848090982
1	0.0	0.0	7	0.0625	9.5	0	0.1694915254237288	0.0	0.0	2.0	0.0	0.0	0.0	0.0	0.0
0	0.0	0.0	24	0.0769230769230769	0.0	0	0.6024096385542169	0.0	0.0	0.0	0.0	0.0	0.0	0.0	0.0
2	0.0	0.0	1	0.0	17.15	0	0.0	0.45454545454545453	0.0	1.0	0.0	0.0	0.0	0.0	0.0
4	0.0	0.0	40	0.0	15.55	0	0.019175455417066157	0.0	0.0	0.0	0.0	0.0	0.0	0.009587727708533078	0.0
1	0.0	0.0	31	0.0	9.8	0	0.7317073170731708	0.0	0.0	0.0	0.0	0.0	0.0	0.0	0.0
2	0.0	0.0	0	0.074074074074074	18.87	0	0.0	0.11655011655011654	0.0	0.5	0.0	0.0	0.0	0.0	0.0
1	0.0	0.0	9	0.0634920634920634	15.86	0	0.11695906432748537	0.0	0.0	1.5	0.0	0.0	0.0	0.0	0.0
2	0.0	0.0	57	0.0869565217391304	9.64	0	0.4587155963302752	0.0	0.0	0.0	0.0	0.0	0.0	0.0	0.0
0	1.0	0.0	15	0.0	0.0	0	0.10070493454179255	0.0	0.0	0.0	0.0	0.0	0.0	0.0	0.0
0	0.0	0.0	19	0.2142857142857142	0.0	1	0.437636761487965	0.3623188405797102	0.0	0.42857142857142855	0.0	0.0	0.0	0.0	0.0
1	0.0	0.0	22	0.2	9.5	0	5.2631578947368425	0.0	0.0	0.0	0.0	0.0	0.0	0.0	0.0
4	0.0	0.0	3	0.0	16.5	0	0.0	0.29239766081871343	0.0	0.0	0.0	0.0	0.0	0.0	0.0
0	1.0	1.0	61	0.0235294117647058	19.54	0	0.07183908045977011	0.0	0.0	0.0	0.0	0.0	0.0	0.0	0.0
3	0.0	0.5	43	0.0	30.77	0	0.09765625	0.0	0.0	0.0	0.0	0.0	0.0	0.0	0.0
1	0.0	0.0	34	0.0	6.12	0	0.5882352941176471	0.0	0.0	0.0	0.0	0.0	0.0	0.0	0.0
3	0.0	0.0	46	0.0	11.76	0	0.05509641873278237	0.0	0.0	1.0	0.0	0.0	0.0	0.027548209366391185	0.0
6	0.0	0.0	30	0.0	15.3	0	0.0	0.06060606060606061	0.0	0.0	0.0	0.0	0.0	0.01245640259093174	0.0
0	0.0	0.0	28	0.0	15.11	0	0.0	0.024606299212598423	0.0	0.0	0.0	0.0	0.0	0.0	0.0
5	0.0	0.0	0	0.1428571428571428	15.38	0	0.0	1.1111111111111112	0.0	0.5	0.0	0.0	0.0	0.0	0.0
0	1.0	0.0	39	0.0	2.18	1	0.35790980672870437	0.6410256410256411	0.0	0.42105263157894735	0.0	0.0	0.0	0.017895490336435216	0.03561253561253561
2	0.0	0.0	40	0.0	14.9	0	0.0	0.02013693113169553	0.0	0.0	0.0	0.0	0.0	0.0	0.010068465565847765
2	0.0	0.0	15	0.0	8.74	0	0.2293577981651376	0.0	0.0	0.0	0.0	0.0	0.0	0.0	0.0
1	0.0	0.0	8	0.0428571428571428	16.99	0	0.06578947368421052	0.0	0.0	8.0	0.0	0.0	0.0	0.0	0.0
2	0.0	0.0	0	0.0	16.71	0	0.0	0.04844961240310077	0.0	0.0	0.0	0.0	0.0	0.0	0.0
3	1.0	0.0	35	0.0	19.7	0	0.0	0.06891798759476224	0.0	0.0	0.0	0.0	0.0	0.0	0.0
1	0.0	0.0	67	0.1578947368421052	9.5	0	9.712230215827338	0.0	0.0	0.0	0.0	0.0	0.0	0.0	0.0
0	1.0	0.0	39	0.0	0.0	1	0.0	1.1945392491467577	0.14285714285714285	0.42857142857142855	0.1706484641638225	0.0	0.0	0.0	0.0
1	1.0	0.5	34	0.293103448275862	22.16	0	0.05060728744939271	0.0	0.0	0.0	0.0	0.0	0.0	0.0	0.0
1	0.0	0.0	15	0.0	6.05	0	0.29940119760479045	0.0	0.0	0.0	0.0	0.0	0.0	0.0	0.0
0	0.0	1.0	14	0.0	0.0	0	0.02881844380403458	0.0	0.0	0.0	0.0	0.0	0.0	0.0	0.0
5	0.0	0.0	32	0.0	15.54	0	0.010960105217010085	0.0	0.0	0.0	0.0	0.0	0.0	0.0	0.021240441801189464
0	0.0	0.0	18	0.0	0.0	0	0.0	0.15527950310559005	0.0	0.0	0.0	0.0	0.0	0.0	0.0
4	0.0	0.0	55	0.0133779264214046	14.88	0	0.021720243266724587	0.0	0.0	0.0	0.0	0.0	0.0	0.03258036490008688	0.015817779183802595
4	0.0	0.0	31	0.0	13.82	0	0.0	0.06891798759476224	0.0	1.0	0.0	0.0	0.0	0.0	0.0
1	0.0	0.0	0	0.0	16.58	0	0.0	0.12315270935960593	0.0	0.0	0.0	0.0	0.0	0.0	0.0
1	0.5	0.5	2	0.1938775510204081	35.62	0	0.02939447383891828	0.0	0.0	0.0	0.0	0.0	0.0	0.0	0.0
1	0.0	0.0	23	0.0	12.67	1	0.0	0.0	0.0	0.8	0.0	0.0	0.0	0.0	0.0
1	0.0	0.0	27	0.375	5.79	0	0.0	0.5747126436781609	0.0	0.5	0.0	0.0	0.0	0.0	0.0
2	0.0	0.0	39	0.0	8.34	0	0.08665511265164645	0.0	0.0	0.5	0.0	0.0	0.0	0.043327556325823226	0.0
0	0.0	0.0	0	0.0	16.44	0	0.0	0.038109756097560975	0.0	1.0	0.0	0.0	0.0	0.0	0.0
19	0.0	0.0	13	0.0	16.89	0	0.0	0.11014318614198458	0.0	0.6363636363636364	0.0	0.0	0.0	0.0	0.0
8	0.0	0.0	2	0.0	16.18	0	0.06165228113440198	0.0	0.0	0.0	0.0	0.0	0.0	0.0	0.0
0	0.0	0.0	17	0.3333333333333333	0.0	0	0.0	0.0	0.0	0.0	0.0	0.0	0.0	0.0	0.0
3	0.0	0.0	34	0.0	14.04	0	0.04177109440267335	0.0	0.0	0.0	0.0	0.0	0.0	0.0	0.0
1	0.0	0.0	0	0.0	16.78	0	0.0	0.3424657534246575	0.0	0.0	0.0	0.0	0.0	0.0	0.0
1	0.0	0.0	44	0.0	21.5	0	0.09242144177449169	0.0	0.0	0.5	0.0	0.0	0.0	0.0	0.0
7	0.0	0.0	2	0.0728476821192053	16.24	0	0.03562522265764161	0.0	0.0	0.5	0.0	0.0	0.0	0.0	0.0
4	0.0	0.0	2	0.0	27.56	0	0.0	0.05077430820005077	0.0	0.0	0.0	0.0	0.0	0.0	0.0
3	1.0	0.5	62	0.0138888888888888	0.89	1	0.6444444444444445	0.0	0.0	1.0	0.0	0.0	0.0	0.022222222222222223	0.23932987634623054
0	0.0	0.0	32	0.0	0.0	0	0.0	0.1488095238095238	0.0	0.0	0.0	0.0	0.0	0.0	0.1488095238095238
2	0.0	0.0	52	0.0	5.96	0	0.16025641025641024	0.0	0.0	0.0	0.0	0.0	0.0	0.0	0.0
0	0.0	0.0	25	0.0	15.55	0	0.024224806201550386	0.0	0.0	0.0	0.0	0.0	0.0	0.024224806201550386	0.0
0	0.0	0.0	6	0.0887096774193548	16.18	0	0.0945179584120983	0.0	0.0	0.0	0.0	0.0	0.0	0.0	0.0
1	0.0	0.0	23	0.25	5.03	0	0.0	2.0833333333333335	0.0	0.0	0.0	0.0	0.0	0.0	0.0
1	0.0	0.0	72	0.0666666666666666	9.14	0	0.0	0.07117437722419928	0.0	0.0	0.0	0.0	0.0	0.0	0.0
1	0.0	0.0	34	0.023972602739726002	15.83	0	0.0	0.020571898786257974	0.0	0.0	0.0	0.0	0.0	0.0	0.020571898786257974
2	0.0	0.0	37	0.0	17.04	0	0.0	0.6116207951070336	0.0	0.5	0.0	0.0	0.0	0.0	0.0
5	0.0	0.0	28	0.0	16.47	0	0.0	0.014039028499227852	0.0	0.0	0.0	0.0	0.0	0.0	0.007019514249613926
1	0.0	0.0	31	0.0	14.67	0	0.0	0.03450655624568668	0.0	0.0	0.0	0.0	0.0	0.0	0.0
2	0.0	0.0	36	0.1428571428571428	17.15	0	0.0	0.9433962264150942	0.0	0.0	0.0	0.0	0.0	0.0	0.0
0	0.0	0.0	44	0.0068965517241379	15.24	0	0.02243158366980709	0.0	0.0	0.0	0.0	0.0	0.0	0.0	0.0
0	0.0	0.0	1	0.0	16.99	0	0.0	0.3048780487804878	0.0	0.0	0.0	0.0	0.0	0.0	0.0
6	0.0	0.0	41	0.0	14.35	0	0.0	0.03632401017072285	0.0	0.0	0.0	0.0	0.0	0.02901073397156948	0.018162005085361425
0	0.0	0.0	0	0.0	16.21	0	0.0	0.027685492801771874	0.0	0.0	0.0	0.0	0.0	0.0	0.0
0	0.0	0.0	13	0.0	0.0	1	0.0	1.1904761904761905	0.0	1.0	0.0	0.0	0.0	0.0	0.0
0	0.0	1.0	26	0.0	0.0	1	0.639386189258312	0.4716981132075471	0.0	0.5555555555555556	0.0	0.0	0.0	0.0	0.0
0	0.0	0.0	18	0.0	0.0	0	0.04110152075626799	0.0	0.0	0.0	0.0	0.0	0.0	0.04110152075626799	0.0
2	0.0	0.0	2	0.0188679245283018	16.75	0	0.0	0.07299270072992702	0.0	0.0	0.0	0.0	0.0	0.0	0.0
4	0.0	0.0	23	0.0	9.58	0	0.0	0.1388888888888889	0.0	0.0	0.0	0.0	0.0	0.0	0.0
2	0.0	0.0	15	0.0	14.97	0	0.2331002331002331	0.0	0.0	0.0	0.0	0.0	0.0	0.0	0.0
3	0.0	0.0	45	0.0	15.06	0	0.02436647173489279	0.0	0.0	0.0	0.0	0.0	0.0	0.02436647173489279	0.0
2	0.0	0.0	1	0.0	16.65	0	0.02702702702702703	0.0	0.0	0.5	0.0	0.0	0.0	0.0	0.0
0	0.0	0.0	12	0.0952380952380952	1.89	0	1.0204081632653061	0.0	0.0	0.5	0.0	0.0	0.0	0.0	0.0
1	1.0	1.0	67	0.0891719745222929	8.55	1	0.5521472392638036	0.5255781359495445	0.0	0.4166666666666667	0.0	0.0	0.0	0.18404907975460122	0.40294323756131745
0	0.3333333333333333	0.0	5	0.425531914893617	0.0	0	0.1122334455667789	0.0	0.0	0.5	0.0	0.0	0.0	0.0	0.0
4	0.0	0.0	40	0.0101010101010101	16.02	0	0.02580312217778351	0.0	0.0	0.0	0.0	0.0	0.0	0.0	0.009082652134423252
8	0.0	0.0	0	0.3071895424836601	17.45	0	0.0	0.05714285714285714	0.0	2.0	0.0	0.0	0.0	0.0	0.0
1	0.0	0.0	44	0.0	14.12	0	0.0	0.029146021568055958	0.0	0.0	0.0	0.0	0.0	0.0	0.0
1	0.0	0.0	2	0.0	8.82	0	0.24958402662229617	0.0	0.0	0.0	0.0	0.0	0.0	0.0	0.0
3	0.0	0.0	19	0.0	16.12	0	0.02273760800363802	0.0	0.0	1.0	0.0	0.0	0.0	0.0	0.0
4	0.0	0.0	38	0.0	14.71	0	0.061443932411674354	0.0	0.0	0.0	0.0	0.0	0.0	0.0	0.015078407720144755
1	0.0	1.0	41	0.0	0.47	0	0.07607455306200077	0.0	0.0	0.0	0.0	0.0	0.0	0.0	0.06949270326615706
0	0.0	0.0	1	0.2450592885375494	17.0	0	0.0	0.04312203536006899	0.0	0.0	0.0	0.0	0.0	0.0	0.0
0	0.0	0.0	2	0.0	16.22	0	0.11918951132300357	0.0	0.0	0.0	0.0	0.0	0.0	0.0	0.0
1	0.0	0.0	20	0.1111111111111111	9.5	0	0.4854368932038835	0.0	0.0	0.0	0.0	0.0	0.0	0.0	0.0
4	0.0	0.0	16	0.0	13.44	0	0.24660912453760792	0.0	0.0	0.0	0.0	0.0	0.0	0.0	0.0
2	1.0	0.3333333333333333	7	0.0109090909090909	41.27	0	0.04433606739082244	0.0	0.0	1.5	0.0	0.0	0.0	0.0	0.0
1	0.0	0.0	23	0.0	9.5	0	0.5813953488372093	0.0	0.0	0.0	0.0	0.0	0.0	0.0	0.0
1	1.0	1.0	2	0.2857142857142857	8.49	0	0.04870920603994155	0.0	0.0	0.0	0.0	0.0	0.0	0.0	0.0
2	0.0	0.0	38	0.0449438202247191	15.35	0	0.024455857177794083	0.0	0.0	0.0	0.0	0.0	0.0	0.024455857177794083	0.0
3	0.0	0.0	32	0.0	10.28	0	0.1394700139470014	0.0	0.0	0.0	0.0	0.0	0.0	0.0	0.0
1	1.0	0.0	19	0.0	9.5	0	0.16339869281045752	0.0	0.0	0.0	0.0	0.0	0.0	0.0	0.0
0	0.0	0.0	14	0.0	0.0	0	0.0	0.4385964912280702	0.0	0.5	0.0	0.0	0.0	0.0	0.0
0	0.0	0.0	28	0.0	0.0	0	0.3184713375796178	0.0	0.0	0.5	0.0	0.0	0.0	0.0	0.0
1	0.0	0.0	0	0.0	16.5	0	0.0	0.2717391304347826	0.0	0.0	0.0	0.0	0.0	0.0	0.0
3	0.0	0.0	33	0.0	15.03	0	0.0	0.058892815076560655	0.0	0.0	0.0	0.0	0.0	0.0	0.058892815076560655
3	0.0	0.0	59	0.0	13.55	0	0.0	0.09006304413089161	0.0	1.3333333333333333	0.0	0.0	0.0	0.027616680475006903	0.0
2	0.0	0.0	24	0.0298507462686567	16.0	0	0.010559662090813094	0.0	0.0	0.0	0.0	0.0	0.0	0.010559662090813094	0.0
2	0.0	0.0	20	0.0	17.0	0	1.0	0.0	0.0	0.0	0.0	0.0	0.0	0.0	0.0
1	0.0	0.0	52	0.0	5.42	0	0.0	0.31446540880503143	0.0	3.0	0.0	0.0	0.0	0.0	0.31446540880503143
3	0.0	0.0	0	0.0	16.37	0	0.0	0.01004217714400482	0.0	0.0	0.0	0.0	0.0	0.0	0.0
0	1.0	0.0	23	0.1111111111111111	0.0	0	0.0	0.42016806722689076	0.0	0.0	0.0	0.0	0.0	0.0	0.0
1	0.0	0.0	0	0.0	17.02	0	0.0	0.7246376811594204	0.0	0.0	0.0	0.0	0.0	0.0	0.0
6	0.0	0.0	38	0.08943089430894301	15.75	0	0.01766472354707649	0.0	0.0	11.0	0.0	0.0	0.0	0.0	0.0
1	0.0	0.0	0	0.0	17.02	0	0.0	0.3246753246753247	0.0	0.0	0.0	0.0	0.0	0.0	0.0
1	0.0	0.0	36	0.0	14.92	0	0.016170763260025874	0.0	0.0	0.0	0.0	0.0	0.0	0.0	0.0
4	0.0	0.0	56	0.0	6.01	0	0.1724137931034483	0.0	0.0	0.0	0.0	0.0	0.0	0.0	0.0
5	0.0	0.0	59	0.0	13.5	0	0.013583265417006248	0.0	0.0	0.0	0.0	0.0	0.0	0.0	0.0
2	1.0	1.0	45	0.0	29.97	0	0.07163323782234957	0.0	0.0	0.5	0.0	0.0	0.0	0.0	0.0
2	0.0	0.0	0	0.0	16.7	0	0.0	0.2958579881656805	0.0	0.0	0.0	0.0	0.0	0.0	0.0
2	0.0	0.0	17	0.0	16.3	0	0.022573363431151242	0.0	0.0	0.0	0.0	0.0	0.0	0.0	0.0
1	0.0	0.0	0	0.0526315789473684	18.09	0	0.0	0.5395683453237411	0.0	1.0	0.0	0.0	0.0	0.0	0.0
8	0.0	0.0	20	0.0085470085470085	15.89	0	0.0	0.01103996467211305	0.0	0.0	0.0	0.0	0.0	0.0	0.01103996467211305
6	0.0	0.0	48	0.0	15.02	0	0.0	0.025354969574036514	0.0	0.0	0.0	0.0	0.0	0.0	0.03803245436105477
3	0.0	0.0	13	0.057471264367815994	15.97	0	0.0	0.02670940170940171	0.0	1.0	0.0	0.0	0.0	0.0	0.0
1	0.0	0.0	39	0.0	18.38	0	0.0	0.050505050505050504	0.0	0.0	0.0	0.0	0.0	0.0	0.025252525252525252
1	0.0	0.0	16	0.0	15.89	0	0.013017443374121324	0.0	0.0	1.0	0.0	0.0	0.0	0.0	0.0
0	0.0	0.0	38	0.0	0.0	0	0.0	0.3597122302158274	0.0	0.0	0.0	0.0	0.0	0.0	0.3597122302158274
3	0.0	0.0	49	0.0	15.76	0	0.0	0.019623233908948195	0.0	0.0	0.0	0.0	0.0	0.0	0.0
5	0.0	0.0	2	0.0	17.19	0	0.0	0.53475935828877	0.0	0.0	0.0	0.0	0.0	0.0	0.0
3	0.0	0.0	22	0.0	15.54	0	0.0	0.12150668286755771	0.0	0.0	0.0	0.0	0.0	0.0	0.0
1	0.0	0.0	15	0.0769230769230769	8.83	0	0.24509803921568626	0.0	0.0	0.0	0.0	0.0	0.0	0.0	0.0
1	0.0	0.0	34	0.0701754385964912	24.3	1	0.1680672268907563	0.1733102253032929	0.0	1.0	0.0	0.0	0.0	0.0	0.1733102253032929
1	0.0	0.0	35	0.0	12.7	0	0.0	0.023320895522388058	0.0	0.0	0.0	0.0	0.0	0.029481132075471695	0.023320895522388058
0	0.0	0.0	2	0.0632911392405063	17.17	0	0.0	0.07763975155279502	0.0	0.0	0.0	0.0	0.0	0.0	0.0
2	0.0	0.0	17	0.0	5.64	0	1.923076923076923	0.0	0.0	0.0	0.0	0.0	0.0	1.923076923076923	0.0
0	0.0	0.0	1	0.1739130434782608	17.52	0	0.35211267605633806	0.0	0.0	0.0	0.0	0.0	0.0	0.0	0.0
1	0.0	0.0	31	0.0	15.36	0	0.0	0.025284450063211127	0.0	0.0	0.0	0.0	0.0	0.0	0.0
4	0.0	0.0	55	0.0	4.93	0	0.0	0.39370078740157477	0.0	0.0	0.0	0.0	0.0	0.0	0.0
2	0.0	0.0	2	0.0062305295950155	13.2	0	0.016105653084232566	0.0	0.0	1.0	0.0	0.0	0.0	0.0	0.0
2	0.0	0.0	28	0.0093896713615023	15.77	0	0.01195886151638364	0.0	0.0	0.0	0.0	0.0	0.0	0.0	0.05941770647653001
0	0.0	0.0	17	0.0	0.0	0	0.0	0.07374631268436578	0.0	0.0	0.0	0.0	0.0	0.0	0.07374631268436578
3	0.0	0.0	23	0.1550387596899224	8.67	1	0.7908611599297012	0.0	0.0	1.0	0.0	0.0	0.0	0.0	0.04338394793926247
1	0.0	0.25	35	0.1927710843373494	20.5	0	0.1763668430335097	0.0	0.5	0.0	0.0	0.0	0.0	0.0	0.0
0	0.0	0.0	18	0.0	0.0	0	0.0	0.16556291390728478	0.0	0.0	0.0	0.0	0.0	0.0	0.16556291390728478
0	0.0	0.0	30	0.0714285714285714	0.0	0	0.06397952655150352	0.13793103448275862	0.0	0.0	0.0	0.0	0.0	0.03198976327575176	0.0
1	0.0	0.0	45	0.045045045045045	16.12	0	0.0	0.05411255411255411	0.0	0.0	0.0	0.0	0.0	0.0	0.10822510822510822
1	0.0	0.0	19	0.0816326530612244	9.5	0	0.24752475247524752	0.0	0.0	0.0	0.0	0.0	0.0	0.0	0.0
2	0.25	0.3333333333333333	51	0.0	16.27	0	0.017241379310344827	0.0	0.0	0.0	0.0	0.0	0.0	0.0	0.0
3	0.0	0.0	58	0.018018018018018004	8.1	0	0.07457121551081282	0.0	0.0	0.0	0.0	0.0	0.0	0.0	0.0
2	0.0	0.0	2	0.0479041916167664	16.67	0	0.029886431560071727	0.0	0.0	0.0	0.0	0.0	0.0	0.0	0.0
1	0.0	0.0	24	0.0	15.17	0	0.0	0.028943560057887122	0.0	0.0	0.0	0.0	0.0	0.0	0.0
1	0.0	0.0	4	0.0555555555555555	15.94	0	0.16778523489932887	0.0	0.0	0.0	0.0	0.0	0.0	0.0	0.0
1	0.0	0.0	6	0.1904761904761904	23.5	0	0.04812319538017324	0.0	0.0	1.0	0.0	0.0	0.0	0.0	0.0
3	0.0	0.0	30	0.0	15.21	0	0.0	0.03947887879984209	0.0	0.0	0.0	0.0	0.0	0.0	0.0
0	1.0	0.0	23	0.0	0.0	0	0.0	0.4854368932038835	0.0	0.0	0.0	0.0	0.0	0.0	0.0
1	0.0	0.0	17	0.0	10.2	0	0.1798561151079137	0.0	0.0	0.0	0.0	0.0	0.0	0.0	0.0
3	0.0	0.0	62	0.0	12.8	0	0.12077294685990339	0.0	0.0	0.5	0.0	0.0	0.0	0.0	0.0
3	0.0	0.0	17	0.009090909090909	15.98	0	0.0	0.02568053415511043	0.0	0.0	0.0	0.0	0.0	0.0	0.0
1	0.0	0.0	15	0.0	14.14	0	0.0	2.380952380952381	0.0	0.5	0.0	0.0	0.0	0.0	0.0
1	1.0	0.75	45	0.0	27.18	0	0.0	0.03790750568612585	0.0	0.0	0.0	0.0	0.0	0.0	0.018953752843062926
0	0.0	0.0	40	0.0898876404494382	14.2	0	0.02889338341519792	0.0	0.0	0.0	0.0	0.0	0.0	0.0	0.0
3	0.0	0.0	20	0.0	15.64	0	0.033489618218352314	0.0	0.0	0.0	0.0	0.0	0.0	0.0	0.0
4	0.0	0.0	26	0.0	20.1	0	0.0	0.2976190476190476	0.0	0.5	0.0	0.0	0.0	0.0	0.0
3	0.0	0.0	0	0.0212765957446808	16.82	0	0.02648305084745763	0.0	0.0	0.0	0.0	0.0	0.0	0.0	0.0
0	0.0	0.0	0	0.0	16.79	0	0.0	0.03419972640218878	0.0	2.0	0.0	0.0	0.0	0.0	0.0
4	0.0	0.0	37	0.0	15.71	0	0.01708233686368295	0.0	0.0	0.0	0.0	0.0	0.0	0.0	0.0075357950263752835
1	0.0	0.0	5	0.1052631578947368	15.36	0	0.39370078740157477	0.0	0.0	0.5	0.0	0.0	0.0	0.0	0.0
0	0.0	0.0	21	0.1764705882352941	15.27	0	0.0	0.5797101449275363	0.0	0.0	0.0	0.0	0.0	0.0	0.2898550724637681
3	0.0	0.0	46	0.0	5.01	0	1.7857142857142856	0.0	0.0	0.0	0.0	0.0	0.0	0.0	0.0
0	0.0	0.0	42	0.0	0.0	0	0.28735632183908044	0.0	0.0	0.0	0.0	0.0	0.0	0.0	0.0
3	0.3333333333333333	0.3333333333333333	0	0.0	16.6	0	0.0	0.027816411682892905	0.0	0.0	0.0	0.0	0.0	0.0	0.0
1	0.0	0.0	17	0.0	9.5	0	0.7692307692307692	0.0	0.0	0.0	0.0	0.0	0.0	0.0	0.0
5	0.0	0.5	42	0.0	34.79	0	0.07741935483870968	0.0	0.0	0.0	0.0	0.0	0.0	0.0	0.0
1	0.0	0.0	36	0.0	4.24	0	0.0	0.819672131147541	0.0	0.0	0.0	0.0	0.0	0.0	0.0
1	0.0	0.0	18	0.0	14.4	0	0.078064012490242	0.0	0.0	0.0	0.0	0.0	0.0	0.0	0.0
2	0.0	0.0	30	0.0	18.8	0	0.0	0.24875621890547267	0.0	0.0	0.0	0.0	0.0	0.0	0.12437810945273634
1	0.0	0.0	25	0.0	15.86	0	0.024009603841536616	0.0	0.0	0.5	0.0	0.0	0.0	0.024009603841536616	0.0
0	0.0	0.0	20	0.5172413793103449	0.0	0	0.1869158878504673	0.0	0.0	0.0	0.0	0.0	0.0	0.1869158878504673	0.0
1	0.0	0.0	0	0.0	9.5	0	0.0	0.2	0.0	0.0	0.0	0.0	0.0	0.0	0.0
1	0.0	0.0	0	0.0555555555555555	16.86	0	0.0	0.40322580645161293	0.0	0.25	0.0	0.0	0.0	0.0	0.0
1	0.0	0.0	0	0.0	16.3	0	0.0	0.12437810945273634	0.0	0.5	0.0	0.0	0.0	0.0	0.0
3	0.0	0.0	76	0.0	5.16	0	0.18315018315018314	0.0	0.0	1.0	0.0	0.0	0.0	0.0	0.0
3	0.0	0.0	2	0.0126984126984126	16.16	0	0.01881821603312006	0.0	0.0	0.0	0.0	0.0	0.0	0.0	0.0
1	0.0	0.0	2	0.0	16.54	0	0.0	0.39840637450199207	0.0	0.0	0.0	0.0	0.0	0.0	0.0
2	0.0	0.0	0	0.0682926829268292	16.64	0	0.0	0.021767522855899	0.0	0.0	0.0	0.0	0.0	0.0	0.0
1	0.0	0.0	1	0.0	14.5	0	0.0	0.1953125	0.0	0.0	0.0	0.0	0.0	0.0	0.0
0	0.0	0.5	51	0.0165289256198347	40.02	1	0.24611889435819764	0.39499670836076367	0.04	1.0	0.0	0.01893222264293828	0.0	0.2082544490723211	0.0
2	0.0	0.0	15	0.0	9.29	0	0.0	0.3067484662576687	0.0	1.0	0.0	0.0	0.0	0.0	0.0
2	0.0	0.0	27	0.006006006006006	15.73	0	0.018639328984156572	0.0	0.0	0.0	0.0	0.0	0.0	0.018639328984156572	0.0
4	0.0	0.0	0	0.0	16.42	0	0.0	0.021079258010118045	0.0	0.0	0.0	0.0	0.0	0.0	0.0
1	0.0	0.0	14	0.0	9.5	0	0.1694915254237288	0.0	0.0	0.0	0.0	0.0	0.0	0.0	0.0
3	0.0	0.0	32	0.0	14.37	0	0.044762757385854966	0.0	0.0	0.5	0.0	0.0	0.0	0.0	0.017692852087756547
0	0.0	0.0	32	0.0	0.0	0	0.0	0.16611295681063123	0.0	0.5	0.0	0.0	0.0	0.0	0.08305647840531562
5	0.0	0.0	34	0.0	14.72	0	0.0	0.034234851078397806	0.0	0.5	0.0	0.0	0.0	0.0	0.0
0	1.0	0.0	47	0.0	0.0	0	0.0	0.029481132075471695	0.0	0.0	0.0	0.0	0.0	0.0	0.029481132075471695
7	0.0	0.0	66	0.0	11.85	0	0.051639555899819264	0.0	0.0	0.0	0.0	0.0	0.0	0.0	0.0
1	0.0	0.0	0	0.0	17.53	0	0.0	1.0	0.0	0.0	0.0	0.0	0.0	0.0	0.0
1	0.0	0.0	0	0.0350877192982456	16.7	0	0.0	0.09372071227741331	0.0	0.5	0.0	0.0	0.0	0.0	0.0
2	0.0	0.0	0	0.0	17.25	0	0.0	3.3333333333333335	0.0	0.5	0.0	0.0	0.0	0.0	0.0
0	1.0	0.25	1	0.39130434782608703	25.7	0	0.09505703422053233	0.0	0.0	0.0	0.0	0.0	0.0	0.0	0.0
1	0.0	0.0	22	0.0	11.22	0	0.0	0.054764512595837894	0.0	0.0	0.0	0.0	0.0	0.0	0.0
2	0.0	0.0	37	0.0	15.63	0	0.0	0.27548209366391185	0.0	0.25	0.0	0.0	0.0	0.0	0.06887052341597796
2	0.0	0.0	16	0.0	14.99	0	0.044802867383512544	0.0	0.0	0.0	0.0	0.0	0.0	0.0	0.0
2	0.0	0.0	47	0.1071428571428571	14.79	0	0.022779043280182234	0.0	0.0	0.0	0.0	0.0	0.0	0.011389521640091117	0.0
1	1.0	0.0	17	0.1516853932584269	49.47	0	0.0	0.10695187165775401	0.0	0.0	0.0	0.0	0.0	0.0	0.0
0	0.0	0.0	45	0.2435233160621761	14.59	0	0.02372479240806643	0.0	0.0	1.0	0.0	0.0	0.0	0.0	0.016857720836142953
0	0.0	0.0	70	0.0	0.0	0	0.0	0.14836795252225518	0.0	0.0	0.0	0.0	0.0	0.0	0.0
2	0.0	0.0	39	0.0	15.03	0	0.0	0.03963535473642489	0.0	0.5	0.0	0.0	0.0	0.0	0.019817677368212445
2	0.0	0.0	28	0.3333333333333333	14.76	0	0.03432887058015791	0.0	0.0	0.0	0.0	0.0	0.0	0.0	0.0
1	0.0	0.0	18	0.0	10.33	0	0.0	0.42016806722689076	0.0	0.0	0.0	0.0	0.0	0.0	0.0
1	0.0	0.0	27	0.0	9.5	0	0.39370078740157477	0.0	0.0	0.0	0.0	0.0	0.0	0.0	0.0
1	0.0	0.0	0	0.0	17.61	0	0.0	0.6756756756756757	0.0	0.0	0.0	0.0	0.0	0.0	0.0
2	0.0	0.0	28	0.0	13.97	0	0.04244482173174873	0.0	0.0	0.5	0.0	0.0	0.0	0.021222410865874366	0.04081632653061224
2	0.0	0.0	34	0.0	14.96	0	0.0	0.016507098052162432	0.0	0.0	0.0	0.0	0.0	0.0	0.0
2	0.0	0.0	16	0.0206185567010309	15.56	0	0.042265426880811495	0.0	0.0	0.0	0.0	0.0	0.0	0.0	0.0
1	0.0	0.0	18	0.0544217687074829	21.0	0	0.0	0.045599635202918376	0.0	0.0	0.0	0.0	0.0	0.0	0.045599635202918376
0	0.0	0.0	19	0.2142857142857142	13.35	1	0.0	5.3921568627450975	0.0	1.0	0.0	0.0	0.0	0.0	0.0
1	0.0	0.0	45	0.0	5.23	0	0.16611295681063123	0.0	0.0	0.0	0.0	0.0	0.0	0.0	0.0
9	0.0	0.0	48	0.0	14.77	0	0.0	0.021473051320592657	0.0	0.5	0.0	0.0	0.0	0.0	0.010736525660296328
6	0.0	0.0	6	0.0088888888888888	16.63	0	0.020656889072505683	0.0	0.0	0.5	0.0	0.0	0.0	0.0	0.0
2	0.0	0.0	4	0.2642857142857143	16.14	0	0.046339202965708995	0.0	0.0	0.0	0.0	0.0	0.0	0.0	0.0
1	0.0	0.0	21	0.0	10.5	0	0.7751937984496123	0.0	0.0	0.0	0.0	0.0	0.0	0.0	0.0
0	0.0	0.0	34	0.125	0.0	0	0.0	0.03419972640218878	0.0	0.0	0.0	0.0	0.0	0.0	0.01709986320109439
2	0.0	0.0	22	0.0	15.64	0	0.0	0.016276041666666668	0.0	0.0	0.0	0.0	0.0	0.0	0.0
6	0.0	0.0	15	0.0288461538461538	50.35	0	0.35175879396984927	0.0	0.0	0.0	0.0	0.0	0.0	0.0	0.0
3	0.0	0.0	0	0.0272727272727272	23.95	0	0.0	0.06406149903907751	0.0	0.0	0.0	0.0	0.0	0.0	0.0
5	0.0	0.0	0	0.0	16.36	0	0.0	0.03209242618741977	0.0	0.0	0.0	0.0	0.0	0.0	0.0
2	0.0	0.0	0	0.1111111111111111	16.58	0	0.0	0.027639579878385848	0.0	0.0	0.0	0.0	0.0	0.0	0.0
1	0.5	1.0	15	0.0	6.0	0	0.04393673110720562	0.0	0.0	0.0	0.0	0.0	0.0	0.0	0.0
3	0.0	0.0	0	0.0	16.81	0	0.0	0.2801120448179272	0.0	0.0	0.0	0.0	0.0	0.0	0.0
1	1.0	1.0	34	0.0	10.84	0	0.04304778303917348	0.0	0.0	0.0	0.0	0.0	0.0	0.0	0.0
10	0.0	0.0	36	0.0	15.59	0	0.019171779141104295	0.0	0.0	0.5	0.0	0.0	0.0	0.0	0.0
1	0.0	0.0	16	0.0	5.84	0	0.9433962264150942	0.0	0.0	0.0	0.0	0.0	0.0	0.0	0.0
4	0.0	0.0	6	0.0	15.95	0	0.058997050147492625	0.0	0.0	0.0	0.0	0.0	0.0	0.0	0.0
2	0.0	0.0	0	0.0	14.1	0	0.0	0.13686131386861314	0.0	0.16666666666666666	0.0	0.0	0.0	0.0	0.0
1	0.0	0.0	0	0.0	11.0	0	0.0	6.25	0.0	0.0	0.0	0.0	0.0	0.0	0.0
0	0.0	0.0	0	0.0	17.49	0	0.0	0.07407407407407407	0.0	4.0	0.0	0.0	0.0	0.0	0.0
1	0.0	0.0	5	0.0	16.44	0	0.0	0.02849002849002849	0.0	3.0	0.0	0.0	0.0	0.0	0.0
0	0.0	0.0	37	0.0	0.0	0	0.0	0.031555695803092455	0.0	0.0	0.0	0.0	0.0	0.0	0.0
2	0.0	0.0	15	0.0	15.58	0	0.050125313283208024	0.0	0.0	0.5	0.0	0.0	0.0	0.0	0.0
1	0.0	0.0	0	0.0	16.31	0	0.0	0.08928571428571429	0.0	0.0	0.0	0.0	0.0	0.0	0.0
3	0.0	0.0	39	0.0	15.23	0	0.023369946249123627	0.0	0.0	0.0	0.0	0.0	0.0	0.011684973124561814	0.0
1	0.0	0.0	2	0.1	12.26	0	0.31545741324921134	0.0	0.0	0.5	0.0	0.0	0.0	0.0	0.0
0	0.0	0.0	0	0.0	16.63	0	0.0	0.029498525073746312	0.0	0.0	0.0	0.0	0.0	0.0	0.0
0	0.0	0.0	20	0.0	0.0	0	0.625	0.0	0.0	0.0	0.0	0.0	0.0	0.625	0.0
2	0.0	0.0	27	0.0	5.46	0	0.0	0.23255813953488372	0.0	0.0	0.0	0.0	0.0	0.0	0.23255813953488372
0	0.0	0.0	38	0.0	0.0	1	0.0	0.5555555555555556	0.0	1.0	0.0	0.0	0.0	0.0	0.0
6	0.0	0.0	50	0.023598820058997005	15.66	0	0.0	0.01778093883357041	0.0	0.0	0.0	0.0	0.0	0.0	0.0
3	0.0	0.0	64	0.0	11.42	0	0.03236245954692557	0.0	0.0	0.0	0.0	0.0	0.0	0.0	0.0
0	0.0	0.0	23	0.06	16.02	0	0.0	0.026364355391510677	0.0	0.0	0.0	0.0	0.0	0.0	0.0
1	0.0	0.0	17	0.0116959064327485	15.57	0	0.04081632653061224	0.0	0.0	0.5	0.0	0.0	0.0	0.0	0.0
1	0.0	0.0	36	0.0	10.0	0	0.0	0.3184713375796178	0.0	0.0	0.0	0.0	0.0	0.0	0.05307855626326964
1	0.0	0.0	37	0.125	6.0	0	0.27322404371584696	0.0	0.0	0.0	0.0	0.0	0.0	0.0	0.23255813953488372
2	0.0	0.0	1	0.0833333333333333	17.52	0	0.5494505494505494	0.0	0.0	1.0	0.0	0.0	0.0	0.0	0.0
2	0.0	0.0	0	0.0627062706270627	16.56	0	0.0	0.017304031839418584	0.0	0.0	0.0	0.0	0.0	0.0	0.0
2	0.0	0.0	46	0.0	15.33	0	0.019264110961279137	0.0	0.0	0.0	0.0	0.0	0.0	0.009632055480639569	0.0
1	0.0	0.0	0	0.0	9.5	0	0.0	1.102941176470588	0.0	0.0	0.0	0.0	0.0	0.0	0.0
2	0.0	0.0	45	0.0155038759689922	13.29	0	0.0	0.0477326968973747	0.0	1.0	0.0	0.0	0.0	0.0	0.0
5	0.0	0.0	26	0.0103092783505154	15.53	0	0.02701242571582928	0.0	0.0	0.0	0.0	0.0	0.0	0.0	0.0
3	0.0	0.0	67	0.0	5.26	0	0.22123893805309736	0.0	0.0	0.0	0.0	0.0	0.0	0.0	0.0
1	0.0	0.0	20	0.0	12.71	1	0.0	0.0	0.0	0.7272727272727273	0.0	0.0	0.0	0.0	0.0
3	0.0	0.0	75	0.0	9.94	0	0.2901023890784983	0.0	0.0	0.058823529411764705	0.0	0.0	0.0	0.0	0.0
1	0.0	0.0	30	0.0	15.47	0	0.013361838588989844	0.0	0.0	0.0	0.0	0.0	0.0	0.026723677177979688	0.0
0	0.0	0.0	13	0.0	6.73	0	2.380952380952381	0.0	0.0	0.0	0.0	0.0	0.0	0.0	0.0
10	0.0	0.0	48	0.0	15.13	0	0.0	0.009825112988799371	0.0	0.0	0.0	0.0	0.0	0.0	0.009825112988799371
1	1.0	0.3333333333333333	33	0.0	14.21	0	0.12605042016806722	0.0	0.0	0.3333333333333333	0.0	0.0	0.0	0.0	0.0
1	1.0	0.0	26	0.0	8.0	0	0.0	0.04020908725371934	0.0	0.0	0.0	0.0	0.0	0.0	0.0
2	0.0	0.0	33	0.1282051282051282	14.74	0	0.03749531308586426	0.0	0.0	1.0	0.0	0.0	0.0	0.01874765654293213	0.0
1	0.0	0.0	16	0.0	10.0	0	0.12820512820512822	0.0	0.0	0.5	0.0	0.0	0.0	0.0	0.0
0	0.0	0.0	19	0.0	0.0	0	0.04985044865403789	0.0	0.0	0.0	0.0	0.0	0.0	0.0	0.0
5	0.3333333333333333	1.0	1	0.0	20.9	0	0.03802281368821293	0.0	0.0	0.0	0.0	0.0	0.0	0.0	0.0
0	0.0	0.0	20	0.2777777777777778	8.62	0	0.1941747572815534	0.0	0.0	0.5	0.0	0.0	0.0	0.0	0.0
3	0.0	0.0	56	0.0	15.58	0	0.0	0.016725204883759826	0.0	0.0	0.0	0.0	0.0	0.0	0.0
0	0.0	0.0	34	0.0	0.0	0	0.07132667617689016	0.0	0.0	0.0	0.0	0.0	0.0	0.0	0.0
0	0.0	0.0	31	0.0	7.47	0	0.0	0.17421602787456444	0.0	0.0	0.0	0.0	0.0	0.0	0.17421602787456444
2	0.0	0.0	22	0.0	7.25	0	0.17123287671232876	0.0	0.0	0.0	0.0	0.0	0.0	0.0	0.0
1	0.0	0.0	0	0.0	16.45	0	0.0	0.2777777777777778	0.0	0.0	0.0	0.0	0.0	0.0	0.0
0	0.0	0.0	22	0.0	15.86	0	0.027210884353741496	0.0	0.0	0.0	0.0	0.0	0.0	0.0	0.0
1	0.0	0.0	0	0.0	16.66	0	0.0	0.030395136778115502	0.0	0.0	0.0	0.0	0.0	0.0	0.0
1	0.0	0.0	0	0.0	16.4	0	0.0	0.07385524372230429	0.0	0.5	0.0	0.0	0.0	0.0	0.0
3	0.0	0.0	45	0.0	13.8	0	0.04655493482309125	0.0	0.0	0.0	0.0	0.0	0.0	0.023277467411545624	0.0
0	0.0	1.0	29	0.0	0.0	0	0.0632111251580278	0.0	0.0	0.0	0.0	0.0	0.0	0.0	0.0
0	0.0	0.0	0	0.0	16.7	0	0.07704160246533127	0.0	0.0	2.0	0.0	0.0	0.0	0.0	0.0
1	0.0	0.0	0	0.0	9.5	0	0.0	0.10638297872340426	0.0	0.0	0.0	0.0	0.0	0.0	0.0
4	0.0	0.0	0	0.0129870129870129	16.76	0	0.031308703819661866	0.0	0.0	0.5	0.0	0.0	0.0	0.0	0.0
6	0.0	0.0	34	0.0	14.68	0	0.03415300546448087	0.0	0.0	0.0	0.0	0.0	0.0	0.03415300546448087	0.0
0	0.0	0.0	17	0.1428571428571428	0.0	0	0.0	266.6666666666667	0.0	0.0	0.0	0.0	0.0	0.0	0.0
2	0.0	0.0	45	0.0	15.51	0	0.017143836790673755	0.0	0.0	0.0	0.0	0.0	0.0	0.0	0.0
4	0.0	0.0	32	0.0	15.65	0	0.0	0.05938242280285036	0.0	0.0	0.0	0.0	0.0	0.0	0.05938242280285036
3	0.0	0.0	21	0.0098039215686274	15.5	0	0.034223134839151265	0.0	0.0	0.0	0.0	0.0	0.0	0.0	0.0
4	0.0	0.0	1	0.0088105726872246	16.08	0	0.0	0.017091095539224065	0.0	0.0	0.0	0.0	0.0	0.0	0.0
8	0.0	0.0	0	0.023076923076922995	16.72	0	0.0	0.012823800974608873	0.0	0.0	0.0	0.0	0.0	0.0	0.0
1	0.0	0.0	43	0.0	13.63	0	0.0	0.0426075841499787	0.0	0.5	0.0	0.0	0.0	0.0	0.0
2	0.0	0.0	53	0.125	11.8	0	1.0416666666666667	0.0	0.0	0.16666666666666666	0.0	0.0	0.0	0.0	0.0
1	0.0	0.0	0	0.0	13.92	0	0.0	2.2222222222222223	0.0	1.5	0.0	0.0	0.0	0.0	0.0
0	0.0	0.0	10	0.4117647058823529	0.0	0	1.1363636363636365	0.0	0.0	1.0	0.0	0.0	0.0	0.0	0.0
5	0.0	0.0	2	0.0	16.93	0	0.0	0.1524390243902439	0.0	0.0	0.0	0.0	0.0	0.0	0.0
2	0.0	0.0	0	0.0	16.24	0	0.0	0.09398496240601503	0.0	0.0	0.0	0.0	0.0	0.0	0.0
1	0.0	0.0	37	0.0	19.0	0	0.0	0.04870920603994155	0.0	0.0	0.0	0.0	0.0	0.0	0.024354603019970774
1	0.5	1.0	1	0.0	23.1	0	0.04748338081671415	0.0	0.0	0.0	0.0	0.0	0.0	0.0	0.0
2	0.0	0.0	49	0.0	13.81	0	0.0	0.028702640642939148	0.0	0.0	0.0	0.0	0.0	0.0	0.0
12	0.0	0.0	55	0.0	15.77	0	0.0	0.008369601606963508	0.0	1.0	0.0	0.0	0.0	0.0	0.008369601606963508
4	0.0	0.0	32	0.0	9.44	0	0.08488964346349746	0.0	0.0	0.0	0.0	0.0	0.0	0.0	0.0
2	0.0	0.0	24	0.0	5.99	0	0.4807692307692307	0.0	0.0	1.0	0.0	0.0	0.0	0.0	0.0
3	0.0	0.0	38	0.1301775147928994	14.66	0	0.0	0.038804811796662786	0.0	0.0	0.0	0.0	0.0	0.0	0.0
0	0.0	0.0	22	0.0	15.65	0	0.03293807641633729	0.0	0.0	0.0	0.0	0.0	0.0	0.03293807641633729	0.0
0	0.0	0.0	30	0.0	0.0	1	0.0	6.8965517241379315	0.0	0.5	0.0	0.0	0.0	0.0	0.0
3	0.0	0.0	44	0.0	7.0	0	0.30864197530864196	0.0	0.0	0.0	0.0	0.0	0.0	0.0	0.0
1	0.0	0.0	0	0.0	17.3	0	0.0	1.3888888888888888	0.0	0.0	0.0	0.0	0.0	0.0	0.0
2	0.0	0.0	43	0.16814159292035402	10.4	0	0.0334001336005344	0.0	0.0	0.0	0.0	0.0	0.0	0.0	0.0
1	0.0	0.0	60	0.0	5.71	0	0.14450867052023122	0.0	0.0	0.0	0.0	0.0	0.0	0.0	0.0
0	0.0	0.0	16	0.0	0.0	0	0.14836795252225518	0.0	0.0	0.0	0.0	0.0	0.0	0.0	0.0
1	0.0	0.0	0	0.0	17.62	0	0.0	0.5102040816326531	0.0	1.0	0.0	0.0	0.0	0.0	0.0
2	0.0	0.0	49	0.0	8.34	0	0.6802721088435374	0.0	0.0	0.0	0.0	0.0	0.0	0.0	0.0
0	0.0	0.0	24	0.15	0.0	1	1.0380622837370241	0.11820330969267138	0.0	0.75	0.0	0.0	0.0	0.0	0.11820330969267138
1	0.0	0.0	53	0.0	4.81	0	1.6666666666666667	0.0	0.0	0.25	0.0	0.0	0.0	0.0	0.0
1	1.0	0.0	37	0.0	0.75	1	4.098360655737705	0.0	0.0	0.2	0.0	0.0	0.0	3.6885245901639343	0.0
5	0.0	0.0	64	0.0	5.92	0	0.0	0.1111111111111111	0.0	0.5	0.0	0.0	0.0	0.0	0.0
7	0.0	0.0	61	0.0	14.76	0	0.0	0.018244845831052726	0.0	0.0	0.0	0.0	0.0	0.0	0.018244845831052726
2	0.0	0.0	20	0.1290322580645161	12.49	0	0.04149377593360996	0.0	0.0	0.0	0.0	0.0	0.0	0.0	0.0
2	0.0	0.0	2	0.3135593220338983	16.21	0	0.0	0.0632111251580278	0.0	0.0	0.0	0.0	0.0	0.0	0.0
1	0.0	0.0	18	0.0	9.5	0	0.06313131313131314	0.0	0.0	0.0	0.0	0.0	0.0	0.0	0.0
3	0.0	0.0	0	0.0	17.42	0	0.0	1.0638297872340425	0.0	0.0	0.0	0.0	0.0	0.0	0.0
1	0.0	0.0	5	0.0755813953488372	16.84	0	0.0	0.05955926146515784	0.0	0.0	0.0	0.0	0.0	0.0	0.0
1	0.0	0.0	28	0.0	6.43	0	0.15151515151515152	0.0	0.0	0.0	0.0	0.0	0.0	0.0	0.0
3	0.0	0.0	0	0.0606060606060606	17.28	0	0.0	0.037481259370314844	0.0	6.0	0.0	0.0	0.0	0.0	0.0
1	0.0	0.0	0	0.0142857142857142	17.22	0	0.0	0.07621951219512195	0.0	3.0	0.0	0.0	0.0	0.0	0.0
1	0.0	0.0	1	0.0	16.77	0	0.0	0.04765308553728854	0.0	0.0	0.0	0.0	0.0	0.0	0.0
3	0.0	0.0	16	0.0	15.71	0	0.0	0.019477989871445264	0.0	0.0	0.0	0.0	0.0	0.0	0.0
1	0.0	0.0	14	0.0	10.0	0	0.18518518518518517	0.0	0.0	0.0	0.0	0.0	0.0	0.0	0.0
1	0.0	0.0	0	0.0	16.27	0	0.0	0.029481132075471695	0.0	0.0	0.0	0.0	0.0	0.0	0.0
1	0.0	0.0	0	0.0	9.5	0	0.0	0.059665871121718374	0.0	0.0	0.0	0.0	0.0	0.0	0.0
0	1.0	0.0	33	0.1481481481481481	0.0	0	0.0	0.07363770250368189	0.0	0.0	0.0	0.0	0.0	0.0	0.07363770250368189
3	0.0	0.0	36	0.0	15.43	0	0.010582010582010581	0.0	0.0	0.0	0.0	0.0	0.0	0.031746031746031744	0.0
5	0.0	1.0	40	0.0	22.28	0	0.07878151260504201	0.0	0.0	0.3333333333333333	0.0	0.0	0.0	0.0	0.0
2	0.0	0.0	57	0.0	13.42	0	0.0	0.036284470246734396	0.0	0.5	0.0	0.0	0.0	0.0	0.0
1	0.0	0.0	18	0.0	7.23	0	0.0	0.21186440677966104	0.0	0.0	0.0	0.0	0.0	0.0	0.0
6	0.0	0.0	35	0.0	15.67	0	0.019312475859405175	0.0	0.0	0.0	0.0	0.0	0.0	0.019312475859405175	0.0
2	0.0	0.0	45	0.1085972850678733	14.55	0	0.025412960609911054	0.0	0.0	0.0	0.0	0.0	0.0	0.0	0.0
1	0.0	0.0	0	0.1	17.48	0	0.0	1.8181818181818181	0.0	0.0	0.0	0.0	0.0	0.0	0.0
1	0.0	0.0	28	0.27354260089686105	14.83	0	0.044345898004434586	0.0	0.0	0.0	0.0	0.0	0.0	0.044345898004434586	0.0
3	0.0	0.0	42	0.0	16.61	0	0.03275466754012447	0.0	0.0	0.0	0.0	0.0	0.0	0.0	0.02496255616575137
4	0.0	0.0	31	0.0078125	15.91	0	0.017642907551164433	0.0	0.0	0.5	0.0	0.0	0.0	0.0	0.0
0	0.0	0.0	0	0.0	17.33	0	0.0	0.37037037037037035	0.0	0.0	0.0	0.0	0.0	0.0	0.0
1	0.0	0.0	20	0.0	16.35	0	0.0192789666473877	0.0	0.0	0.0	0.0	0.0	0.0	0.0	0.0
1	0.0	0.0	0	0.0	16.23	0	0.013972334777141262	0.0	0.0	0.0	0.0	0.0	0.0	0.0	0.0
0	0.0	0.0	39	0.0	0.0	0	0.15527950310559005	0.0	0.0	0.0	0.0	0.0	0.0	0.0	0.0
0	0.0	0.0	69	0.0	14.1	0	0.0	0.026581605528973953	0.0	8.5	0.0	0.0	0.0	0.0	0.0
1	0.0	0.0	21	0.0	15.27	0	0.035868005738880916	0.0	0.0	0.0	0.0	0.0	0.0	0.0	0.0
4	0.0	0.0	22	0.0333333333333333	15.73	0	0.07052186177715092	0.0	0.0	0.0	0.0	0.0	0.0	0.0	0.0
1	0.0	0.0	31	0.0103092783505154	15.36	0	0.03253090435914119	0.0	0.0	0.0	0.0	0.0	0.0	0.0	0.0
1	0.0	0.0	44	0.0	15.54	0	0.008260366760284157	0.0	0.0	1.0	0.0	0.0	0.0	0.0	0.0
1	0.0	0.0	10	0.2475247524752475	16.69	0	0.0791139240506329	0.0	0.0	4.0	0.0	0.0	0.0	0.0791139240506329	0.06406149903907751
1	0.0	0.0	24	0.0	6.98	0	0.2066115702479339	0.0	0.0	0.0	0.0	0.0	0.0	0.0	0.0
0	0.0	0.0	21	0.0	0.0	0	0.42372881355932207	0.0	0.0	0.0	0.0	0.0	0.0	0.0	0.0
2	0.0	0.0	21	0.0508474576271186	18.65	0	0.047103155911446065	0.0	0.0	0.5	0.0	0.0	0.0	0.047103155911446065	0.0
1	0.0	0.0	0	0.0	10.5	0	0.0	0.3184713375796178	0.0	1.0	0.0	0.0	0.0	0.0	0.0
2	0.0	0.0	0	0.0	16.72	0	0.0	0.1597444089456869	0.0	0.0	0.0	0.0	0.0	0.0	0.0
4	0.0	0.0	14	0.0384615384615384	15.34	0	0.0	0.0427715996578272	0.0	0.0	0.0	0.0	0.0	0.0	0.0
5	0.0	0.0	0	0.0869565217391304	17.21	0	0.0	0.20746887966804978	0.0	0.5	0.0	0.0	0.0	0.0	0.0
1	0.0	0.0	17	0.125	9.5	0	0.36101083032490977	0.0	0.0	0.0	0.0	0.0	0.0	0.0	0.0
2	0.0	0.0	65	0.0	12.71	0	0.06934812760055478	0.0	0.0	0.25	0.0	0.0	0.0	0.0	0.0
5	0.0	0.0	76	0.0	5.77	0	0.0	0.19607843137254904	0.0	0.0	0.0	0.0	0.0	0.0	0.0
2	0.0	0.0	16	0.0	6.23	0	0.7936507936507936	0.0	0.0	0.0	0.0	0.0	0.0	0.0	0.0
3	0.0	0.0	0	0.0	16.25	0	0.0	0.02151462994836489	0.0	0.0	0.0	0.0	0.0	0.0	0.0
2	0.0	0.0	42	0.0	19.7	0	0.0	0.08833922261484099	0.0	0.0	0.0	0.0	0.0	0.0	0.044169611307420496
2	1.0	0.0	11	0.1181434599156118	5.53	0	0.06307821698906645	0.0	0.0	1.3333333333333333	0.0	0.0	0.0	0.0	0.0
3	0.0	0.0	0	0.0566037735849056	9.91	0	0.0	0.08741258741258742	0.0	0.0	0.0	0.0	0.0	0.0	0.0
2	0.0	0.0	6	0.0	15.64	0	0.0	0.08264462809917356	0.0	1.0	0.0	0.0	0.0	0.0	0.0
1	0.0	0.0	43	0.0	7.09	0	0.10277492291880781	0.0	0.0	0.0	0.0	0.0	0.0	0.051387461459403906	0.0
1	0.0	0.0	0	0.0	16.87	0	0.0	0.4065040650406504	0.0	0.0	0.0	0.0	0.0	0.0	0.0
5	0.0	0.0	40	0.074074074074074	14.18	0	0.043215211754537596	0.0	0.0	0.0	0.0	0.0	0.0	0.021607605877268798	0.0
5	0.0	0.0	33	0.0	11.29	0	0.0	0.23557126030624262	0.0	0.125	0.0	0.0	0.0	0.0	0.0
1	0.0	0.0	0	0.0	11.5	0	0.0	0.0847457627118644	0.0	0.0	0.0	0.0	0.0	0.0	0.0
3	0.0	0.0	47	0.0303030303030303	7.09	0	0.04854368932038835	0.0	0.0	0.0	0.0	0.0	0.0	0.0	0.0
1	0.0	0.0	1	0.0	16.43	0	0.27932960893854747	0.0	0.0	0.5	0.0	0.0	0.0	0.0	0.0
0	0.0	0.0	43	0.3875598086124402	4.34	0	0.0	0.04319654427645789	0.0	1.0	0.0	0.0	0.0	0.0	0.0
0	0.0	0.0	14	0.0	0.0	0	0.16722408026755853	0.0	0.0	0.0	0.0	0.0	0.0	0.0	0.0
0	0.0	0.0	19	0.1551724137931034	0.0	0	0.04748338081671415	0.0	0.0	1.0	0.0	0.0	0.0	0.0	0.0
1	0.0	0.0	35	0.3877551020408163	11.91	0	0.0	0.031347962382445145	0.0	0.0	0.0	0.0	0.0	0.0	0.0
1	0.0	0.0	42	0.0	14.76	0	0.03568879371877231	0.0	0.0	0.0	0.0	0.0	0.0	0.017844396859386154	0.0
0	0.0	0.0	19	0.0	0.0	0	0.27624309392265195	0.0	0.0	0.0	0.0	0.0	0.0	0.0	0.0
1	0.0	0.0	0	0.1	9.5	0	0.0	0.4807692307692307	0.0	0.0	0.0	0.0	0.0	0.0	0.0
0	1.0	0.0	21	0.0851063829787234	0.0	0	0.0	0.06195786864931846	0.0	0.0	0.0	0.0	0.0	0.0	0.06195786864931846
2	1.0	0.5	16	0.0	9.75	0	0.5012531328320802	0.0	0.0	0.16666666666666666	0.0	0.0	0.0	0.0	0.0
1	0.0	0.0	0	0.0	16.42	0	0.0	0.16447368421052633	0.0	0.0	0.0	0.0	0.0	0.0	0.0
3	0.0	0.0	29	0.0	11.51	0	0.0	0.15060240963855423	0.0	0.0	0.0	0.0	0.0	0.0	0.0
2	0.0	0.0	0	0.0	17.17	0	0.0	0.08453085376162299	0.0	1.0	0.0	0.0	0.0	0.0	0.0
9	0.0	0.0	2	0.0	16.59	0	0.0	0.02135383301302584	0.0	0.0	0.0	0.0	0.0	0.0	0.0
0	0.0	0.0	15	0.0	0.0	0	0.10090817356205853	0.0	0.0	0.0	0.0	0.0	0.0	0.0	0.0
2	0.0	0.0	6	0.0	15.92	0	0.22026431718061673	0.0	0.0	0.0	0.0	0.0	0.0	0.0	0.0
0	0.0	0.0	23	0.0	0.0	0	0.0	0.4424778761061947	0.0	0.0	0.0	0.0	0.0	0.0	0.4424778761061947
0	0.0	0.0	2	0.3478260869565217	9.41	0	0.0	0.11312217194570136	0.0	0.5	0.0	0.0	0.0	0.0	0.0
2	0.0	0.0	14	0.0	16.86	0	0.0	0.022583559168925023	0.0	0.0	0.0	0.0	0.0	0.0	0.0
0	0.0	0.0	19	0.0217391304347826	15.15	0	0.0	0.049236829148202856	0.0	0.5	0.0	0.0	0.0	0.0	0.0
0	0.5	1.0	11	0.2714285714285714	0.0	0	0.0	0.06693440428380187	0.0	1.0	0.0	0.0	0.0	0.0	0.0
1	0.0	0.0	19	0.0104166666666666	16.78	0	0.0	0.03050640634533252	0.0	0.0	0.0	0.0	0.0	0.0	0.03050640634533252
4	0.0	0.0	35	0.0	15.61	0	0.0	0.009402030838661151	0.0	0.0	0.0	0.0	0.0	0.0	0.0
4	0.5	0.0	31	0.06	18.66	0	0.052164840897235255	0.0	0.0	0.0	0.0	0.0	0.0	0.0	0.0
1	0.0	0.0	0	0.0	16.37	0	0.0	0.21097046413502107	0.0	0.5	0.0	0.0	0.0	0.0	0.0
3	0.0	0.0	58	0.0	5.51	0	0.31545741324921134	0.0	0.0	2.5	0.0	0.0	0.0	0.15772870662460567	0.0
1	0.0	0.0	0	0.0	16.65	0	0.0	0.11792452830188678	0.0	0.0	0.0	0.0	0.0	0.0	0.0
0	0.0	0.0	19	0.0	0.0	0	0.7299270072992701	0.0	0.0	0.0	0.0	0.0	0.0	0.0	0.0
1	0.0	0.0	24	0.0	15.28	0	0.037425149700598806	0.0	0.0	0.0	0.0	0.0	0.0	0.0	0.0
1	0.0	0.0	53	0.0	11.37	0	0.037481259370314844	0.0	0.0	0.0	0.0	0.0	0.0	0.037481259370314844	0.0
1	0.0	0.0	0	0.0241935483870967	16.6	0	0.0	0.06056935190793458	0.0	0.0	0.0	0.0	0.0	0.0	0.0
0	0.0	0.0	41	0.0	0.0	0	0.23148148148148145	0.0	0.0	0.0	0.0	0.0	0.0	0.23148148148148145	0.0
3	0.0	0.0	1	0.0	16.15	0	0.02573340195573855	0.0	0.0	0.0	0.0	0.0	0.0	0.0	0.0
10	0.0	0.0	41	0.0	15.71	0	0.016539861065167052	0.0	0.0	0.0	0.0	0.0	0.0	0.0	0.0
1	0.0	0.0	25	0.0137931034482758	38.52	0	0.06966213862765587	0.0	0.0	0.0	0.0	0.0	0.0	0.034831069313827935	0.0
6	0.0	0.0	28	0.0	16.23	0	0.01668613382279326	0.0	0.0	0.0	0.0	0.0	0.0	0.0	0.0
5	0.0	0.0	45	0.0	10.77	0	0.09299442033477992	0.0	0.0	1.3333333333333333	0.0	0.0	0.0	0.0	0.0
0	0.0	0.0	18	0.0	0.0	0	0.0	0.1941747572815534	0.0	0.0	0.0	0.0	0.0	0.0	0.1941747572815534
3	0.0	0.0	54	0.0833333333333333	9.71	0	0.4132231404958678	0.0	0.0	0.0	0.0	0.0	0.0	0.0	0.0
1	0.0	0.0	0	0.0	16.65	0	0.03278688524590164	0.0	0.0	0.0	0.0	0.0	0.0	0.0	0.0
7	0.0	0.0	38	0.0	15.73	0	0.0	0.0142836737608913	0.0	1.0	0.0	0.0	0.0	0.0	0.00714183688044565
3	0.0	0.0	1	0.0	16.3	0	0.028579594169762787	0.0	0.0	0.0	0.0	0.0	0.0	0.0	0.0
7	0.0	0.0	42	0.008	15.44	0	0.0	0.024826216484607744	0.0	0.0	0.0	0.0	0.0	0.0	0.008275405494869248
2	0.5	1.0	37	0.0079051383399209	58.92	0	0.0	0.0322026620867325	0.0	0.0	0.0	0.0	0.0	0.0	0.0
0	0.0	0.0	0	0.0	16.88	0	0.0	0.05931198102016608	0.0	0.0	0.0	0.0	0.0	0.0	0.0
7	0.0	0.0	31	0.0	14.15	0	0.14154281670205238	0.0	0.0	0.25	0.0	0.0	0.0	0.0	0.0
3	0.0	0.0	32	0.0	15.04	0	0.029726516052318668	0.0	0.0	0.0	0.0	0.0	0.0	0.0	0.0
1	0.0	0.0	0	0.0	16.41	0	0.0	0.2631578947368421	0.0	0.0	0.0	0.0	0.0	0.0	0.0
2	0.0	0.0	48	0.048780487804878	13.87	0	0.0	0.023496240601503758	0.0	0.0	0.0	0.0	0.0	0.0	0.0
2	0.0	0.0	16	0.0	14.31	0	0.04452359750667854	0.0	0.0	2.0	0.0	0.0	0.0	0.0	0.0
1	0.0	0.0	49	0.0	8.49	0	0.08347245409015025	0.0	0.0	0.0	0.0	0.0	0.0	0.0	0.0
1	0.0	0.0	47	0.0	13.17	0	0.02074688796680498	0.0	0.0	1.0	0.0	0.0	0.0	0.04149377593360996	0.0
2	1.0	1.0	30	0.0	8.59	0	0.04906771344455348	0.0	0.0	0.0	0.0	0.0	0.0	0.02453385672227674	0.0
2	0.0	0.0	14	0.0	16.16	0	0.11179429849077696	0.0	0.0	0.0	0.0	0.0	0.0	0.0	0.0
2	0.0	0.0	34	0.0	6.03	0	0.2577319587628866	0.0	0.0	0.5	0.0	0.0	0.0	0.0	0.0
1	0.0	0.0	44	0.0	11.46	0	0.04880429477794046	0.0	0.0	0.0	0.0	0.0	0.0	0.07320644216691069	0.0
3	1.0	1.0	19	0.0	15.5	0	0.0962772785622593	0.0	0.0	0.0	0.0	0.0	0.0	0.0	0.0
1	0.0	0.0	0	0.0	16.96	0	0.0	0.30864197530864196	0.0	0.0	0.0	0.0	0.0	0.0	0.0
1	0.0	1.0	2	0.0465116279069767	15.0	0	0.3125	0.0	0.0	0.0	0.0	0.0	0.0	0.0	0.0
1	0.0	0.0	42	0.0	5.16	0	0.7843137254901962	0.0	0.0	0.25	0.0	0.0	0.0	0.0	0.0
5	0.0	1.0	15	0.1169230769230769	14.02	0	0.2724795640326976	0.0	0.0	0.0	0.0	0.0	0.0	0.0	0.0
1	0.0	0.0	0	0.0	16.77	0	0.0	0.07127583749109052	0.0	0.0	0.0	0.0	0.0	0.0	0.0
1	0.5	0.5	46	0.0	15.5	0	0.0	0.07880220646178093	0.0	0.0	0.0	0.0	0.0	0.0	0.039401103230890466
2	1.0	0.0	27	0.0	45.96	1	0.055401662049861494	0.4881450488145048	0.0	0.6521739130434783	0.0	0.0	0.0	0.055401662049861494	0.0
2	0.0	0.0	35	0.0	19.36	0	0.0	0.11160714285714285	0.0	0.5	0.0	0.0	0.0	0.0	0.0
1	0.0	0.0	40	0.0	0.5	0	0.0	0.04363001745200698	0.0	0.0	0.0	0.0	0.0	0.0	0.02181500872600349
0	0.0	0.0	33	0.0	0.0	0	0.0	0.03802281368821293	0.0	0.0	0.0	0.0	0.0	0.0	0.019011406844106463
3	1.0	1.0	33	0.0185185185185185	26.22	0	0.0	0.040749796251018745	0.0	0.0	0.0	0.0	0.0	0.08658008658008658	0.0
2	1.0	0.0	14	0.145631067961165	18.83	0	0.0	0.3787878787878788	0.0	0.0	0.0	0.0	0.0	0.0	0.0
1	0.0	0.0	46	0.0	15.09	0	0.0	0.03690036900369004	0.0	0.0	0.0	0.0	0.0	0.0	0.0
2	0.0	0.0	39	0.0	15.32	0	0.02092925910422771	0.0	0.0	0.0	0.0	0.0	0.0	0.0	0.0
1	0.0	0.0	20	0.0	5.87	0	0.0	0.38167938931297707	0.0	0.0	0.0	0.0	0.0	0.0	0.38167938931297707
0	0.0	0.0	17	0.6666666666666666	0.0	0	0.0	0.0	0.0	0.0	0.0	0.0	0.0	0.0	0.0
0	0.0	0.0	28	0.1666666666666666	0.0	0	0.0	0.4273504273504274	0.0	0.0	0.0	0.0	0.0	0.0	0.0
1	0.0	0.0	15	0.0	5.75	0	0.641025641025641	0.0	0.0	0.0	0.0	0.0	0.0	0.0	0.0
2	0.0	0.0	25	0.0	10.84	0	0.0992063492063492	0.0	0.0	0.0	0.0	0.0	0.0	0.0	0.0
0	1.0	0.0	21	0.0	0.0	0	0.0	0.01823486506199854	0.0	0.0	0.0	0.0	0.0	0.0	0.01823486506199854
0	0.0	0.0	22	0.0	0.0	1	0.662251655629139	1.1049723756906078	0.0	0.8571428571428571	0.0	0.0	0.0	0.44150110375275936	0.0
0	0.0	0.0	0	0.0620155038759689	17.22	0	0.0	0.03695491500369549	0.0	2.0	0.0	0.0	0.0	0.0	0.0
3	0.0	0.0	32	0.0	15.7	0	0.17857142857142858	0.0	0.0	0.0	0.0	0.0	0.0	0.0	0.0
1	1.0	0.5	73	0.0	33.62	0	0.03496503496503496	0.0	0.0	0.0	0.0	0.01748251748251748	0.0	0.0	0.0
0	0.0	0.0	17	0.0	0.0	0	0.30120481927710846	0.0	0.0	0.0	0.0	0.0	0.0	0.0	0.0
2	0.0	0.0	30	0.0	14.23	0	0.04962779156327544	0.0	0.0	0.0	0.0	0.0	0.0	0.0	0.0
1	0.0	0.0	43	0.0	14.32	0	0.032	0.0	0.0	0.0	0.0	0.0	0.0	0.0	0.014297969688304261
6	0.0	0.0	26	0.1330275229357798	15.62	0	0.0	0.030003000300030006	0.0	0.0	0.0	0.0	0.0	0.0	0.0
1	0.0	0.0	0	0.0	16.23	0	0.0	0.029886431560071727	0.0	0.0	0.0	0.0	0.0	0.0	0.0
1	0.0	0.0	31	0.3401360544217687	12.39	0	0.06896551724137931	0.0	0.0	1.0	0.0	0.0	0.0	0.06896551724137931	0.0
0	0.0	0.0	61	0.0098522167487684	12.69	0	0.03250975292587776	0.0	0.0	0.0	0.0	0.0	0.0	0.0	0.0
2	0.0	0.0	20	0.0	6.17	0	0.28901734104046245	0.0	0.0	0.0	0.0	0.0	0.0	0.0	0.0
0	0.0	0.0	10	0.0	0.0	1	0.0	0.4166666666666667	0.0	1.0	0.0	0.0	0.0	0.0	0.0
8	0.0	0.0	2	0.0	16.69	0	0.017917935853789643	0.0	0.0	0.0	0.0	0.0	0.0	0.0	0.0
1	1.0	0.0	37	0.0	0.5	0	0.0	0.03250975292587776	0.0	0.0	0.0	0.0	0.0	0.0	0.01625487646293888
6	0.0	0.0	0	0.0	17.31	0	0.0	0.4347826086956522	0.0	0.0	0.0	0.0	0.0	0.0	0.0
2	0.0	0.0	2	0.0	16.17	0	0.0	0.03707823507601039	0.0	1.0	0.0	0.0	0.0	0.0	0.0
2	0.0	0.0	1	0.0	16.36	0	0.0	0.028336639274582034	0.0	0.0	0.0	0.0	0.0	0.0	0.0
1	0.0	0.0	12	0.0384615384615384	16.5	0	0.0	0.040096230954290296	0.0	1.0	0.0	0.0	0.0	0.0	0.0
2	1.0	1.0	2	0.0	18.01	0	0.0	0.0791765637371338	0.0	0.0	0.0	0.0	0.0	0.0	0.0
1	0.0	0.0	16	0.0	5.23	0	50.0	0.0	0.0	0.0	0.0	0.0	0.0	0.0	0.0
3	0.0	0.0	42	0.0	10.67	0	0.057803468208092484	0.0	0.0	0.5	0.0	0.0	0.0	0.0	0.0
3	0.0	0.0	54	0.0	12.83	0	0.04608294930875576	0.0	0.0	0.0	0.0	0.0	0.0	0.0	0.0
3	0.0	1.0	24	0.0	26.56	0	0.03597122302158273	0.0	0.0	0.5	0.0	0.0	0.0	0.0	0.0
4	0.0	0.0	0	0.0	16.44	0	0.0	0.048285852245292124	0.0	0.0	0.0	0.0	0.0	0.0	0.0
2	0.0	0.0	24	0.0	4.93	0	0.0	1.0416666666666667	0.0	0.0	0.0	0.0	0.0	0.0	0.0
1	0.0	0.0	0	0.0	17.01	0	0.0	0.3333333333333333	0.0	0.0	0.0	0.0	0.0	0.0	0.0
2	0.0	0.0	18	0.0	9.43	0	0.0	0.2293577981651376	0.0	0.0	0.0	0.0	0.0	0.0	0.0
1	0.0	0.0	23	0.0441176470588235	15.07	0	0.09328358208955223	0.0	0.0	1.0	0.0	0.0	0.0	0.0	0.0
0	0.0	0.0	0	0.3370786516853932	16.08	0	0.09671179883945842	0.0	0.0	0.5	0.0	0.0	0.0	0.0	0.0
1	0.0	0.0	40	0.0	13.49	0	0.0	0.03869969040247678	0.0	0.0	0.0	0.0	0.0	0.0	0.0
5	0.0	0.0	41	0.0	8.54	0	0.07942811755361398	0.0	0.0	0.0	0.0	0.0	0.0	0.0	0.0
5	0.0	0.0	37	0.0	15.02	0	0.027181299266104922	0.0	0.0	0.0	0.0	0.0	0.0	0.0	0.0
1	0.0	0.0	48	0.0344827586206896	7.87	0	0.0	0.06702412868632708	0.0	0.5	0.0	0.0	0.0	0.0	0.06702412868632708
4	0.0	0.0	19	0.0	16.04	0	0.0	0.023849272597185785	0.0	0.0	0.0	0.0	0.0	0.0	0.023849272597185785
1	0.0	0.0	2	0.0304568527918781	16.31	0	0.0	0.031230480949406617	0.0	0.5	0.0	0.0	0.0	0.0	0.0
0	0.0	0.0	37	0.0	0.0	1	0.0	1.4545454545454546	0.0	0.625	0.0	0.0	0.0	0.0	0.5454545454545454
3	0.0	0.0	47	0.0	15.23	0	0.019696671262556628	0.0	0.0	1.0	0.0	0.0	0.0	0.009848335631278314	0.0149678191887442
1	0.0	0.0	61	0.2222222222222222	7.5	0	0.0	0.05555555555555555	0.0	1.0	0.0	0.0	0.0	0.0	0.0
1	0.0	0.0	0	0.0	16.54	0	0.0	0.21186440677966104	0.0	0.0	0.0	0.0	0.0	0.0	0.0
5	0.0	0.0	21	0.0126182965299684	15.76	0	0.025846471956577927	0.0	0.0	0.0	0.0	0.0	0.0	0.0	0.0
5	0.0	0.0	17	0.018018018018018004	15.25	0	0.0	0.03972983710766786	0.0	0.0	0.0	0.0	0.0	0.0	0.0
0	0.5	0.0	16	0.0909090909090909	0.0	1	0.0	0.18264840182648404	0.0	1.25	0.0	0.0	0.0	0.0	0.0
0	0.0	0.0	26	0.0	0.0	0	0.0	0.06097560975609757	0.0	1.0	0.0	0.0	0.0	0.0	0.0
2	0.0	0.0	49	0.0	5.94	0	0.0	1.4336917562724014	0.0	0.125	0.0	0.0	0.0	0.0	0.0
1	0.0	0.0	21	0.0	9.5	0	0.10660980810234541	0.0	0.0	0.0	0.0	0.0	0.0	0.0	0.0
2	0.0	0.0	1	0.0	19.94	0	0.056753688989784334	0.0	0.0	0.0	0.0	0.0	0.0	0.0	0.0
1	0.0	0.0	35	0.0	5.25	0	0.9090909090909091	0.0	0.0	0.0	0.0	0.0	0.0	0.45454545454545453	0.0
1	1.0	0.0	35	0.0	12.5	0	0.043346337234503686	0.0	0.0	0.0	0.0	0.0	0.0	0.0	0.0
2	0.0	0.0	33	0.2	14.57	0	0.034071550255536626	0.0	0.0	0.5	0.0	0.0	0.0	0.017035775127768313	0.0
2	0.0	0.0	45	0.0	6.02	0	0.0	0.16556291390728478	0.0	0.0	0.0	0.0	0.0	0.0	0.0
0	0.0	0.0	17	0.0454545454545454	0.0	0	0.0	0.10482180293501049	0.0	0.0	0.0	0.0	0.0	0.0	0.0
2	0.0	0.0	16	0.0	16.28	0	0.02556237218813906	0.0	0.0	0.5	0.0	0.0	0.0	0.0	0.0
1	0.0	0.0	17	0.0	16.62	0	0.0	0.050505050505050504	0.0	0.0	0.0	0.0	0.0	0.0	0.0
1	0.0	0.0	26	0.0	9.5	0	0.16611295681063123	0.0	0.0	0.0	0.0	0.0	0.0	0.0	0.0
7	0.0	0.0	52	0.0	15.66	0	0.013395847287340923	0.0	0.0	0.0	0.0	0.0	0.0	0.0	0.0
3	0.0	0.0	0	0.0	16.33	0	0.01714971702966901	0.0	0.0	0.0	0.0	0.0	0.0	0.0	0.0
0	0.0	0.0	31	0.1739130434782608	0.0	0	0.0	0.061576354679802964	0.0	0.0	0.0	0.0	0.0	0.0	0.061576354679802964
2	0.0	0.0	1	0.2	16.71	0	0.04061738424045491	0.0	0.0	1.0	0.0	0.0	0.0	0.0	0.0
0	1.0	0.0	31	0.0	0.0	0	0.04982561036372696	0.0	0.0	0.0	0.0	0.0	0.0	0.02491280518186348	0.0
0	0.0	0.0	47	0.0	21.04	0	2.7777777777777777	0.0	0.0	0.0	0.0	0.0	0.0	0.0	0.0
1	0.0	0.0	18	0.0	0.5	0	0.0	0.27322404371584696	0.0	0.5	0.0	0.0	0.0	0.0	0.0
2	0.0	0.0	43	0.0	15.16	0	0.0	0.06784260515603799	0.0	0.0	0.0	0.0	0.0	0.0	0.033921302578018994
0	0.0	0.0	14	0.0	0.0	0	0.0	0.1736111111111111	0.0	0.0	0.0	0.0	0.0	0.0	0.0
3	0.0	0.0	43	0.073469387755102	15.21	0	0.019743336623889437	0.0	0.0	0.0	0.0	0.0	0.0	0.0	0.01224889759921607
1	0.5	1.0	40	0.0	9.43	0	0.0	0.03795066413662239	0.0	0.0	0.0	0.0	0.0	0.0	0.018975332068311195
1	0.0	0.0	16	0.0	10.0	0	0.8474576271186441	0.0	0.0	0.0	0.0	0.0	0.0	0.0	0.0
3	0.5	0.0	41	0.0	16.53	0	0.0	0.051546391752577324	0.0	0.0	0.0	0.0	0.0	0.009164222873900292	0.025773195876288662
1	0.6666666666666666	0.5	23	0.0240963855421686	13.2	0	0.0	0.02952465308532625	0.0	0.5	0.0	0.0	0.0	0.0	0.014762326542663125
0	0.0	0.0	37	0.0696721311475409	14.79	0	0.0	0.03790750568612585	0.0	0.0	0.0	0.0	0.0	0.0	0.018953752843062926
1	0.0	0.0	0	0.0	17.72	0	0.0	0.36496350364963503	0.0	1.0	0.0	0.0	0.0	0.0	0.0
2	0.0	0.0	38	0.0	5.71	0	0.0	0.2145922746781116	0.0	0.0	0.0	0.0	0.0	0.0	0.0
3	0.0	0.0	59	0.0082644628099173	14.22	0	0.0	0.020911752404851526	0.0	0.5	0.0	0.0	0.0	0.0	0.0
2	0.0	0.0	21	0.1722222222222222	15.43	0	0.0	0.014496955639315743	0.0	0.0	0.0	0.0	0.0	0.0	0.014496955639315743
4	0.0	0.0	28	0.0	15.76	0	0.02399232245681382	0.0	0.0	0.0	0.0	0.0	0.0	0.0	0.0
0	0.0	0.0	40	0.0	0.0	1	0.8695652173913044	0.31446540880503143	0.0	0.6666666666666666	0.0	0.0	0.0	0.8695652173913044	0.0
4	0.0	0.0	54	0.263803680981595	12.06	0	0.042354934349851756	0.0	0.0	0.0	0.0	0.0	0.0	0.0	0.0
3	0.0	0.0	14	0.0	16.24	0	0.0	0.052576235541535225	0.0	0.0	0.0	0.0	0.0	0.0	0.0
5	0.0	0.0	5	0.0	17.47	0	0.2590673575129534	0.0	0.0	6.0	0.0	0.0	0.0	0.0	0.0
1	0.0	0.0	2	0.0	16.61	0	0.015026296018031555	0.0	0.0	0.0	0.0	0.0	0.0	0.0	0.0
0	0.5	0.0	49	0.0	0.0	1	0.0	50.0	0.0	0.75	0.0	0.0	0.0	0.0	0.0
1	0.0	0.0	0	0.0135135135135135	17.15	0	0.0	0.3284072249589491	0.0	0.125	0.0	0.0	0.0	0.0	0.0
0	0.0	0.0	42	0.0	10.0	0	0.0	0.2808988764044944	0.0	0.5	0.0	0.0	0.0	0.0	0.0
4	0.0	0.0	47	0.1779661016949152	11.28	0	0.13123359580052493	0.0	0.0	0.25	0.0	0.0	0.0	0.0	0.0
3	0.0	0.0	67	0.0769230769230769	13.48	0	0.02382654276864427	0.0	0.0	1.0	0.0	0.0	0.0	0.0	0.0
1	0.0	0.0	42	0.0075471698113207	15.29	0	0.0	0.021168501270110076	0.0	0.0	0.0	0.0	0.0	0.0	0.0
2	0.0	0.0	39	0.0	9.9	0	0.0	0.10964912280701755	0.0	0.5	0.0	0.0	0.0	0.0	0.0
1	0.0	0.0	22	0.0	3.0	0	0.0	0.09615384615384615	0.0	0.0	0.0	0.0	0.0	0.1488095238095238	0.0
2	0.0	0.0	23	0.0	15.81	0	0.02459419576979833	0.0	0.0	0.0	0.0	0.0	0.0	0.0	0.0
0	0.0	0.0	20	0.0	0.0	0	0.0	0.14836795252225518	0.0	0.5	0.0	0.0	0.0	0.0	0.0
0	0.0	0.0	21	0.0	0.0	0	0.0	0.2717391304347826	0.0	0.5	0.0	0.0	0.0	0.0	0.0
3	0.0	0.0	1	0.2285714285714285	25.31	0	0.0	0.054318305268875614	0.0	0.0	0.0	0.0	0.0	0.0	0.0
5	0.0	0.0	40	0.0	16.07	0	0.0	0.017972681524083392	0.0	0.0	0.0	0.0	0.0	0.0	0.008986340762041696
5	0.0	0.0	38	0.0	15.18	0	0.0	0.026041666666666668	0.0	0.0	0.0	0.0	0.0	0.0	0.0
1	0.0	0.0	16	0.0	9.5	0	0.08156606851549755	0.0	0.0	0.0	0.0	0.0	0.0	0.0	0.0
3	0.0	0.0	39	0.0	15.13	0	0.0	0.029446407538280327	0.0	0.0	0.0	0.0	0.0	0.0	0.029446407538280327
2	0.0	0.0	37	0.0	14.97	0	0.0	0.0339328130302002	0.0	0.0	0.0	0.0	0.0	0.0	0.0339328130302002
2	1.0	0.0	65	0.0355029585798816	12.97	0	0.07990411506192568	0.0	0.0	0.0	0.0	0.0	0.0	0.0	0.0
0	0.0	0.0	24	0.1081081081081081	0.0	1	0.3940886699507389	0.08787346221441124	0.0	0.4	0.0	0.0	0.0	0.0	0.08787346221441124
0	0.0	0.0	28	0.0	16.04	0	0.01839249586168843	0.0	0.0	0.0	0.0	0.0	0.0	0.0	0.0
5	0.0	0.0	22	0.0071942446043165	15.71	0	0.023832221163012392	0.0	0.0	0.0	0.0	0.0	0.0	0.0	0.0
2	0.0	0.0	0	0.0	12.03	0	0.0	0.4098360655737705	0.0	0.0	0.0	0.0	0.0	0.0	0.0
1	1.0	1.0	1	0.0	21.45	0	0.0	0.03714710252600297	0.0	0.5	0.0	0.0	0.0	0.0	0.0
1	0.0	0.0	0	0.0	17.61	0	0.0	1.5625	0.0	0.0	0.0	0.0	0.0	0.0	0.0
0	0.0	0.0	32	0.0	0.0	0	0.16025641025641024	0.0	0.0	0.0	0.0	0.0	0.0	0.0	0.0
0	0.0	0.0	17	0.0	0.0	0	0.0	0.19607843137254904	0.0	0.0	0.0	0.0	0.0	0.0	0.0
2	0.0	0.0	47	0.0	5.3	0	0.3472222222222222	0.0	0.0	0.0	0.0	0.0	0.0	0.0	0.0
2	0.0	0.0	25	0.0	16.8	0	0.04	0.0	0.0	14.0	0.0	0.0	0.0	0.0	0.0
1	0.0	0.0	60	0.0	5.58	0	0.3496503496503497	0.0	0.0	0.0	0.0	0.0	0.0	0.0	0.0
2	0.0	1.0	16	0.0142857142857142	12.03	0	0.03863987635239567	0.0	0.0	0.5	0.0	0.0	0.0	0.0	0.0
0	0.0	0.0	31	0.0	0.0	0	0.09596928982725528	0.0	0.0	0.0	0.0	0.0	0.0	0.0	0.0
0	0.0	0.0	0	0.08	30.56	0	0.0	0.03636363636363636	0.0	1.0	0.0	0.0	0.0	0.0	0.0
3	0.0	0.0	33	0.0057306590257879	16.26	0	0.0	0.016702856188408218	0.0	0.0	0.0	0.0	0.0	0.0	0.0
3	0.0	0.0	2	0.0	17.16	0	0.035211267605633804	0.0	0.0	0.0	0.0	0.0	0.0	0.0	0.0
0	0.0	0.0	18	0.0	0.0	0	0.05254860746190226	0.0	0.0	0.0	0.0	0.0	0.0	0.05254860746190226	0.0
3	0.0	0.0	48	0.0	4.86	0	0.0	1.0204081632653061	0.0	0.5	0.0	0.0	0.0	0.0	0.0
1	0.0	0.0	23	0.03125	11.94	0	0.0	0.037009622501850484	0.0	0.0	0.0	0.0	0.0	0.0	0.037009622501850484
5	0.0	0.0	1	0.1445086705202312	17.23	0	0.0	0.07336757153338225	1.0	0.5	0.0	0.0	0.0	0.0	0.0
0	0.0	0.0	2	0.1285714285714285	16.19	0	0.09560229445506692	0.0	0.0	0.0	0.0	0.0	0.0	0.0	0.0
0	0.0	0.0	2	0.0084745762711864	16.28	0	0.0	0.02635740643120717	0.0	0.0	0.0	0.0	0.0	0.0	0.0
1	0.0	0.0	17	0.0	9.5	0	0.5434782608695652	0.0	0.0	0.0	0.0	0.0	0.0	0.0	0.0
2	0.0	0.0	33	0.0	14.16	0	0.0	0.088261253309797	0.0	0.0	0.0	0.0	0.0	0.0	0.0
8	0.0	0.0	42	0.0	13.32	0	0.0	0.05175983436853002	0.0	0.5	0.0	0.0	0.0	0.0	0.07763975155279502
1	0.0	0.0	76	0.0	9.5	0	0.09407337723424271	0.0	0.0	0.0	0.0	0.0	0.0	0.0	0.0
3	0.0	0.0	27	0.0933333333333333	14.76	0	0.053447354355959376	0.0	0.0	0.0	0.0	0.0	0.0	0.0	0.0
3	0.0	0.0	0	0.0	16.33	0	0.0	0.04425757911042266	0.0	0.25	0.0	0.0	0.0	0.0	0.0
2	0.0	0.0	28	0.023076923076922995	16.05	0	0.0	0.024703557312252968	0.0	0.0	0.0	0.0	0.0	0.0	0.0
1	1.0	1.0	25	0.0377358490566037	3.3	0	0.0	0.1267427122940431	0.0	0.0	0.0	0.0	0.0	0.0	0.0
2	1.0	0.25	53	0.0	0.93	1	0.6984387838948234	0.0	0.0	0.8235294117647058	0.0	0.0	0.0	0.0	0.0
1	1.0	0.5	42	0.0	3.31	1	1.6908212560386475	0.0	0.0	0.14285714285714285	0.0	0.0	0.0	0.7246376811594204	0.0
1	0.0	0.0	0	0.0	17.42	0	0.0	0.5434782608695652	0.0	0.0	0.0	0.0	0.0	0.0	0.0
6	0.0	0.0	15	0.0	14.92	0	0.09174311926605504	0.0	0.0	0.0	0.0	0.0	0.0	0.0	0.0
1	1.0	0.0	37	0.1071428571428571	17.5	0	0.0	0.06053268765133172	0.0	0.0	0.0	0.0	0.0	0.0	0.03026634382566586
4	0.0	0.0	25	0.0	16.06	0	0.01812907904278463	0.0	0.0	0.0	0.0	0.0	0.0	0.0	0.0
3	1.0	0.0	44	0.048780487804878	1.17	1	0.0	1.5321756894790604	0.0	0.9666666666666667	0.0	0.0	0.0	0.08944543828264759	1.2257405515832482
1	0.0	1.0	45	0.2100840336134453	11.5	0	0.0	0.11574074074074073	0.0	0.0	0.0	0.0	0.0	0.0	0.057870370370370364
0	0.0	0.0	14	0.0	0.0	0	0.0	0.17152658662092624	0.0	0.0	0.0	0.0	0.0	0.0	0.0
2	0.0	0.0	34	0.0	12.8	0	0.0	0.06609385327164573	0.0	0.0	0.0	0.0	0.0	0.0	0.0
0	0.0	0.0	40	0.0	0.0	0	0.4098360655737705	0.0	0.0	0.5	0.0	0.0	0.0	0.0	0.0
1	0.0	1.0	19	0.1063829787234042	1.0	0	0.09107468123861566	0.0	0.0	0.0	0.0	0.0	0.0	0.0	0.0
0	0.0	1.0	20	0.0	0.0	0	0.0998003992015968	0.0	0.0	0.0	0.0	0.0	0.0	0.0998003992015968	0.0
1	0.0	0.0	2	0.0	16.47	0	0.0	0.27322404371584696	0.0	0.0	0.0	0.0	0.0	0.0	0.0
4	0.0	0.0	19	0.0	15.95	0	0.013842746400885937	0.0	0.0	0.0	0.0	0.0	0.0	0.0	0.026164311878597593
5	1.0	0.3333333333333333	36	0.0	23.07	0	0.014708045300779527	0.0261028452101279	0.0	0.0	0.0	0.0	0.0	0.0	0.0
0	0.0	1.0	22	0.0	0.0	1	0.0	1.7094017094017095	0.0	0.5	0.0	0.0	0.0	0.0	0.0
2	0.0	0.0	0	0.0	17.35	0	0.0	0.3164556962025316	0.0	0.0	0.0	0.0	0.0	0.0	0.0
4	0.0	0.0	0	0.0	16.4	0	0.0	0.12048192771084336	0.0	0.0	0.0	0.0	0.0	0.0	0.0
1	0.0	0.0	19	0.125	6.43	0	0.0	0.12195121951219513	0.0	0.0	0.0	0.0	0.0	0.0	0.0
1	0.0	0.0	62	0.0	6.82	0	0.17452006980802792	0.0	0.0	0.5	0.0	0.0	0.0	0.0	0.0
2	0.0	1.0	18	0.0	11.69	0	0.0	0.18604651162790697	0.0	0.0	0.0	0.0	0.0	0.0	0.0
0	1.0	0.0	22	0.0909090909090909	0.0	0	0.1519756838905775	0.0	0.0	0.0	0.0	0.0	0.0	0.0	0.0
2	0.0	0.0	14	0.101010101010101	15.65	0	0.0	0.07072135785007072	0.0	0.0	0.0	0.0	0.0	0.0	0.0
1	0.0	0.0	27	0.0	10.0	0	50.0	0.0	0.0	0.0	0.0	0.0	0.0	0.0	0.0
1	0.0	0.0	0	0.0	16.99	0	0.02975304968759298	0.0	0.0	0.0	0.0	0.0	0.0	0.0	0.0
2	0.0	0.0	38	0.0	8.72	0	0.16286644951140067	0.0	0.0	0.0	0.0	0.0	0.0	0.0	0.0
0	0.0	0.0	2	0.5555555555555556	16.42	0	0.05555555555555555	0.0	0.0	0.0	0.0	0.0	0.0	0.0	0.0
2	0.0	0.0	46	0.0	11.35	0	0.0	0.04040404040404041	0.0	0.0	0.0	0.0	0.0	0.0	0.0
0	0.0	0.0	21	0.6029411764705882	0.0	0	0.0	0.13404825737265416	0.0	0.0	0.0	0.0	0.0	0.0	0.0
5	0.0	0.0	36	0.0	15.21	0	0.0	0.024137098720733767	0.0	0.0	0.0	0.0	0.0	0.0	0.012068549360366883
2	0.0	0.0	44	0.1538461538461538	12.89	0	0.0	0.03156565656565657	0.0	2.0	0.0	0.0	0.0	0.0	0.03156565656565657
0	0.0	0.0	15	0.0	0.0	0	0.8620689655172414	0.0	0.0	0.0	0.0	0.0	0.0	0.8620689655172414	0.0
2	0.0	0.0	0	0.0	16.52	0	0.0	0.1288659793814433	0.0	0.5	0.0	0.0	0.0	0.0	0.0
1	0.0	1.0	16	0.0377358490566037	25.04	1	0.0	0.42452830188679247	0.0	1.4444444444444444	0.0	0.0	0.0	0.0	0.0
4	0.0	0.0	6	0.0	16.06	0	0.03642987249544627	0.0	0.0	0.0	0.0	0.0	0.0	0.0	0.0
1	0.0	0.0	16	0.0	12.26	0	0.1146788990825688	0.0	0.0	0.0	0.0	0.0	0.0	0.0	0.0
2	0.0	0.0	23	0.0	15.92	0	0.07396449704142012	0.0	0.0	0.0	0.0	0.0	0.0	0.0	0.0
1	0.0	0.0	32	0.0	0.94	1	1.2003000750187547	0.0	0.0	0.84375	0.0	0.0	0.0	0.0	0.019623233908948195
2	0.0	0.0	4	0.0980392156862745	17.07	0	0.07621951219512195	0.0	0.0	6.0	0.0	0.0	0.0	0.0	0.0
2	0.0	0.0	24	0.1538461538461538	10.44	0	0.0	0.042265426880811495	0.0	0.0	0.0	0.0	0.0	0.0	0.042265426880811495
3	0.0	0.0	21	0.0	15.77	0	0.02243661655822302	0.0	0.0	0.5	0.0	0.0	0.0	0.0	0.0
0	0.0	0.0	26	0.0	0.0	0	0.0	0.3067484662576687	0.0	0.0	0.0	0.0	0.0	0.0	0.0
1	0.0	0.0	0	0.0425531914893617	16.6	0	0.0	0.034411562284927734	0.0	0.5	0.0	0.0	0.0	0.0	0.0
1	0.0	0.0	3	0.0	23.0	0	0.5405405405405405	0.0	0.0	0.5	0.0	0.0	0.0	0.0	0.0
0	0.0	0.3333333333333333	36	0.0	0.0	0	0.0	0.04714757190004715	0.0	0.0	0.0	0.01847063169560399	0.0	0.0	0.023573785950023574
2	0.0	0.0	26	0.0	15.73	0	0.024102193299590263	0.0	0.0	0.0	0.0	0.0	0.0	0.0	0.0
3	0.0	0.0	1	0.055045871559632996	16.1	0	0.0	0.015482272797646694	0.0	0.0	0.0	0.0	0.0	0.0	0.0
1	0.0	0.0	21	0.2666666666666666	7.5	0	0.0	0.6024096385542169	0.0	0.0	0.0	0.0	0.0	0.0	0.6024096385542169
4	0.0	0.0	16	0.0	16.23	0	0.0	0.034048348655090224	0.0	0.0	0.0	0.0	0.0	0.0	0.0
1	0.0	0.0	29	0.3274336283185841	10.51	0	0.19607843137254904	0.0	0.0	0.0	0.0	0.0	0.0	0.0	0.0
1	0.0	0.0	14	0.0	12.91	0	0.0	0.1557632398753894	0.0	0.0	0.0	0.0	0.0	0.0	0.0
1	0.0	0.0	0	0.0	16.23	0	0.0	0.17123287671232876	0.0	0.0	0.0	0.0	0.0	0.0	0.0
5	0.0	0.0	0	0.0068965517241379	16.09	0	0.0	0.015349194167306216	0.0	0.0	0.0	0.0	0.0	0.0	0.0
1	0.0	0.0	47	0.0	13.59	0	0.0	0.07342143906020558	0.0	0.0	0.0	0.0	0.0	0.0	0.0
0	0.0	0.0	20	0.0	0.0	1	50.0	0.0	0.0	0.0	0.0	0.0	0.0	33.333333333333336	0.0
2	0.0	0.0	0	0.0625	17.17	0	0.0	1.0714285714285714	0.0	0.0	0.0	0.0	0.0	0.0	0.0
3	0.0	0.0	61	0.0425531914893617	12.91	0	0.027262813522355506	0.0	0.0	0.0	0.0	0.0	0.0	0.0	0.0
1	0.0	0.0	20	0.0	16.24	0	0.017247326664367024	0.0	0.0	0.0	0.0	0.0	0.0	0.0	0.0
0	0.0	0.0	29	0.0	15.56	0	0.0143184421534937	0.0	0.0	4.0	0.0	0.0	0.0	0.0	0.0
0	1.0	0.0	14	0.421875	0.0	0	0.18281535648994515	0.0	0.0	0.0	0.0	0.0	0.0	0.0	0.0
2	0.0	0.0	7	0.0	13.79	0	0.21645021645021645	0.0	0.0	2.0	0.0	0.0	0.0	0.0	0.0
1	0.0	0.0	2	0.2222222222222222	16.44	0	0.0	0.04484304932735426	0.0	0.0	0.0	0.0	0.0	0.0	0.0
2	0.0	0.0	0	0.125	28.08	0	0.0	0.2127659574468085	0.0	0.0	0.0	0.0	0.0	0.0	0.0
2	0.0	0.0	46	0.0566037735849056	5.82	1	0.8878127522195318	0.5235602094240838	0.0	0.8947368421052632	0.0	0.0	0.0	0.8071025020177562	0.0
1	0.0	0.0	38	0.0	4.88	0	0.6329113924050632	0.0	0.0	0.0	0.0	0.0	0.0	0.0	0.0
2	0.0	0.0	51	0.0	14.67	0	0.025265285497726126	0.0	0.0	0.0	0.0	0.0	0.0	0.012632642748863063	0.0
2	0.0	0.0	2	0.0	16.24	0	0.0	0.026184865147944488	0.0	0.0	0.0	0.0	0.0	0.0	0.0
2	0.0	0.0	0	0.0	16.37	0	0.0	0.10493179433368312	0.0	0.0	0.0	0.0	0.0	0.0	0.0
1	0.0	0.0	17	0.0	7.94	0	0.0	1.1363636363636365	0.0	0.0	0.0	0.0	0.0	0.0	0.5681818181818182
0	0.0	0.0	16	0.0	0.0	0	0.05757052389176741	0.0	0.0	0.0	0.0	0.0	0.0	0.0	0.0
2	0.0	0.0	36	0.0890052356020942	14.83	0	0.02183406113537118	0.0	0.0	1.0	0.0	0.0	0.0	0.0	0.0
0	0.0	0.0	6	0.2142857142857142	15.62	0	0.19685039370078738	0.0	0.0	2.0	0.0	0.0	0.0	0.0	0.0
4	0.0	0.0	1	0.0	17.01	0	0.0	0.06357279084551812	0.0	0.0	0.0	0.0	0.0	0.0	0.0
3	0.0	0.0	0	0.0766423357664233	16.5	0	0.0	0.0261028452101279	0.0	0.0	0.0	0.0	0.0	0.0	0.0
1	0.0	0.0	0	0.0	16.28	0	0.0	0.14367816091954022	0.0	0.5	0.0	0.0	0.0	0.0	0.0
4	0.0	0.0	0	0.0	16.38	0	0.02223210315695865	0.0	0.0	0.0	0.0	0.0	0.0	0.0	0.0
5	0.0	0.0	0	0.0229885057471264	16.95	0	0.0	0.19436345966958213	0.0	0.25	0.0	0.0	0.0	0.0	0.0
2	0.0	0.0	27	0.0	7.1	0	0.0	0.1557632398753894	0.0	0.0	0.0	0.0	0.0	0.0	0.0
2	0.0	0.0	73	0.0	9.8	0	0.03869969040247678	0.0	0.0	0.5	0.0	0.0	0.0	0.05804953560371517	0.0
1	0.0	0.0	23	0.0	9.17	0	0.0	0.06906077348066299	0.0	0.0	0.0	0.0	0.0	0.0	0.06906077348066299
2	0.0	0.0	19	0.0	8.99	0	0.0	0.267379679144385	0.0	0.0	0.0	0.0	0.0	0.0	0.0
1	0.0	0.0	37	0.0106382978723404	14.45	0	0.0	0.03450655624568668	0.0	0.0	0.0	0.0	0.0	0.0	0.0
3	0.0	0.0	0	0.0	16.41	0	0.0	0.15527950310559005	0.0	0.0	0.0	0.0	0.0	0.0	0.0
5	0.0	0.0	26	0.0	15.63	0	0.022836263987211693	0.0	0.0	0.0	0.0	0.0	0.0	0.0	0.0
1	0.0	0.0	0	0.0309278350515463	17.32	0	0.0	0.06884681583476764	0.0	3.0	0.0	0.0	0.0	0.0	0.0
3	0.0	0.0	4	0.017094017094017	16.18	0	0.0	0.03408316291751875	0.0	0.0	0.0	0.0	0.0	0.0	0.0
1	1.0	0.0	43	0.0	23.1	0	0.0736105999263894	0.0	0.0	0.0	0.0	0.0	0.0	0.0368052999631947	0.0
2	0.0	0.0	1	0.0	16.81	0	0.1984126984126984	0.0	0.0	0.0	0.0	0.0	0.0	0.0	0.0
1	0.0	0.0	76	0.0	9.5	0	1.1627906976744187	0.0	0.0	0.5	0.0	0.0	0.0	0.0	0.0
1	0.0	0.0	14	0.0	9.5	0	0.32894736842105265	0.0	0.0	0.5	0.0	0.0	0.0	0.0	0.0
1	0.0	0.0	18	0.0	0.31	1	0.0	0.7346189164370982	0.0	0.875	0.0	0.0	0.0	0.03711952487008166	0.0
4	0.0	0.0	2	0.0	16.09	0	0.0	0.014740566037735848	0.0	0.0	0.0	0.0	0.0	0.0	0.0
6	0.0	0.0	40	0.0	14.92	0	0.0	0.024354603019970774	0.0	0.0	0.0	0.0	0.0	0.0	0.04870920603994155
3	0.0	0.0	40	0.0	13.83	0	0.1347708894878706	0.0	0.0	0.0	0.0	0.0	0.0	0.0	0.0
6	0.0	0.0	32	0.1296296296296296	15.85	0	0.01902587519025875	0.0	0.0	0.0	0.0	0.0	0.0	0.009512937595129375	0.010349824052991098
2	0.0	0.0	1	0.0	16.77	0	0.0	0.16891891891891891	0.0	0.0	0.0	0.0	0.0	0.0	0.0
2	0.0	0.0	22	0.0	16.55	0	3.571428571428571	0.0	0.0	0.0	0.0	0.0	0.0	0.0	0.0
4	0.0	0.0	0	0.0097560975609756	16.48	0	0.028392958546280524	0.0	0.0	0.5	0.0	0.0	0.0	0.0	0.0
3	0.0	0.0	33	0.037037037037037	14.18	0	0.0	0.21551724137931036	0.0	0.0	0.0	0.0	0.0	0.0	0.21551724137931036
2	0.0	0.0	1	0.0909090909090909	18.01	0	0.0	0.1277139208173691	0.0	1.0	0.0	0.0	0.0	0.0	0.0
2	0.0	0.0	19	0.0	14.28	0	0.0	0.1152073732718894	0.0	0.0	0.0	0.0	0.0	0.0	0.0
1	0.0	0.0	0	0.0	16.75	0	0.0	4.166666666666667	0.0	0.16666666666666666	0.0	0.0	0.0	0.0	0.0
3	0.0	0.0	36	0.0	10.27	0	0.0	0.09950248756218905	0.0	0.0	0.0	0.0	0.0	0.0	0.04975124378109452
0	0.0	0.0	18	0.0625	0.0	0	0.3424657534246575	0.0	0.0	0.0	0.0	0.0	0.0	0.0	0.0
0	0.0	0.0	15	0.0	0.0	0	0.0	0.5780346820809249	0.0	0.5	0.0	0.0	0.0	0.0	0.0
2	0.0	0.0	43	0.0	15.11	0	0.0	0.06493506493506493	0.0	0.0	0.0	0.0	0.0	0.0	0.0
3	0.0	0.0	43	0.0	12.54	0	0.0	0.01709986320109439	0.0	0.0	0.0	0.0	0.0	0.0	0.0
1	0.0	0.0	0	0.1	16.34	0	0.0	0.23584905660377356	0.0	0.0	0.0	0.0	0.0	0.0	0.0
2	0.0	0.0	30	0.0	14.6	0	0.0543773790103317	0.0	0.0	0.0	0.0	0.0	0.0	0.0	0.0
1	0.0	0.0	30	0.0	10.05	0	0.0	0.0900900900900901	0.0	0.0	0.0	0.0	0.0	0.0	0.0900900900900901
1	0.0	0.0	36	0.0	5.36	0	0.0	0.5494505494505494	0.0	1.0	0.0	0.0	0.0	0.0	0.0
0	0.0	0.0	22	0.0	0.0	0	0.3731343283582089	0.0	0.0	0.5	0.0	0.0	0.0	0.3731343283582089	0.0
3	0.0	0.0	68	0.0	4.91	0	0.22831050228310504	0.0	0.0	0.0	0.0	0.0	0.0	0.0	0.0
4	0.0	0.0	28	0.02	15.31	0	0.03097893432465923	0.0	0.0	0.5	0.0	0.0	0.0	0.03097893432465923	0.0
0	0.0	1.0	41	0.0	18.76	1	0.0	0.8875739644970414	0.0	0.7777777777777778	0.0	0.0	0.0	0.0	0.0
3	0.0	0.0	29	0.0	5.32	0	0.5813953488372093	0.0	0.0	0.0	0.0	0.0	0.0	0.5813953488372093	0.0
2	0.0	0.0	34	0.1485943775100401	15.44	0	0.0	0.02346866932644919	0.0	0.0	0.0	0.0	0.0	0.0	0.0
1	0.0	0.0	0	0.5	17.11	0	0.0	0.7142857142857143	0.0	0.5	0.0	0.0	0.0	0.0	0.0
4	0.0	0.0	58	0.0	35.81	0	0.0	0.14587892049598833	0.0	0.25	0.0	0.0	0.0	0.0	0.0
3	0.0	0.0	33	0.0	5.15	0	1.0101010101010102	0.0	0.0	0.0	0.0	0.0	0.0	0.0	0.0
4	0.0	0.0	34	0.1397058823529411	16.25	0	0.0	0.03004807692307692	0.0	0.0	0.0	0.0	0.0	0.0	0.01502403846153846
1	0.0	0.0	21	0.38	12.78	0	0.11299435028248588	0.0	0.0	0.0	0.0	0.0	0.0	0.0	0.0
1	0.0	0.0	22	0.0	18.5	0	0.0	0.2114164904862579	0.0	0.0	0.0	0.0	0.0	0.0	0.10570824524312895
0	0.0	0.0	8	0.2	0.0	0	0.0	0.0	0.0	1.0	0.0	0.0	0.0	0.0	0.0
1	0.0	0.0	0	0.125	9.5	0	0.0	1.6853932584269662	0.0	0.0	0.0	0.0	0.0	0.0	0.0
0	0.0	0.0	0	0.0	17.07	0	0.0	0.33557046979865773	0.0	0.0	0.0	0.0	0.0	0.0	0.0
3	0.0	0.0	0	0.0	16.35	0	0.06188118811881188	0.0	0.0	0.0	0.0	0.0	0.0	0.0	0.0
0	0.0	0.0	9	0.064516129032258	0.0	0	0.08849557522123894	0.0	0.0	1.0	0.0	0.0	0.0	0.0	0.0
2	0.0	0.0	43	0.0	14.47	0	0.026881720430107524	0.0	0.0	0.5	0.0	0.0	0.0	0.0	0.0
2	0.0	0.0	25	0.0	7.09	0	0.0	0.22123893805309736	0.0	0.0	0.0	0.0	0.0	0.0	0.0
0	0.5	0.0	0	0.1333333333333333	0.0	0	0.0	0.16181229773462785	0.0	0.0	0.0	0.0	0.0	0.0	0.0
3	0.0	0.0	14	0.0	13.83	0	0.09652509652509653	0.0	0.0	0.0	0.0	0.0	0.0	0.0	0.0
1	0.0	0.0	0	0.0	10.0	0	0.0	1.1764705882352942	0.0	1.0	0.0	0.0	0.0	0.0	0.0
4	0.0	0.0	36	0.0093896713615023	15.5	0	0.022060445621001547	0.0	0.0	0.0	0.0	0.0	0.0	0.011030222810500773	0.011617100371747213
5	0.0	0.0	38	0.0	15.81	0	0.0	0.005327650506126798	0.0	0.0	0.0	0.0	0.0	0.0	0.0
0	0.0	0.0	23	0.0	25.97	1	0.28169014084507044	0.6097560975609756	0.0	1.0	0.0	0.0	0.0	0.0	0.0
2	0.0	0.0	34	0.0023255813953488	16.31	0	0.0	0.014755791648221928	0.0	0.0	0.0	0.0	0.0	0.011866619200189867	0.02213368747233289
5	0.0	0.0	28	0.0416666666666666	15.8	0	0.0	0.018765246762994934	0.0	0.0	0.0	0.0	0.0	0.0	0.009382623381497467
0	0.0	0.0	17	0.0	0.0	0	1.6129032258064515	0.0	0.0	0.0	0.0	0.0	0.0	0.0	0.0
2	0.0	0.0	21	0.0526315789473684	9.28	0	0.2912621359223301	0.0	0.0	0.0	0.0	0.0	0.0	0.0	0.0
3	0.0	0.0	0	0.0	16.62	0	0.0	0.3021148036253776	0.0	0.0	0.0	0.0	0.0	0.0	0.0
9	1.0	0.3333333333333333	21	0.0	56.96	0	0.0	0.02247696111485727	0.0	0.0	0.0	0.0	0.0	0.0	0.0
1	0.0	0.0	25	0.0	16.0	0	0.0	0.26595744680851063	0.0	0.0	0.0	0.0	0.0	0.0	0.26595744680851063
1	0.5	0.1666666666666666	3	0.2292993630573248	8.5	1	0.0	0.038910505836575876	0.0	1.0	0.0	0.0423728813559322	0.0	0.0	0.0
1	0.0	0.0	50	0.0	0.84	1	0.8149959250203749	0.0	0.0	0.7	0.0	0.0	0.0	0.0	0.0
2	0.0	0.0	46	0.0116959064327485	13.64	0	0.014200511218403862	0.0	0.0	0.0	0.0	0.0	0.0	0.014200511218403862	0.0
2	0.0	0.0	51	0.0	11.7	0	0.11961722488038279	0.0	0.0	0.0	0.0	0.0	0.0	0.0	0.0
3	0.0	0.0	18	0.0447058823529411	16.19	0	0.0	0.012064181445288938	0.0	0.0	0.0	0.0	0.0	0.0	0.0
3	0.0	0.0	35	0.0	15.54	0	0.02040816326530612	0.0	0.0	0.0	0.0	0.0	0.0	0.01020408163265306	0.0
5	0.0	0.0	3	0.0	16.48	0	0.0	0.021344717182497332	0.0	0.5	0.0	0.0	0.0	0.0	0.0
0	0.0	0.0	43	0.0	8.41	0	0.09208103130755065	0.0	0.0	0.5	0.0	0.0	0.0	0.0	0.0
4	0.0	0.0	44	0.0	19.55	0	0.015720798616569723	0.0	0.0	0.0	0.0	0.0	0.0	0.0	0.0
5	0.0	0.0	2	0.1772151898734177	16.05	0	0.0	0.15197568389057753	0.0	0.0	0.0	0.0	0.0	0.0	0.0
2	0.0	0.0	0	0.0	18.38	0	0.0	0.06666666666666667	0.0	0.0	0.0	0.0	0.0	0.0	0.0
1	1.0	1.0	25	0.0131578947368421	11.0	0	0.0	0.059665871121718374	0.0	0.0	0.0	0.0	0.0	0.0	0.059665871121718374
0	0.0	0.0	47	0.0	0.0	0	1.1627906976744187	0.0	0.0	0.0	0.0	0.0	0.0	0.0	0.0
2	0.0	0.0	42	0.0	13.32	0	0.0	0.13262599469496023	0.0	0.5	0.0	0.0	0.0	0.0	0.0
1	0.0	0.0	32	0.0833333333333333	16.8	1	6.0	0.0	0.0	0.8333333333333334	0.0	0.0	0.0	4.5	0.0
1	0.0	0.0	16	0.0	9.5	0	0.2242152466367713	0.0	0.0	0.0	0.0	0.0	0.0	0.0	0.0
0	0.0	0.0	18	0.0	0.0	0	0.13089005235602094	0.0	0.0	0.0	0.0	0.0	0.0	0.13089005235602094	0.0
1	0.0	0.0	21	0.0	9.5	0	0.2127659574468085	0.0	0.0	0.5	0.0	0.0	0.0	0.0	0.0
2	0.0	0.0	43	0.0	12.74	0	0.0	0.0379794910748196	0.0	0.0	0.0	0.0	0.0	0.0	0.0
0	0.0	0.0	33	0.0	11.74	0	0.032467532467532464	0.0	0.0	0.0	0.0	0.0	0.0	0.032467532467532464	0.0
3	0.0	0.0	32	0.0	16.98	0	0.5946481665014867	0.0	0.0	0.5	0.0	0.0	0.0	0.0	0.0
1	0.0	0.0	18	0.0909090909090909	8.74	0	0.0	0.3184713375796178	0.0	0.0	0.0	0.0	0.0	0.0	0.3184713375796178
1	0.0	0.0	24	0.6101694915254238	7.24	0	0.24038461538461536	0.0	0.0	0.5	0.0	0.0	0.0	0.0	0.0
3	0.0	0.0	12	0.4045801526717557	15.99	0	0.0	0.14814814814814814	0.0	0.5	0.0	0.0	0.0	0.0	0.0
3	0.0	0.0	30	0.0	13.73	0	0.08156606851549755	0.0	0.0	0.5	0.0	0.0	0.0	0.08156606851549755	0.0
0	0.0	0.0	12	0.1515151515151515	0.0	0	0.28901734104046245	0.0	0.0	1.0	0.0	0.0	0.0	0.28901734104046245	0.0
0	0.0	0.0	19	0.0	25.04	0	0.08071025020177562	0.0	0.0	0.0	0.0	0.0	0.0	0.0	0.0
1	0.0	0.0	20	0.0	5.17	0	16.666666666666668	0.0	0.0	0.0	0.0	0.0	0.0	0.0	0.0
1	0.0	0.0	17	0.0	6.68	0	0.6493506493506493	0.0	0.0	0.0	0.0	0.0	0.0	0.0	0.0
1	0.0	0.0	0	0.0	18.03	0	0.0	0.07451564828614009	0.0	10.0	0.0	0.0	0.0	0.0	0.0
0	0.0	0.0	11	0.125	0.0	0	0.625	0.0	0.0	1.0	0.0	0.0	0.0	0.0	0.0
1	0.0	0.0	32	0.0	7.34	0	0.10183299389002036	0.0	0.0	0.0	0.0	0.0	0.0	0.0	0.0
0	0.0	0.0	14	0.0	0.0	0	0.05605381165919283	0.0	0.0	0.0	0.0	0.0	0.0	0.0	0.0
5	0.0	0.0	0	0.0	17.33	0	0.0	0.3048780487804878	0.0	0.0	0.0	0.0	0.0	0.0	0.0
2	0.0	0.0	42	0.0	11.18	0	0.11229646266142618	0.0	0.0	0.25	0.0	0.0	0.0	0.0	0.0
0	0.5	0.0	37	0.0	0.0	0	0.0	0.09090909090909091	0.0	0.0	0.0	0.0	0.0	0.0	0.0
5	0.0	0.0	1	0.0	16.17	0	0.037965072133637055	0.0	0.0	0.0	0.0	0.0	0.0	0.0	0.0
6	0.0	0.0	1	0.3181818181818182	16.25	0	0.06381620931716656	0.0	0.0	0.0	0.0	0.0	0.0	0.0	0.0
0	0.0	0.0	20	0.0	0.0	0	0.033112582781456956	0.0	0.0	0.0	0.0	0.0	0.0	0.033112582781456956	0.0
1	0.0	0.0	0	0.0	16.66	0	0.0	0.10660980810234541	0.0	0.0	0.0	0.0	0.0	0.0	0.0
1	0.0	0.0	46	0.0	14.9	0	0.0	0.010395010395010394	0.0	0.0	0.0	0.0	0.0	0.0	0.0
2	0.0	0.0	0	0.0	28.55	0	0.0	0.23640661938534277	0.0	0.0	0.0	0.0	0.0	0.0	0.0
4	0.0	0.0	47	0.0837696335078534	14.13	0	0.0	0.022742779167614285	0.0	0.5	0.0	0.0	0.0	0.020894274968658588	0.0
0	0.0	0.0	13	0.0212765957446808	40.28	1	0.0	0.6944444444444444	0.0	0.5454545454545454	0.0	0.0	0.0	0.0	0.0
0	0.0	0.0	11	0.0	0.0	1	0.0	0.5434782608695652	0.0	1.0	0.0	0.0	0.0	0.0	0.5434782608695652
3	0.0	0.0	52	0.0	10.98	0	4.166666666666667	0.0	0.0	0.5	0.0	0.0	0.0	0.0	0.0
0	0.0	0.0	0	0.0	16.29	0	0.03683241252302026	0.0	0.0	0.0	0.0	0.0	0.0	0.0	0.0
1	0.0	0.0	0	0.0	16.99	0	0.0	0.3164556962025316	0.0	0.0	0.0	0.0	0.0	0.0	0.0
1	0.0	0.0	23	0.0	9.5	0	0.5263157894736842	0.0	0.0	0.0	0.0	0.0	0.0	0.0	0.0
1	0.0	0.0	0	0.125	21.5	0	0.0	0.0945179584120983	0.0	1.0	0.0	0.0	0.0	0.0	0.0
2	0.0	0.0	16	0.0	18.45	0	0.8928571428571428	0.0	0.0	0.0	0.0	0.0	0.0	0.0	0.0
2	0.0	0.0	47	0.0	12.73	0	0.0	0.05555555555555555	0.0	0.0	0.0	0.0	0.0	0.0	0.027777777777777776
2	0.0	0.0	2	0.0	16.27	0	0.0	0.09891196834817013	0.0	0.5	0.0	0.0	0.0	0.0	0.0
4	0.0	0.0	0	0.0	16.59	0	0.0	0.03745318352059925	0.0	0.0	0.0	0.0	0.0	0.0	0.0
7	0.0	0.0	28	0.0101010101010101	15.61	0	0.0	0.028993911278631487	0.0	0.0	0.0	0.0	0.0	0.0	0.0
2	0.0	0.0	47	0.2686567164179104	9.18	0	0.0	0.11013215859030837	0.0	0.0	0.0	0.0	0.0	0.0	0.0
0	1.0	0.0	40	0.0	0.0	0	0.0	0.4854368932038835	0.0	0.5	0.0	0.0	0.0	0.0	0.24271844660194175
3	0.0	0.0	23	0.09009009009009	11.5	0	0.0	0.02241147467503362	0.0	0.0	0.0	0.0	0.0	0.0	0.0
1	1.0	1.0	41	0.0	15.0	0	0.0	0.031113876789047916	0.0	0.0	0.0	0.0	0.0	0.0	0.031113876789047916
0	0.0	0.0	16	0.0	14.91	0	0.0968054211035818	0.0	0.0	0.0	0.0	0.0	0.0	0.0	0.0
6	0.0	0.0	3	0.0	16.24	0	0.09746588693957116	0.0	0.0	0.0	0.0	0.0	0.0	0.0	0.0
3	0.0	0.0	19	0.0	16.23	0	0.022655188038060714	0.0	0.0	0.5	0.0	0.0	0.0	0.0	0.0
2	0.0	0.0	1	0.0	16.22	0	0.0	0.020462451401677923	0.0	0.5	0.0	0.0	0.0	0.0	0.0
4	0.0	0.0	23	0.12	15.83	0	0.04474272930648769	0.0	0.0	3.0	0.0	0.0	0.0	0.0	0.0
2	0.0	0.0	34	0.0	15.27	0	0.0	0.0255885363357216	0.0	0.0	0.0	0.0	0.0	0.0	0.0
2	0.0	0.0	26	0.0	4.88	0	0.0	1.5384615384615383	0.0	0.0	0.0	0.0	0.0	0.42372881355932207	0.0
1	0.0	0.0	14	0.0	4.5	0	0.0	0.02836074872376631	0.0	0.0	0.0	0.0	0.0	0.0	0.0
2	0.0	0.0	39	0.0	16.2	0	0.0	0.036062026685899744	0.0	21.0	0.0	0.0	0.0	0.0	0.0
2	0.0	0.0	54	0.0	9.67	0	0.2242152466367713	0.0	0.0	0.0	0.0	0.0	0.0	0.0	0.0
1	0.0	0.0	0	0.08	17.17	0	0.0	0.2232142857142857	0.0	1.0	0.0	0.0	0.0	0.0	0.0
5	0.0	0.0	49	0.0055096418732782	15.91	0	0.00600456346823586	0.0	0.0	0.0	0.0	0.0	0.0	0.0	0.008625150940141452
0	0.0	0.0	35	0.0	0.0	1	0.7604562737642586	1.4124293785310735	0.0	0.3888888888888889	0.0	0.0	0.0	0.5703422053231939	0.0
4	0.0	0.0	44	0.0	14.84	0	0.0	0.02269117313365101	0.0	0.0	0.0	0.0	0.0	0.0	0.0
1	0.0	0.0	29	0.0	5.01	0	7.692307692307692	0.0	0.0	0.0	0.0	0.0	0.0	0.0	0.0
0	1.0	0.5	19	0.0	0.0	0	0.0	0.03714710252600297	0.0	0.0	0.0	0.0	0.0	0.0	0.0
2	0.0	0.0	59	0.0	14.28	0	0.02077274615704196	0.0	0.0	0.0	0.0	0.0	0.0	0.0	0.0
0	0.0	0.0	17	0.0	0.0	0	0.1020408163265306	0.0	0.0	0.0	0.0	0.0	0.0	0.0	0.0
4	0.0	0.0	43	0.0096385542168674	16.13	0	0.0	0.013798813302056023	0.0	0.0	0.0	0.0	0.0	0.0	0.006899406651028011
0	0.0	1.0	19	0.25	0.0	0	1.5625	0.0	0.0	0.0	0.0	0.0	0.0	0.0	0.0
1	0.0	0.0	31	0.0300751879699248	14.45	0	0.049091801669121256	0.0	0.0	0.0	0.0	0.0	0.0	0.049091801669121256	0.0
2	0.0	0.0	0	0.0	13.35	0	0.0	1.639344262295082	0.0	0.25	0.0	0.0	0.0	0.0	0.0
3	0.0	0.0	32	0.0	14.62	0	0.04299226139294927	0.0	0.0	0.0	0.0	0.0	0.0	0.021496130696474634	0.0
1	0.0	0.0	24	0.0	8.96	0	0.0	0.5208333333333334	0.0	0.0	0.0	0.0	0.0	0.0	0.2604166666666667
1	0.0	0.0	2	0.1538461538461538	14.5	0	0.19685039370078738	0.0	0.0	0.0	0.0	0.0	0.0	0.0	0.0
7	0.0	0.0	2	0.0	16.59	0	0.026737967914438502	0.0	0.0	0.0	0.0	0.0	0.0	0.0	0.0
5	0.0	0.0	33	0.0049382716049382	15.66	0	0.0	0.011465260261407935	0.0	0.0	0.0	0.0	0.0	0.0	0.011465260261407935
2	0.0	0.0	33	0.0	14.73	0	0.03219575016097875	0.0	0.0	0.0	0.0	0.0	0.0	0.0	0.0
1	0.0	0.0	24	0.037037037037037	8.96	0	0.4098360655737705	0.0	0.0	0.0	0.0	0.0	0.0	0.20491803278688525	0.0
2	0.0	0.0	4	0.2727272727272727	16.31	0	0.3205128205128205	0.0	0.0	1.0	0.0	0.0	0.0	0.0	0.0
1	0.0	0.0	19	0.0	9.5	0	0.11037527593818984	0.0	0.0	0.0	0.0	0.0	0.0	0.0	0.0
4	0.0	0.0	47	0.0	15.84	0	0.011749500646222535	0.0	0.0	0.0	0.0	0.0	0.0	0.0	0.0
2	0.5	0.5	2	0.20625	15.13	0	0.12928248222365868	0.0	0.0	0.25	0.0	0.0	0.0	0.0	0.0
1	0.0	0.0	0	0.0	17.37	0	0.0	1.288659793814433	0.0	0.0	0.0	0.0	0.0	0.0	0.0
3	0.0	0.0	14	0.0	16.23	0	0.0	0.03980891719745223	0.0	0.0	0.0	0.0	0.0	0.0	0.0
4	0.0	0.0	25	0.0	5.09	0	1.6666666666666667	0.0	0.0	0.0	0.0	0.0	0.0	0.0	0.0
1	0.0	0.0	2	0.0	16.69	0	0.0	0.05941770647653001	0.0	0.0	0.0	0.0	0.0	0.0	0.0
0	0.0	0.0	51	0.0	12.08	0	0.03584229390681004	0.0	0.0	0.0	0.0	0.0	0.0	0.01792114695340502	0.0
1	0.0	0.0	0	0.0	10.5	0	0.0	0.5263157894736842	0.0	0.0	0.0	0.0	0.0	0.0	0.0
2	0.0	0.0	0	0.0	16.84	0	0.0	0.20833333333333334	0.0	0.0	0.0	0.0	0.0	0.0	0.0
0	0.0	0.0	0	0.0	16.75	0	0.031505986137366104	0.0	0.0	0.0	0.0	0.0	0.0	0.0	0.0
1	0.0	0.0	15	0.0	14.57	0	0.11086474501108648	0.0	0.0	0.0	0.0	0.0	0.0	0.0	0.0
3	0.0	0.0	3	0.0161290322580645	16.63	0	0.0	0.049309664694280074	0.0	1.0	0.0	0.0	0.0	0.0	0.0
3	0.0	0.0	3	0.0	16.62	0	0.0	0.028457598178713715	0.0	0.0	0.0	0.0	0.0	0.0	0.0
0	0.0	0.0	7	0.5217391304347826	0.0	0	0.1798561151079137	0.0	0.0	1.0	0.0	0.0	0.0	0.0	0.0
3	0.0	0.0	1	0.0	16.74	0	0.0	0.15772870662460567	0.0	0.5	0.0	0.0	0.0	0.0	0.0
2	0.0	0.0	3	0.0476190476190476	16.31	0	0.17793594306049823	0.0	0.0	1.0	0.0	0.0	0.0	0.0	0.0
0	0.0	0.0	20	0.0	0.0	0	0.0	0.2173913043478261	0.0	0.0	0.0	0.0	0.0	0.0	0.0
0	0.0	0.0	16	0.1875	0.0	0	0.18726591760299627	0.0	0.0	2.0	0.0	0.0	0.0	0.18726591760299627	0.0
3	0.0	0.0	7	0.0	15.52	0	0.11061946902654868	0.0	0.0	0.0	0.0	0.0	0.0	0.0	0.0
2	0.0	0.0	32	0.0	15.54	0	0.0	0.030441400304414	0.0	0.0	0.0	0.0	0.0	0.0	0.0
0	0.0	0.0	16	0.05	0.0	0	0.11210762331838565	0.0	0.0	0.0	0.0	0.0	0.0	0.0	0.0
4	1.0	0.0	39	0.0	25.2	0	0.0	0.059844404548174746	0.0	0.0	0.0	0.0	0.0	0.0	0.0
6	0.0	0.0	27	0.0	15.61	0	0.0	0.028506271379703536	0.0	0.5	0.0	0.0	0.0	0.0	0.0
1	0.0	0.0	0	0.0	9.5	0	0.0	0.12048192771084336	0.0	0.0	0.0	0.0	0.0	0.0	0.0
0	1.0	0.0	38	0.1818181818181818	0.0	0	0.0	0.49751243781094534	0.0	0.0	0.0	0.0	0.0	0.0	0.24875621890547267
2	0.0	0.0	5	0.0	15.94	0	0.0	0.027731558513588463	0.0	0.0	0.0	0.0	0.0	0.0	0.0
1	0.0	1.0	42	0.0	2.17	0	0.05653976630229928	0.0	0.0	0.0	0.0	0.0	0.0	0.0	0.0
3	0.6666666666666666	0.4	29	0.0	14.37	0	0.03164556962025316	0.04566210045662101	0.0	0.0	0.0	0.0	0.0	0.0	0.022831050228310504
1	0.0	0.0	20	0.0	12.04	0	0.0	0.09940357852882703	0.0	0.5	0.0	0.0	0.0	0.0	0.09940357852882703
2	0.0	0.0	19	0.0	18.45	0	0.19379844961240308	0.0	0.0	0.0	0.0	0.0	0.0	0.0	0.0
2	0.0	1.0	52	0.0	15.23	0	0.0	0.043084877208099955	0.0	0.0	0.0	0.0	0.0	0.0	0.0
1	0.0	0.0	0	0.0	9.5	0	0.0	1.0638297872340425	0.0	0.0	0.0	0.0	0.0	0.0	0.0
2	0.0	0.0	65	0.0	4.99	0	0.3676470588235294	0.0	0.0	0.0	0.0	0.0	0.0	0.0	0.0
5	1.0	0.5	42	0.0	15.28	0	0.05931198102016608	0.0	0.0	0.0	0.0	0.0	0.0	0.009885330170027679	0.03649635036496351
1	0.0	0.0	13	0.0	9.5	0	1.6666666666666667	0.0	0.0	1.0	0.0	0.0	0.0	0.0	0.0
8	0.0	0.0	34	0.0719424460431654	16.05	0	0.007956715467854869	0.0	0.0	6.0	0.0	0.0	0.0	0.0	0.0
0	0.0	0.0	18	0.0	0.0	0	0.0	0.03998400639744102	0.0	0.0	0.0	0.0	0.0	0.0	0.0
5	0.0	0.0	47	0.0476190476190476	6.18	0	0.0	0.13440860215053763	0.0	0.0	0.0	0.0	0.0	0.0	0.06720430107526881
1	0.0	0.0	17	0.0	28.19	0	0.0	0.12453300124533001	0.0	0.0	0.0	0.0	0.0	0.0	0.0
1	0.0	0.0	0	0.0	9.5	0	0.0	0.31545741324921134	0.0	0.0	0.0	0.0	0.0	0.0	0.0
0	0.0	0.0	15	0.0526315789473684	0.0	0	0.2232142857142857	0.0	0.0	0.0	0.0	0.0	0.0	0.0	0.0
0	0.0	1.0	29	0.0	0.0	0	0.0	0.5494505494505494	0.0	0.0	0.0	0.0	0.0	0.0	0.0
3	0.0	0.0	0	0.0	16.08	0	0.0	0.021542438604049977	0.0	0.0	0.0	0.0	0.0	0.0	0.0
1	0.0	0.0	17	0.0188679245283018	15.29	0	0.11337868480725623	0.0	0.0	0.0	0.0	0.0	0.0	0.0	0.0
0	0.0	0.0	41	0.0	0.0	0	0.09285051067780874	0.0	0.0	0.0	0.0	0.0	0.0	0.0	0.0
0	0.0	0.0	18	0.125	0.0	0	0.0970873786407767	0.0	0.0	0.0	0.0	0.0	0.0	0.0	0.0
1	0.0	0.0	0	0.0	17.21	0	0.0	0.30303030303030304	0.0	0.0	0.0	0.0	0.0	0.0	0.0
0	0.0	0.0	19	0.0833333333333333	0.0	0	0.24271844660194175	0.0	0.0	0.5	0.0	0.0	0.0	0.0	0.0
1	0.0	0.0	69	0.0273972602739726	10.15	0	0.03828483920367534	0.0	0.0	0.0	0.0	0.0	0.0	0.0	0.01986491855383393
1	0.0	0.0	0	0.0	15.84	0	12.5	0.0	0.0	0.0	0.0	0.0	0.0	0.0	0.0
4	0.0	0.0	39	0.1413612565445026	15.41	0	0.0	0.04819277108433735	0.0	0.5	0.0	0.0	0.0	0.0	0.0
2	0.0	0.0	34	0.0	14.1	0	0.0	0.037608123354644606	0.0	1.0	0.0	0.0	0.0	0.023255813953488372	0.0
0	0.0	0.0	18	0.0	0.0	0	0.0	1.0204081632653061	0.0	0.0	0.0	0.0	0.0	0.0	0.0
6	0.0	0.0	0	0.0341296928327645	16.32	0	0.021537798836958864	0.0	0.0	0.0	0.0	0.0	0.0	0.0	0.0
1	0.0	0.0	80	0.0714285714285714	8.96	0	0.0	0.2192982456140351	0.0	0.0	0.0	0.0	0.0	0.0	0.0
1	0.0	0.0	45	0.0	15.42	0	0.016795431642593214	0.0	0.0	0.0	0.0	0.0	0.0	0.0	0.0
1	0.0	0.0	77	0.037593984962406	13.06	0	0.019650225977598742	0.0	0.0	0.5	0.0	0.0	0.0	0.0	0.0
3	0.0	0.0	38	0.0	14.6	0	0.0	0.06301197227473221	0.0	0.5	0.0	0.0	0.0	0.012846865364850977	0.0
3	0.0	0.0	45	0.0	13.22	0	0.0	0.03938558487593541	0.0	0.0	0.0	0.0	0.0	0.01864975755315181	0.0
1	0.0	0.0	0	0.0	16.63	0	0.0	0.2252252252252252	0.0	0.25	0.0	0.0	0.0	0.0	0.0
3	0.0	0.0	37	0.0	14.44	0	0.0	0.03561253561253561	0.0	0.0	0.0	0.0	0.0	0.032970656116056714	0.0
3	0.0	0.0	0	0.0	16.21	0	0.038109756097560975	0.0	0.0	0.5	0.0	0.0	0.0	0.0	0.0
2	0.0	0.0	33	0.0763636363636363	16.24	0	0.0	0.0644883920894239	0.0	0.6666666666666666	0.0	0.0	0.0	0.0	0.0
3	0.0	0.0	7	0.0467289719626168	23.49	0	0.0	0.10834236186348863	0.0	1.0	0.0	0.0	0.0	0.0	0.0
1	0.0	0.0	0	0.125	17.46	0	0.0	0.5434782608695652	0.0	0.0	0.0	0.0	0.0	0.0	0.0
1	0.0	0.0	22	0.0	15.81	0	0.0	0.03323363243602526	0.0	0.0	0.0	0.0	0.0	0.0	0.01661681621801263
1	0.0	1.0	20	0.0923076923076923	63.3	1	0.5839416058394161	0.3472222222222222	0.0	0.7272727272727273	0.0	0.0	0.0	0.0	0.11574074074074073
1	0.0	0.0	25	0.3902439024390244	13.35	0	0.0	0.08605851979345956	0.0	0.5	0.0	0.0	0.0	0.0	0.04302925989672978
1	0.0	0.0	19	0.0	5.92	0	0.5434782608695652	0.0	0.0	0.0	0.0	0.0	0.0	0.0	0.0
1	0.0	0.0	13	0.0	16.5	0	2.7777777777777777	0.0	0.0	1.0	0.0	0.0	0.0	2.7777777777777777	0.0
6	0.0	0.0	1	0.1125	16.22	0	0.0	0.014823599169878448	0.0	0.0	0.0	0.0	0.0	0.0	0.0
5	0.0	0.0	2	0.0	16.22	0	0.0	0.023803856224708403	0.0	0.0	0.0	0.0	0.0	0.0	0.0
2	0.0	0.0	6	0.2598870056497175	16.42	0	0.0	0.08620689655172414	0.0	0.5	0.0	0.0	0.0	0.0	0.0
3	0.0	0.0	32	0.0423728813559322	15.88	0	0.0	0.024551927326295117	0.0	3.5	0.0	0.0	0.0	0.0	0.0
2	0.0	0.0	0	0.0	16.96	0	0.0	0.3205128205128205	0.0	0.5	0.0	0.0	0.0	0.0	0.0
1	0.0	0.0	16	0.0	23.0	0	0.0	0.08857395925597875	0.0	0.0	0.0	0.0	0.0	0.0	0.0
5	0.0	0.0	38	0.0244648318042813	15.66	0	0.0	0.020064205457463884	0.0	0.5	0.0	0.0	0.0	0.0	0.0
2	0.5	1.0	47	0.0	11.84	0	0.3091190108191654	0.0	0.0	0.5	0.0	0.0	0.0	0.0	0.0
0	0.0	0.0	19	0.0454545454545454	0.0	0	0.08771929824561403	0.0	0.0	0.0	0.0	0.0	0.0	0.0	0.0
0	0.0	0.0	30	0.0	0.0	0	0.4504504504504504	0.0	0.0	0.0	0.0	0.0	0.0	0.0	0.0
0	0.0	0.0	19	0.0	0.0	0	0.1079913606911447	0.0	0.0	0.0	0.0	0.0	0.0	0.0	0.0
2	0.5	1.0	47	0.0206185567010309	25.17	0	0.0	0.07317965605561655	0.0	0.25	0.0	0.0	0.0	0.055928411633109625	0.0
3	0.0	0.0	24	0.3571428571428571	15.23	0	0.05924170616113744	0.0	0.0	0.0	0.0	0.0	0.0	0.0	0.0
13	0.0	0.0	48	0.0	15.59	0	0.014596409283316304	0.0	0.0	0.0	0.0	0.0	0.0	0.007298204641658152	0.014052838673412029
4	0.0	0.0	0	0.0	16.26	0	0.0	0.02997601918465228	0.0	0.0	0.0	0.0	0.0	0.0	0.0
1	0.0	0.0	15	0.0	8.87	0	0.4065040650406504	0.0	0.0	0.0	0.0	0.0	0.0	0.0	0.0
1	0.0	0.0	0	0.0	16.81	0	0.0	0.1524390243902439	0.0	0.0	0.0	0.0	0.0	0.0	0.0
0	0.0	0.0	21	0.0	0.0	0	0.0	0.1858736059479554	0.0	0.0	0.0	0.0	0.0	0.0	0.0
0	0.0	0.0	19	0.0	0.0	0	0.6578947368421053	0.0	0.0	0.5	0.0	0.0	0.0	0.6578947368421053	0.0
3	0.0	0.0	31	0.0	22.77	0	0.07451564828614009	0.0	0.0	0.0	0.0	0.0	0.0	0.0	0.0
1	0.0	0.0	33	0.0	27.85	0	0.10111223458038422	0.0	0.0	0.0	0.0	0.0	0.0	0.0	0.0
0	0.0	0.0	16	0.0	0.0	0	0.0444642063139173	0.0	0.0	0.0	0.0	0.0	0.0	0.0444642063139173	0.0
0	0.0	0.0	0	0.0	16.6	0	0.020554984583761562	0.0	0.0	0.5	0.0	0.0	0.0	0.0	0.0
5	0.0	0.0	2	0.1042654028436018	16.2	0	0.0	0.02997601918465228	0.0	0.0	0.0	0.0	0.0	0.0	0.0
2	0.0	0.0	35	0.0	9.32	0	0.17321016166281755	0.0	0.0	6.333333333333333	0.0	0.0	0.0	0.0	0.0
0	0.0	0.0	4	0.0625	16.16	0	0.036231884057971016	0.0	0.0	0.0	0.0	0.0	0.0	0.0	0.0
2	0.0	0.0	0	0.0	16.26	0	0.045167118337850046	0.0	0.0	0.0	0.0	0.0	0.0	0.0	0.0
5	0.0	0.0	17	0.1625	16.56	0	0.0	0.040016006402561026	0.0	0.0	0.0	0.0	0.0	0.0	0.0
4	0.0	0.0	38	0.0	14.6	0	0.0	0.0501002004008016	0.0	0.0	0.0	0.0	0.0	0.0	0.0501002004008016
0	0.0	0.0	14	0.0197368421052631	16.49	0	0.034916201117318434	0.0	0.0	0.25	0.0	0.0	0.0	0.0	0.0
0	0.0	0.0	67	0.0	11.38	0	0.029248318221702253	0.0	0.0	0.0	0.0	0.0	0.0	0.0	0.0
3	0.0	0.0	0	0.0217391304347826	16.21	0	0.0	0.05230125523012552	0.0	0.0	0.0	0.0	0.0	0.0	0.0
0	0.0	0.0	17	0.0	0.0	0	0.0	0.2808988764044944	0.0	0.0	0.0	0.0	0.0	0.0	0.0
1	1.0	0.0	20	0.0886699507389162	10.0	0	0.034071550255536626	0.0	0.0	0.0	0.0	0.0	0.0	0.0	0.0
2	0.0	0.0	1	0.0	16.18	0	0.0	0.14970059880239522	0.0	0.0	0.0	0.0	0.0	0.0	0.0
0	0.6666666666666666	1.0	37	0.0	0.0	0	0.04952947003467063	0.0	0.0	0.0	0.0	0.0	0.0	0.04952947003467063	0.0
3	0.0	0.0	53	0.0	14.95	0	0.018031013342949872	0.0	0.0	0.0	0.0	0.0	0.0	0.0	0.0
2	0.0	0.0	2	0.0754716981132075	16.17	0	0.0	0.0794912559618442	0.0	0.0	0.0	0.0	0.0	0.0	0.0
1	0.0	0.0	0	0.0	16.93	0	0.0	0.18867924528301888	0.0	0.0	0.0	0.0	0.0	0.0	0.0
4	1.0	0.0	22	0.0	14.46	0	0.0	0.186219739292365	0.0	0.0	0.0	0.0	0.0	0.0	0.0
1	0.0	0.0	73	0.0	9.5	0	0.9900990099009901	0.0	0.0	0.0	0.0	0.0	0.0	0.0	0.0
3	0.0	0.0	35	0.0337078651685393	14.89	0	0.030376670716889428	0.0	0.0	0.5	0.0	0.0	0.0	0.0	0.03106554830692762
2	0.0	0.0	47	0.0	13.89	0	0.0	0.046296296296296294	0.0	0.5	0.0	0.0	0.0	0.0	0.0
2	0.0	0.0	42	0.0	12.75	0	0.0	0.01701837985023826	0.0	1.0	0.0	0.0	0.0	0.0	0.0
1	0.0	0.0	43	0.0	14.4	0	0.0	0.030184123151222455	0.0	0.0	0.0	0.0	0.0	0.0	0.0
1	1.0	1.0	40	0.0	0.94	0	0.2040816326530612	0.0	0.0	0.0	0.0	0.0	0.0	0.2040816326530612	0.0
4	0.0	0.0	15	0.0067114093959731	15.95	0	0.023304591004427874	0.0	0.0	0.0	0.0	0.0	0.0	0.0	0.0
0	0.0	0.0	11	0.0	0.0	1	0.0	0.0	0.0	1.0	0.0	0.0	0.0	0.0	0.0
3	0.2	0.3333333333333333	28	0.5217391304347826	47.72	0	0.0	0.5714285714285714	0.0	0.5	0.0	0.0	0.0	0.0	0.0
4	0.0	0.0	0	0.0	16.3	0	0.0	0.02446183953033268	0.0	0.0	0.0	0.0	0.0	0.0	0.0
0	0.0	0.0	18	0.0769230769230769	0.0	0	0.0	0.3225806451612903	0.0	0.0	0.0	0.0	0.0	0.0	0.0
2	0.0	0.0	58	0.0	9.89	0	0.0	0.02587991718426501	0.0	0.0	0.0	0.0	0.0	0.0	0.0
2	0.0	0.0	14	0.0	10.84	0	0.14224751066856328	0.0	0.0	0.0	0.0	0.0	0.0	0.0	0.0
1	0.0	0.0	15	0.0	10.59	0	0.25641025641025644	0.0	0.0	0.0	0.0	0.0	0.0	0.0	0.0
4	0.0	0.0	39	0.22399999999999998	15.31	0	0.026881720430107524	0.0	0.0	0.0	0.0	0.0	0.0	0.0	0.0
4	0.0	0.0	24	0.0	15.84	0	0.020601565718994644	0.0	0.0	0.0	0.0	0.0	0.0	0.020601565718994644	0.0
6	1.0	0.0	36	0.0	31.36	0	0.023402761525860055	0.0	0.0	0.0	0.0	0.0	0.0	0.023402761525860055	0.0
2	0.0	0.0	21	0.0	15.84	0	0.0	0.052083333333333336	0.0	0.0	0.0	0.0	0.0	0.0	0.0
2	0.0	0.0	61	0.0	14.33	0	0.03961965134706815	0.0	0.0	0.0	0.0	0.0	0.0	0.0	0.0
2	0.0	0.0	0	0.0	27.29	0	0.0	0.25	0.0	0.0	0.0	0.0	0.0	0.0	0.0
3	0.0	0.0	67	0.0127388535031847	11.59	0	0.0	0.027548209366391185	0.0	2.0	0.0	0.0	0.0	0.0	0.027548209366391185
0	0.0	0.0	27	0.0714285714285714	0.0	1	0.0	5.2631578947368425	0.0	0.6666666666666666	0.0	0.0	0.0	0.0	0.0
2	0.0	0.0	46	0.0	7.81	0	0.03581661891117478	0.0	0.0	0.0	0.0	0.0	0.0	0.0	0.12106537530266344
1	0.0	0.0	0	0.0	11.5	0	0.0	0.5376344086021505	0.0	0.0	0.0	0.0	0.0	0.0	0.0
2	0.5	1.0	39	0.1481481481481481	5.32	0	0.0	0.04568991775814804	0.0	0.0	0.0	0.0	0.0	0.0	0.0
3	0.0	0.0	0	0.109375	16.81	0	0.0	0.020627062706270627	0.0	6.0	0.0	0.0	0.0	0.0	0.0
4	0.0	0.0	49	0.0	14.56	0	0.02556237218813906	0.0	0.0	0.0	0.0	0.0	0.0	0.0	0.0
2	0.0	0.0	0	0.0	16.85	0	0.0	0.3623188405797102	0.0	0.0	0.0	0.0	0.0	0.0	0.0
1	0.0	1.0	20	0.0	10.0	0	0.4464285714285714	0.0	0.0	0.0	0.0	0.0	0.0	0.0	0.0
0	0.0	1.0	41	0.1025641025641025	0.0	0	0.06915629322268325	0.0	0.0	0.0	0.0	0.0	0.0	0.0	0.0
3	0.5	0.5	41	0.016	40.45	0	0.0	0.029792939073439596	0.0	0.25	0.0	0.0	0.0	0.0	0.014896469536719798
0	0.0	0.0	27	0.0	0.0	0	0.0	0.8064516129032259	0.0	0.0	0.0	0.0	0.0	0.0	0.0
3	0.0	0.0	36	0.1213592233009708	14.97	0	0.024618414574101428	0.0	0.0	0.0	0.0	0.0	0.0	0.0	0.019357336430507164
0	0.0	0.0	16	0.1818181818181818	0.0	1	1.256281407035176	0.11534025374855825	0.0	0.16666666666666666	0.0	0.0	0.0	0.0	0.11534025374855825
4	0.0	0.0	0	0.0	16.73	0	0.0	0.03863987635239567	0.0	1.0	0.0	0.0	0.0	0.0	0.0
1	0.0	0.0	1	0.0	17.27	0	0.0	0.29239766081871343	0.0	0.0	0.0	0.0	0.0	0.0	0.0
0	0.0	0.0	16	0.0	15.53	0	0.0	0.02900232018561485	0.0	0.0	0.0	0.0	0.0	0.0	0.0
0	0.0	0.0	42	0.0	9.69	1	0.5453644025780863	0.7047477744807121	0.0	0.6585365853658537	0.0	0.0	0.0	0.24789291026276647	0.0
0	0.0	0.0	17	0.3333333333333333	0.0	0	0.0	0.7575757575757576	0.0	2.0	0.0	0.0	0.0	0.0	0.0
1	0.0	0.0	14	0.0	4.94	1	0.19249278152069296	0.4195804195804196	0.0	0.375	0.0	0.0	0.0	0.09624639076034648	0.0
1	0.0	0.0	27	0.1736526946107784	9.12	1	0.0	0.09366804046459348	0.2	1.4	0.0	0.0	0.0	0.0	0.0
0	0.0	0.0	29	0.0	0.0	0	0.2604166666666667	0.0	0.0	0.0	0.0	0.0	0.0	0.2604166666666667	0.0
5	0.0	0.0	20	0.0	24.58	0	0.0	0.05602240896358543	0.0	0.0	0.0	0.0	0.0	0.0	0.05602240896358543
2	0.0	0.0	36	0.0	15.98	0	0.0	0.014411298457991065	0.0	0.0	0.0	0.0	0.0	0.0	0.0
0	0.0	0.0	20	0.0	12.67	0	0.0	0.09208103130755065	0.0	0.0	0.0	0.0	0.0	0.0	0.09208103130755065
2	0.0	0.0	22	0.0	15.77	0	0.009066183136899365	0.0	0.0	0.0	0.0	0.0	0.0	0.0	0.0
1	0.0	0.0	19	0.0	9.5	0	0.06830601092896174	0.0	0.0	0.5	0.0	0.0	0.0	0.0	0.0
1	0.0	0.0	17	0.0	15.51	0	0.09746588693957116	0.0	0.0	0.0	0.0	0.0	0.0	0.0	0.0
6	0.0	0.0	47	0.0	15.26	0	0.008996041741633681	0.0	0.0	0.0	0.0	0.0	0.0	0.008996041741633681	0.033178500331785
2	1.0	1.0	39	0.0	15.54	0	0.03757985719654265	0.0	0.0	0.0	0.0	0.0	0.0	0.03757985719654265	0.0
0	0.0	0.0	6	0.0	15.46	0	0.12690355329949238	0.0	0.0	0.0	0.0	0.0	0.0	0.0	0.0
2	0.0	0.0	1	0.0	16.06	0	0.024324981756263683	0.0	0.0	0.0	0.0	0.0	0.0	0.0	0.0
2	0.0	0.0	0	0.082901554404145	16.01	0	0.020876826722338204	0.0	0.0	0.0	0.0	0.0	0.0	0.0	0.0
1	1.0	0.5	43	0.0	2.0	0	0.0	0.05299417064122946	0.0	0.0	0.0	0.0	0.0	0.0	0.05299417064122946
3	0.0	0.0	22	0.0	5.47	0	1.282051282051282	0.0	0.0	0.0	0.0	0.0	0.0	0.0	0.0
3	0.0	0.0	33	0.1824324324324324	15.31	0	0.0	0.019766752322593395	0.0	0.0	0.0	0.0	0.0	0.0	0.0
1	0.0	0.0	17	0.1428571428571428	9.57	0	0.2695417789757412	0.0	0.0	0.0	0.0	0.0	0.0	0.2695417789757412	0.0
1	0.0	0.0	21	0.0714285714285714	10.47	0	0.15527950310559005	0.0	0.0	0.0	0.0	0.0	0.0	0.0	0.0
0	1.0	0.0	37	0.008695652173913	0.0	0	0.012462612163509473	0.0	0.0	0.0	0.0	0.0	0.0	0.0	0.0
0	0.0	0.0	5	0.1111111111111111	0.0	0	0.0	1.7857142857142856	0.0	0.0	0.0	0.0	0.0	0.0	1.7857142857142856
0	0.0	0.0	15	0.0	0.0	0	0.0	0.4672897196261682	0.0	0.5	0.0	0.0	0.0	0.0	0.0
0	0.0	0.0	21	0.0	25.86	1	0.042789901583226354	0.6259780907668232	0.0	0.8888888888888888	0.0	0.0	0.0	0.042789901583226354	0.0
5	0.0	0.0	3	0.0	16.33	0	0.0	0.03969829297340214	0.0	0.0	0.0	0.0	0.0	0.0	0.0
0	0.0	0.0	31	0.0338983050847457	15.87	0	0.0	0.014253135689851768	0.0	0.0	0.0	0.0	0.0	0.0	0.028506271379703536
5	0.0	0.0	41	0.0330578512396694	15.32	0	0.010945709281961471	0.0	0.0	0.0	0.0	0.0	0.0	0.0	0.01098901098901099
2	0.0	0.0	23	0.0	5.92	0	0.0	1.7857142857142856	0.0	0.0	0.0	0.0	0.0	0.0	0.0
4	0.0	0.0	53	0.0392156862745098	13.55	0	0.0	0.025367833587011668	0.0	0.0	0.0	0.0	0.0	0.0	0.0
4	0.0	0.0	30	0.0	56.9	0	0.0	0.8620689655172414	0.0	0.0	0.0	0.0	0.0	0.0	0.0
5	0.0	0.0	52	0.0	8.2	0	0.10526315789473684	0.0	0.0	0.5	0.0	0.0	0.0	0.0	0.0
2	0.0	0.0	31	0.0	15.97	0	0.0	0.026062027625749284	0.0	0.0	0.0	0.0	0.0	0.0	0.0
0	0.0	0.0	22	0.0	0.0	0	0.06410256410256411	0.0	0.0	0.0	0.0	0.0	0.0	0.06410256410256411	0.0
1	0.0	0.0	15	0.0301507537688442	7.0	0	0.0	0.021052631578947368	0.0	0.0	0.0	0.0	0.0	0.0	0.0
2	0.0	0.0	15	0.0	9.95	0	0.08025682182985554	0.0	0.0	0.0	0.0	0.0	0.0	0.0	0.0
1	0.0	0.0	14	0.3103448275862069	4.24	0	0.0	0.1272264631043257	0.0	1.5	0.0	0.0	0.0	0.0	0.0
1	0.0	0.0	0	0.0	17.93	0	0.0	1.4388489208633095	0.0	0.25	0.0	0.0	0.0	0.0	0.0
0	0.0	0.0	14	0.0	0.0	0	1.4084507042253522	0.0	0.0	0.0	0.0	0.0	0.0	0.0	0.0
3	0.0	0.0	36	0.0	16.01	0	0.0	0.026014568158168577	0.0	0.5	0.0	0.0	0.0	0.0	0.039021852237252866
0	0.0	0.0	0	0.0	17.26	0	0.0	0.4132231404958678	0.0	0.5	0.0	0.0	0.0	0.0	0.0
1	0.0	0.0	0	0.0	16.28	0	0.027285129604365622	0.0	0.0	0.0	0.0	0.0	0.0	0.0	0.0
1	0.0	0.0	0	0.0	16.86	0	0.0	0.28735632183908044	0.0	0.0	0.0	0.0	0.0	0.0	0.0
1	0.0	0.0	15	0.0	16.25	0	0.026888948642108095	0.0	0.0	0.5	0.0	0.0	0.0	0.0	0.0
0	0.0	0.0	0	0.0	16.89	0	0.03861003861003861	0.0	0.0	2.0	0.0	0.0	0.0	0.0	0.0
3	0.0	0.0	43	0.0	15.3	0	0.0	0.01872308556450103	0.0	0.0	0.0	0.0	0.0	0.0	0.0
0	0.0	0.0	40	0.0	0.0	0	0.0	1.0416666666666667	0.0	0.0	0.0	0.0	0.0	0.0	0.0
2	1.0	1.0	27	0.0975609756097561	21.92	0	0.0	0.10741138560687433	0.0	0.0	0.0	0.0	0.0	0.0	0.0
1	0.0	0.0	6	0.2337662337662337	4.24	0	0.0	0.17889087656529518	0.0	0.5	0.0	0.0	0.0	0.0	0.0
1	0.0	0.0	0	0.1428571428571428	16.24	0	0.02815315315315315	0.0	0.0	2.0	0.0	0.0	0.0	0.0	0.0
4	0.0	0.0	33	0.0	40.97	0	0.0	0.10779734099892203	0.0	0.0	0.0	0.0	0.0	0.0	0.0
0	0.0	0.0	6	0.6	0.0	0	0.2824858757062147	0.0	0.0	1.0	0.0	0.0	0.0	0.0	0.0
0	0.0	1.0	7	0.3953488372093023	38.91	1	0.0657030223390276	5.084745762711865	0.0	0.5714285714285714	0.0	0.0	0.0	0.0	3.3898305084745766
1	0.0	0.0	36	0.0	1.41	0	0.0	0.08873114463176575	0.0	0.0	0.0	0.0	0.0	0.0	0.0
1	0.0	0.0	29	0.0096153846153846	15.91	0	0.0	0.028465698832906346	0.0	0.0	0.0	0.0	0.0	0.0	0.0
1	0.0	0.0	0	0.1428571428571428	10.0	0	0.0	0.0	0.0	0.0	0.0	0.0	0.0	0.0	0.0
1	0.0	0.0	0	0.0	20.0	0	0.05770340450086556	0.0	0.0	0.0	0.0	0.0	0.0	0.0	0.0
1	0.3333333333333333	0.0	15	0.0891719745222929	3.5	0	0.0	0.022351363433169423	0.0	1.0	0.0	0.0	0.0	0.0	0.0
3	0.0	0.0	72	0.0459770114942528	9.8	1	0.21015761821366025	0.5640864932623002	0.0	0.7708333333333334	0.0	0.0	0.0	0.10507880910683012	0.5484174240050141
0	1.0	1.0	33	0.0	0.0	0	0.0	0.06134969325153374	0.0	0.0	0.0	0.0	0.0	0.0	0.03067484662576687
0	1.0	1.0	17	0.0	0.0	0	0.0	0.02815315315315315	0.0	0.0	0.0	0.0	0.0	0.0	0.0
0	0.0	0.0	18	0.0	0.0	0	0.11325028312570781	0.0	0.0	0.0	0.0	0.0	0.0	0.0	0.0
0	0.0	0.0	45	0.3440860215053763	4.4	0	0.4352557127312296	0.0	0.0	0.125	0.0	0.0	0.0	0.1088139281828074	0.0
3	0.0	0.0	35	0.0	15.7	0	0.016869095816464237	0.0	0.0	0.0	0.0	0.0	0.0	0.0	0.0
1	0.0	0.0	38	0.1	7.36	1	0.0	1.1811023622047243	0.0	0.3333333333333333	0.0	0.0	0.0	0.0	0.984251968503937
3	0.0	0.0	30	0.0	15.43	0	0.0	0.01833180568285976	0.0	0.0	0.0	0.0	0.0	0.0	0.0
5	0.0	0.0	31	0.0	18.7	0	0.0	0.06632765863365024	0.0	0.16666666666666666	0.0	0.0	0.0	0.0	0.0
1	0.0	1.0	0	0.0	9.5	0	0.0	0.20920502092050208	0.0	0.0	0.0	0.0	0.0	0.0	0.0
4	0.0	0.0	2	0.0	16.6	0	0.03602305475504323	0.0	0.0	0.0	0.0	0.0	0.0	0.0	0.0
1	0.0	0.0	0	0.0	16.01	0	0.0	0.029239766081871343	0.0	0.0	0.0	0.0	0.0	0.0	0.0
3	0.0	1.0	0	0.0	23.45	0	0.037037037037037035	0.0	0.0	0.0	0.0	0.0	0.0	0.0	0.0
1	0.0	0.0	62	0.0	10.0	0	0.13550135501355015	0.0	0.0	0.0	0.0	0.0	0.0	0.0	0.0
5	0.0	0.0	16	0.0	16.0	0	0.03661662394727206	0.0	0.0	0.0	0.0	0.0	0.0	0.0	0.0
3	0.0	0.0	39	0.0129870129870129	13.77	0	0.04566210045662101	0.0	0.0	0.0	0.0	0.0	0.0	0.0	0.0
2	0.0	0.0	3	0.0	16.6	0	0.0	0.06653359946773121	0.0	0.0	0.0	0.0	0.0	0.0	0.0
2	0.0	0.0	47	0.0	4.84	0	0.0	1.2195121951219512	0.0	0.0	0.0	0.0	0.0	0.0	0.0
0	0.0	1.0	15	0.0	0.0	0	0.44052863436123346	0.0	0.0	0.5	0.0	0.0	0.0	0.0	0.0
1	0.0	0.0	26	0.0	9.5	0	0.0	0.14124293785310735	0.0	0.0	0.0	0.0	0.0	0.0	0.0
1	0.0	0.0	12	0.0	13.6	0	0.15772870662460567	0.0	0.0	1.0	0.0	0.0	0.0	0.0	0.0
1	0.0	0.0	0	0.0	17.1	0	0.0	0.26881720430107525	0.0	0.0	0.0	0.0	0.0	0.0	0.0
1	0.0	0.0	42	0.0	5.49	0	0.19920318725099603	0.0	0.0	0.0	0.0	0.0	0.0	0.0	0.0
1	0.0	0.0	41	0.0	4.0	0	0.0	0.625	0.0	1.0	0.0	0.0	0.0	0.0	0.0
7	0.0	0.0	0	0.0121951219512195	16.43	0	0.03927729772191673	0.0	0.0	0.0	0.0	0.0	0.0	0.0	0.0
0	0.0	0.3333333333333333	17	0.0	0.0	0	0.5025125628140703	0.0	0.0	0.0	0.0	0.0	0.0	0.0	0.0
2	0.0	0.0	1	0.0	16.89	0	0.0	0.2577319587628866	0.0	0.0	0.0	0.0	0.0	0.0	0.0
1	0.0	0.0	0	0.0	9.5	0	0.0	0.19157088122605365	0.0	0.0	0.0	0.0	0.0	0.0	0.0
1	0.0	0.0	2	0.0	19.0	0	0.0	0.03772161448509996	0.0	0.0	0.0	0.0	0.0	0.0	0.0
3	0.0	0.0	44	0.0	13.61	0	0.0	0.013412017167381975	0.0	1.0	0.0	0.0	0.0	0.0	0.0
0	0.0	0.0	9	0.0625	0.0	0	0.14124293785310735	0.0	0.0	1.0	0.0	0.0	0.0	0.0	0.0
1	0.0	0.0	0	0.0	9.5	0	0.0	2.3255813953488373	0.0	0.0	0.0	0.0	0.0	0.0	0.0
3	0.0	0.0	36	0.0927835051546391	15.9	0	0.0	0.18656716417910446	0.0	0.0	0.0	0.0	0.0	0.0	0.3731343283582089
2	0.0	0.0	17	0.1666666666666666	6.22	0	0.5263157894736842	0.0	0.0	0.0	0.0	0.0	0.0	0.0	0.0
1	0.0	0.0	16	0.0	9.46	0	0.0	0.24271844660194175	0.0	0.0	0.0	0.0	0.0	0.0	0.0
2	0.0	0.0	0	0.0	16.34	0	0.014072614691809739	0.0	0.0	0.0	0.0	0.0	0.0	0.0	0.0
4	0.0	0.0	18	0.0	15.69	0	0.02865329512893983	0.0	0.0	0.5	0.0	0.0	0.0	0.0	0.0
4	0.0	0.0	41	0.0	14.32	0	0.035398230088495575	0.0	0.0	0.0	0.0	0.0	0.0	0.0	0.0
1	0.0	0.0	36	0.0	11.25	0	0.10010010010010009	0.0	0.0	0.5	0.0	0.0	0.0	0.0	0.0
1	1.0	0.0	30	0.028169014084507005	9.5	0	0.13764624913971094	0.0	0.0	0.0	0.0	0.0	0.0	0.0	0.0
3	0.0	0.0	21	0.0126582278481012	17.38	0	0.038850038850038855	0.0	0.0	0.5	0.0	0.0	0.0	0.0	0.0
5	0.0	0.0	79	0.0135593220338983	14.07	0	0.010490977759127152	0.0	0.0	0.0	0.0	0.0	0.0	0.0	0.0
0	0.0	0.0	20	0.0	0.0	0	0.8403361344537815	0.0	0.0	0.5	0.0	0.0	0.0	0.0	0.0
0	1.0	0.0	51	0.0	0.0	1	0.3921568627450981	0.19685039370078738	0.0	0.6666666666666666	0.0	0.0	0.0	0.3921568627450981	0.0
3	0.0	0.0	35	0.0	14.99	0	0.0	0.01383891502906172	0.0	0.0	0.0	0.0	0.0	0.0	0.0
4	0.0	0.0	20	0.2558139534883721	15.52	0	0.0	0.052521008403361345	0.0	0.0	0.0	0.0	0.0	0.0	0.0
1	0.0	0.0	0	0.0	9.5	0	0.0	0.9433962264150942	0.0	0.0	0.0	0.0	0.0	0.0	0.0
4	0.0	0.0	36	0.0	16.08	0	0.013000520020800831	0.0	0.0	1.0	0.0	0.0	0.0	0.013000520020800831	0.0
7	0.5	0.0	35	0.0	17.84	0	0.04	0.03915426781519186	0.0	0.0	0.0	0.0	0.0	0.0	0.0
0	0.0	0.0	38	0.0	0.0	0	0.0	0.7575757575757576	0.0	0.0	0.0	0.0	0.0	0.0	0.0
0	0.0	0.0	30	0.0	0.0	0	0.0	0.03379520108144644	0.0	0.0	0.0	0.0	0.0	0.0	0.0
1	0.0	0.0	17	0.4	5.31	0	3.571428571428571	0.0	0.0	0.0	0.0	0.0	0.0	0.0	0.0
0	0.0	0.0	17	0.0425531914893617	0.0	0	0.0	0.02498750624687656	0.0	0.0	0.0	0.0	0.0	0.0	0.0
1	0.0	0.0	16	0.0	9.5	0	0.9259259259259258	0.0	0.0	0.5	0.0	0.0	0.0	0.0	0.0
1	0.0	0.0	0	0.0	10.5	0	0.0	0.3048780487804878	0.0	0.0	0.0	0.0	0.0	0.0	0.0
12	0.0	0.0	2	0.1182266009852216	17.09	0	0.022825838849577722	0.0	0.0	2.0	0.0	0.0	0.0	0.0	0.0
1	0.0	0.0	2	0.0	16.65	0	0.0	0.034447123665173954	0.0	0.0	0.0	0.0	0.0	0.0	0.0
1	0.0	0.0	15	0.0	13.19	0	0.14144271570014144	0.0	0.0	0.0	0.0	0.0	0.0	0.14144271570014144	0.0
3	0.0	0.0	42	0.1390134529147982	14.78	0	0.03652300949598247	0.0	0.0	0.0	0.0	0.0	0.0	0.0	0.0
3	0.0	0.0	18	0.087719298245614	16.18	0	0.008898380494749955	0.0	0.0	0.0	0.0	0.0	0.0	0.0	0.0
4	0.2	0.0	39	0.0	28.59	0	0.0	0.2004008016032064	0.0	0.0	0.0	0.0	0.0	0.0	0.0
0	0.0	0.0	45	0.0	0.0	0	0.0	0.16447368421052633	0.0	0.0	0.0	0.0	0.0	0.0	0.0
0	0.0	1.0	40	0.09375	0.0	1	1.3231197771587744	0.0	0.10526315789473684	0.631578947368421	0.0	0.1392757660167131	0.0	0.0	0.0
3	0.0	0.0	31	0.0	15.21	0	0.032669062397909183	0.0	0.0	0.0	0.0	0.0	0.0	0.0	0.0
1	0.0	1.0	14	0.0	15.08	0	0.3824091778202677	0.0	0.0	0.0	0.0	0.0	0.0	0.0	0.0
1	0.0	0.0	26	0.0	7.22	0	0.47619047619047616	0.0	0.0	0.0	0.0	0.0	0.0	0.0	0.0
1	0.0	0.0	16	0.0	13.61	0	0.05931198102016608	0.0	0.0	0.0	0.0	0.0	0.0	0.0	0.0
0	0.0	0.0	37	0.1037735849056603	15.16	0	0.0	0.02594033722438392	0.0	1.0	0.0	0.0	0.0	0.02587991718426501	0.0
1	0.0	0.0	7	0.0	19.0	0	0.26595744680851063	0.0	0.0	0.5	0.0	0.0	0.0	0.0	0.0
4	0.0	0.0	40	0.0	15.74	0	0.0	0.024455857177794083	0.0	0.0	0.0	0.0	0.0	0.0	0.012227928588897041
1	0.0	0.0	20	0.0	9.5	0	50.0	0.0	0.0	0.0	0.0	0.0	0.0	0.0	0.0
1	0.0	0.0	69	0.0	5.07	0	0.0	0.4854368932038835	0.0	0.25	0.0	0.0	0.0	0.0	0.12135922330097088
2	0.0	0.0	35	0.0	8.37	0	0.0	0.08517887563884156	0.0	0.0	0.0	0.0	0.0	0.0	0.0
6	0.0	0.0	23	0.0	16.32	0	0.0	0.01223091976516634	0.0	1.0	0.0	0.0	0.0	0.0	0.0
4	0.0	0.0	28	0.0769230769230769	5.63	0	0.5263157894736842	0.0	0.0	0.0	0.0	0.0	0.0	0.0	0.0
1	0.0	0.0	1	0.0	16.46	0	12.5	0.0	0.0	0.0	0.0	0.0	0.0	0.0	0.0
2	0.0	0.0	47	0.0	9.69	0	0.05896226415094339	0.0	0.0	0.0	0.0	0.0	0.0	0.05896226415094339	0.0
4	1.0	0.5	0	0.0	51.44	0	0.007890168849613383	0.026874496103198066	0.0	0.0	0.0	0.0	0.0	0.0	0.0
1	0.0	0.0	17	0.0	10.5	0	0.04409171075837742	0.0	0.0	0.0	0.0	0.0	0.0	0.0	0.0
2	0.0	0.0	1	0.0	16.96	0	0.0	0.11481056257175659	0.0	0.5	0.0	0.0	0.0	0.0	0.0
3	0.0	0.0	19	0.0	10.71	0	1.6556291390728477	0.0	0.0	0.0	0.0	0.0	0.0	0.0	0.0
3	0.0	0.0	31	0.0	13.02	0	0.04764173415912339	0.0	0.5	0.0	0.0	0.0	0.0	0.0	0.0
1	0.0	0.0	52	0.0	9.5	0	0.18050541516245489	0.0	0.0	0.0	0.0	0.0	0.0	0.0	0.0
2	0.0	0.0	2	0.0	16.35	0	0.0	0.07849293563579278	0.0	1.0	0.0	0.0	0.0	0.0	0.0
1	1.0	0.0	1	0.0	9.9	0	0.0	0.5376344086021505	0.0	0.0	0.0	0.0	0.0	0.0	0.0
2	0.0	0.0	51	0.0	11.18	1	0.717772035601493	0.0	0.0	0.82	0.0	0.0	0.0	0.0	0.05750431282346176
3	0.0	0.0	2	0.1181818181818181	16.16	0	0.0	0.05324813631522896	0.0	0.0	0.0	0.0	0.0	0.0	0.0
2	0.0	0.0	0	0.0	16.34	0	0.0	0.030257186081694407	0.0	0.5	0.0	0.0	0.0	0.0	0.0
0	0.0	0.0	0	0.0029585798816568	16.17	0	0.0	0.01563721657544957	0.0	0.0	0.0	0.0	0.0	0.0	0.0
6	0.0	0.0	33	0.0	15.68	0	0.0	0.016268098259313486	0.0	0.5	0.0	0.0	0.0	0.009788566953797965	0.0
2	0.0	0.0	0	0.0	17.05	0	0.0	0.29069767441860467	0.0	0.0	0.0	0.0	0.0	0.0	0.0
0	0.0	0.0	20	0.0	0.0	0	0.17605633802816903	0.0	0.0	0.0	0.0	0.0	0.0	0.0	0.0
0	0.0	0.0	13	0.4285714285714285	0.0	0	0.53475935828877	0.0	0.0	1.0	0.0	0.0	0.0	0.0	0.0
0	0.0	0.0	26	0.0	0.0	0	0.0	0.4	0.0	0.0	0.0	0.0	0.0	0.0	0.0
2	0.0	0.0	69	0.0	10.79	0	0.20449897750511248	0.0	0.0	0.0	0.0	0.0	0.0	0.0	0.0
1	0.0	0.0	0	0.0	10.0	0	0.0	0.39370078740157477	0.0	0.0	0.0	0.0	0.0	0.0	0.0
0	0.0	0.0	41	0.0	0.0	0	0.2724795640326976	0.0	0.0	0.0	0.0	0.0	0.0	0.2724795640326976	0.0
0	1.0	0.0	47	0.09174311926605498	0.0	0	0.0	0.049407114624505935	0.0	0.0	0.0	0.0	0.0	0.0	0.0
4	0.0	0.0	52	0.0476190476190476	14.33	0	0.010869565217391304	0.0	0.0	0.0	0.0	0.0	0.0	0.0	0.03210272873194222
1	0.0	0.0	0	0.0	16.17	0	0.0	0.09233610341643582	0.0	0.0	0.0	0.0	0.0	0.0	0.0
5	0.0	0.0	23	0.0	12.22	0	0.0	0.11190689346463742	0.0	0.0	0.0	0.0	0.0	0.0	0.0
4	0.0	0.0	68	0.1032028469750889	14.21	0	0.0	0.02206531332744925	0.0	0.0	0.0	0.0	0.0	0.0	0.0
0	0.0	0.0	36	0.0	0.0	0	0.04805382027871216	0.0	0.0	0.0	0.0	0.0	0.0	0.0	0.0
3	0.0	0.0	1	0.5229357798165137	16.64	0	0.11792452830188678	0.0	0.0	0.0	0.0	0.0	0.0	0.0	0.0
1	0.3333333333333333	0.0	16	0.0	67.42	0	0.0	0.04	0.0	0.0	0.0	0.0	0.0	0.0	0.02
2	0.0	0.0	29	0.0	6.28	1	0.0	100.0	0.0	1.5	0.0	0.0	0.0	0.0	0.0
1	0.0	0.0	35	0.0	14.45	0	0.0	0.04355400696864111	0.0	0.0	0.0	0.0	0.0	0.03198976327575176	0.0
1	0.0	0.0	24	0.0	6.64	0	0.4716981132075471	0.0	0.0	0.0	0.0	0.0	0.0	0.0	0.0
0	0.0	0.0	1	0.0	16.75	0	0.034223134839151265	0.0	0.0	0.0	0.0	0.0	0.0	0.0	0.0
12	0.0	0.0	44	0.0	15.53	0	0.01719986240110079	0.0	0.0	0.0	0.0	0.0	0.0	0.008599931200550396	0.007599939200486396
4	0.0	0.0	36	0.0	14.16	0	0.0	0.03927729772191673	0.0	0.0	0.0	0.0	0.0	0.01874765654293213	0.0
2	0.0	0.0	42	0.0	14.94	0	0.0	0.029682398337785694	0.0	0.0	0.0	0.0	0.0	0.0	0.0
4	0.0	0.0	60	0.0	5.19	0	0.2320185614849188	0.0	0.0	0.0	0.0	0.0	0.0	0.0	0.0
2	0.0	0.0	33	0.0	6.16	0	0.22123893805309736	0.0	0.0	0.0	0.0	0.0	0.0	0.0	0.0
1	0.0	0.0	1	0.0	16.3	0	0.0	0.1322751322751323	0.0	0.0	0.0	0.0	0.0	0.0	0.0
2	0.0	0.0	38	0.0	12.95	0	0.03930817610062893	0.0	0.0	0.0	0.0	0.0	0.0	0.0	0.0
1	1.0	0.0	45	0.0196078431372549	27.81	1	0.0	0.8849557522123893	0.0	1.0	0.0	0.0	0.0	0.11074197120708748	0.5162241887905604
2	0.0	0.0	31	0.0	12.85	0	0.047125353440150806	0.0	0.0	0.0	0.0	0.0	0.0	0.0	0.0
2	0.0	0.0	1	0.0	16.56	0	0.21097046413502107	0.0	0.0	0.0	0.0	0.0	0.0	0.0	0.0
3	0.0	0.0	21	0.0	15.6	0	0.03599712023038157	0.0	0.0	0.0	0.0	0.0	0.0	0.03599712023038157	0.0
1	0.0	0.0	0	0.0	17.11	0	0.0	0.07352941176470588	0.0	0.0	0.0	0.0	0.0	0.0	0.0
0	0.0	0.0	8	0.0	0.0	1	3.2258064516129035	0.0	0.0	0.5	0.0	0.0	0.0	0.0	0.0
0	0.0	0.0	19	0.0	0.0	0	0.2252252252252252	0.0	0.0	0.0	0.0	0.0	0.0	0.0	0.0
1	0.0	0.0	43	0.0	7.94	0	0.0	0.16447368421052633	0.0	0.0	0.0	0.0	0.0	0.0	0.16447368421052633
0	0.0	0.0	26	0.0	0.0	1	0.0	0.6944444444444444	0.0	1.0	0.0	0.0	0.0	0.0	0.0
5	0.0	0.0	47	0.0	14.96	0	0.0	0.021762785636561477	0.0	1.0	0.0	0.0	0.0	0.0	0.0
1	0.0	0.0	0	0.0	10.0	0	0.0	0.0	0.0	0.0	0.0	0.0	0.0	0.0	0.0
0	0.0	0.0	15	0.0	0.0	0	0.07230657989877079	0.0	0.0	0.0	0.0	0.0	0.0	0.0	0.0
1	0.0	0.0	23	0.0754716981132075	14.44	0	0.13404825737265416	0.0	0.0	0.0	0.0	0.0	0.0	0.0	0.0
1	0.0	0.0	2	0.0	18.5	0	0.0	0.07874015748031496	0.0	0.0	0.0	0.0	0.0	0.0	0.0
4	0.0	0.0	0	0.2829736211031175	16.16	0	0.01991635132443736	0.0	0.0	0.0	0.0	0.0	0.0	0.0	0.0
4	0.0	0.0	58	0.0808080808080808	9.45	0	0.0	0.06313131313131314	0.0	0.0	0.0	0.0	0.0	0.0	0.0
1	0.0	0.0	62	0.0	6.17	0	0.1152073732718894	0.0	0.0	0.0	0.0	0.0	0.0	0.0	0.0
2	0.0	0.0	17	0.0	15.6	0	0.0	0.014688601645123384	0.0	1.0	0.0	0.0	0.0	0.0	0.0
1	0.0	0.0	0	0.0	16.76	0	0.0	0.09074410163339383	0.0	0.0	0.0	0.0	0.0	0.0	0.0
2	0.0	0.0	0	0.0	16.43	0	0.5555555555555556	0.0	0.0	0.0	0.0	0.0	0.0	0.0	0.0
1	0.0	0.0	16	0.0	13.2	0	0.12562814070351758	0.0	0.0	0.0	0.0	0.0	0.0	0.0	0.0
1	0.0	0.0	27	0.0	11.04	0	0.0	0.07763975155279502	0.0	0.0	0.0	0.0	0.0	0.0	0.0
0	0.0	0.0	34	0.1666666666666666	0.0	0	0.8333333333333334	0.0	0.0	0.0	0.0	0.0	0.0	0.4166666666666667	0.0
1	0.0	0.0	43	0.2064516129032258	13.35	0	0.0	0.061919504643962855	0.0	0.0	0.0	0.0	0.0	0.0	0.0
5	0.0	0.0	37	0.0	15.52	0	0.0	0.009194556822361161	0.0	0.0	0.0	0.0	0.0	0.0	0.009194556822361161
0	0.0	0.0	46	0.0	14.63	0	0.011462631820265934	0.0	0.0	4.0	0.0	0.0	0.0	0.011462631820265934	0.0
5	0.0	0.0	30	0.0108108108108108	15.09	0	0.04506534474988733	0.0	0.0	0.0	0.0	0.0	0.0	0.04506534474988733	0.0
1	0.0	0.0	47	0.0	14.66	0	0.0	0.023940627244433802	0.0	0.0	0.0	0.0	0.0	0.0	0.011970313622216901
0	0.0	0.0	22	0.0	0.0	1	0.0	0.49504950495049505	0.0	1.0	0.0	0.0	0.0	0.0	0.0
3	0.0	0.0	60	0.0186915887850467	8.22	0	0.0563063063063063	0.0	0.0	0.0	0.0	0.0	0.0	0.02815315315315315	0.0
1	0.0	0.0	1	0.0	16.22	0	0.0	0.04056795131845842	0.0	0.0	0.0	0.0	0.0	0.0	0.0
4	1.0	1.0	80	0.0	43.9	0	0.0	0.057870370370370364	0.0	0.0	0.0	0.0	0.0	0.0	0.0
0	0.0	0.0	32	0.0833333333333333	0.0	1	0.0	3.409090909090909	0.0	0.3333333333333333	0.0	0.0	0.0	0.0	2.840909090909091
4	0.0	0.0	0	0.1420765027322404	16.29	0	0.0	0.030797659377887282	0.0	1.0	0.0	0.0	0.0	0.0	0.0
4	0.0	0.0	20	0.0	16.26	0	0.0	0.03445899379738112	0.0	0.5	0.0	0.0	0.0	0.0	0.0
1	0.0	0.0	0	0.0	17.29	0	0.0	0.1996007984031936	0.0	0.0	0.0	0.0	0.0	0.0	0.0
2	0.0	0.0	31	0.0	15.57	0	0.04186728072011722	0.0	0.0	0.0	0.0	0.0	0.0	0.0	0.0
2	0.0	0.0	16	0.0	18.71	0	0.28328611898017	0.0	0.0	0.25	0.0	0.0	0.0	0.0	0.0
1	0.0	0.0	19	0.0	14.05	0	0.07518796992481203	0.0	0.0	0.0	0.0	0.0	0.0	0.0	0.0
2	0.0	0.0	39	0.0	11.24	0	0.07446016381236038	0.0	0.0	0.0	0.0	0.0	0.0	0.07446016381236038	0.023030861354214647
1	0.0	0.0	0	0.0	9.5	0	0.0	11.11111111111111	0.0	0.25	0.0	0.0	0.0	0.0	0.0
0	0.0	0.0	14	0.0	18.71	0	0.1288659793814433	0.0	0.0	0.0	0.0	0.0	0.0	0.0	0.0
2	0.0	0.0	1	0.0220994475138121	17.17	0	0.03558718861209964	0.0	0.0	0.0	0.0	0.0	0.0	0.0	0.0
2	0.5	1.0	5	0.04	15.86	0	0.0	0.14275517487508924	0.0	0.0	0.0	0.0	0.0	0.0	0.0
2	0.0	1.0	0	0.0	20.17	0	0.0	0.13661202185792348	0.0	0.5	0.0	0.0	0.0	0.0	0.0
1	0.0	0.0	75	0.0	9.5	0	50.0	0.0	0.0	0.0	0.0	0.0	0.0	0.0	0.0
1	0.0	0.0	19	0.3	5.59	0	0.6666666666666666	0.0	0.0	0.5	0.0	0.0	0.0	0.0	0.0
0	1.0	0.0	16	0.0	0.0	0	0.0	0.14970059880239522	0.0	0.0	0.0	0.0	0.0	0.0	0.0
0	0.0	0.0	18	0.2666666666666666	0.0	0	1.923076923076923	0.0	0.0	0.0	0.0	0.0	0.0	0.0	0.0
1	0.0	0.5	41	0.0232558139534883	8.11	1	1.1874469889737067	0.11094674556213018	0.0	0.6774193548387096	0.0	0.0	0.0	0.0	0.11094674556213018
3	0.0	0.0	36	0.0431654676258992	13.69	0	0.04688232536333802	0.0	0.0	0.0	0.0	0.0	0.0	0.0	0.0
0	1.0	0.0	17	0.0606060606060606	0.0	0	0.0	0.08928571428571429	0.0	0.0	0.0	0.0	0.0	0.0	0.0
1	0.0	0.0	35	0.0	10.85	0	0.028587764436821043	0.0	0.0	0.0	0.0	0.0	0.0	0.028587764436821043	0.0
2	0.0	0.0	26	0.0	15.72	0	0.0	0.03915426781519186	0.0	0.0	0.0	0.0	0.0	0.0	0.0
2	0.0	0.0	45	0.0	9.66	0	0.0	0.05938242280285036	0.0	0.0	0.0	0.0	0.0	0.0	0.02969121140142518
0	0.0	0.0	15	0.0	0.0	0	0.35211267605633806	0.0	0.0	0.0	0.0	0.0	0.0	0.0	0.0
1	0.0	0.0	0	0.0	9.5	0	0.0	0.30120481927710846	0.0	0.0	0.0	0.0	0.0	0.0	0.0
2	1.0	0.0	42	0.0	15.17	0	0.05757052389176741	0.0	0.0	0.0	0.0	0.0	0.0	0.028785261945883704	0.0
0	0.3333333333333333	0.0	60	0.1538461538461538	0.0	1	0.0	14.634146341463415	0.041666666666666664	0.5833333333333334	0.6097560975609756	0.0	0.3333333333333333	0.0	0.6097560975609756
0	1.0	0.0	56	0.0277777777777777	13.51	1	0.0	12.82051282051282	0.05	0.7	0.641025641025641	0.0	1.0	0.0	0.0
6	0.0	0.0	0	0.005181347150259	16.02	0	0.012853470437017995	0.0	0.0	0.0	0.0	0.0	0.0	0.0	0.0
3	0.0	0.0	2	0.0	16.17	0	0.0	0.031347962382445145	0.0	0.0	0.0	0.0	0.0	0.0	0.0
1	0.0	0.0	45	0.0	13.74	0	0.03110419906687403	0.0	0.0	0.0	0.0	0.0	0.0	0.0	0.018910741301059
1	0.0	0.0	27	0.0	16.23	0	0.0	0.0171291538198013	0.0	0.0	0.0	0.0	0.0	0.0	0.0
4	0.0	0.0	56	0.0327868852459016	13.67	0	0.0	0.05750431282346176	0.0	0.25	0.0	0.0	0.0	0.027419797093501508	0.0
2	0.0	0.0	34	0.0	14.17	0	0.06222775357809583	0.0	0.0	0.5	0.0	0.0	0.0	0.0	0.015142337976983646
13	0.0	0.0	1	0.0	16.31	0	0.0	0.01801477211313277	0.0	0.0	0.0	0.0	0.0	0.0	0.0
2	0.0	0.0	29	0.0	12.14	0	0.1762114537444934	0.0	0.0	0.0	0.0	0.0	0.0	0.0	0.0
0	0.0	0.0	46	0.0	0.0	0	0.0	0.2066115702479339	0.0	0.5	0.0	0.0	0.0	0.0	0.0
0	0.0	0.0	11	0.0	0.0	0	50.0	0.0	0.0	1.0	0.0	0.0	0.0	0.0	0.0
2	0.0	0.0	39	0.0782122905027933	11.81	0	0.0	0.02224199288256228	0.0	0.0	0.0	0.0	0.0	0.0	0.01112099644128114
0	0.0	0.0	19	0.15	0.0	0	0.0	0.14245014245014245	0.0	0.0	0.0	0.0	0.0	0.0	0.0
4	0.0	0.0	28	0.0384615384615384	14.28	0	0.0	0.05399568034557235	0.0	0.0	0.0	0.0	0.0	0.0	0.0
7	0.0	0.0	56	0.0714285714285714	5.22	0	0.0	0.19011406844106465	0.0	0.0	0.0	0.0	0.0	0.0	0.0
6	1.0	0.0	21	0.0	24.04	0	0.07352941176470588	0.0	0.0	0.16666666666666666	0.0	0.0	0.0	0.0	0.0
0	0.0	0.0	2	0.0	17.18	0	0.0	0.02032520325203252	0.0	1.0	0.0	0.0	0.0	0.0	0.0
1	0.0	0.0	18	0.0	5.19	0	0.49504950495049505	0.0	0.0	0.0	0.0	0.0	0.0	0.49504950495049505	0.0
2	0.0	0.0	0	0.0	17.13	0	0.0	1.8181818181818181	0.0	0.0	0.0	0.0	0.0	0.0	0.0
0	0.0	0.0	31	0.0	0.0	1	0.0	0.8670520231213873	0.0	1.0	0.0	0.0	0.0	0.0	0.0
0	0.0	0.0	16	0.2941176470588235	0.0	0	0.49019607843137253	0.0	0.0	0.5	0.0	0.0	0.0	0.0	0.0
0	0.0	0.0	22	0.16	0.0	0	0.1314060446780552	0.0	0.0	1.0	0.0	0.0	0.0	0.0	0.0
1	0.0	0.0	26	0.0425531914893617	10.21	0	0.1733102253032929	0.0	0.0	0.0	0.0	0.0	0.0	0.0	0.0
0	0.0	0.0	30	0.0	25.0	0	0.0	0.12658227848101264	0.0	0.0	0.0	0.0	0.0	0.0	0.06329113924050632
3	0.0	0.0	27	0.0	15.17	0	0.0	0.027173913043478264	0.0	0.0	0.0	0.0	0.0	0.0	0.0
1	0.0	0.0	42	0.0	19.8	0	0.4672897196261682	0.0	0.0	0.5	0.0	0.0	0.0	0.0	0.0
3	0.0	0.0	47	0.1612903225806451	14.39	0	0.05219206680584551	0.0	0.0	1.0	0.0	0.0	0.0	0.0	0.0
2	0.0	0.0	45	0.3070175438596491	13.57	0	0.0	0.01460706982179375	0.0	0.0	0.0	0.0	0.0	0.0	0.0
3	0.0	0.0	29	0.0254237288135593	15.77	0	0.0	0.017705382436260624	0.0	0.0	0.0	0.0	0.0	0.0	0.0
2	1.0	0.0	35	0.0	20.04	0	0.0	0.08488964346349746	0.0	0.0	0.0	0.0	0.0	0.0	0.0
4	0.0	0.0	30	0.0105263157894736	15.1	0	0.03995205753096284	0.0	0.0	0.0	0.0	0.0	0.0	0.03995205753096284	0.0
1	0.0	0.0	0	0.0	16.25	0	0.0	0.13289036544850497	0.0	0.0	0.0	0.0	0.0	0.0	0.0
1	0.0	0.0	0	0.0	18.11	0	0.0	0.42372881355932207	0.0	1.0	0.0	0.0	0.0	0.0	0.0
16	0.0	0.0	65	0.0	15.79	0	2.0833333333333335	0.0	0.0	0.16666666666666666	0.0	0.0	0.0	0.0	0.0
1	0.0	0.0	0	0.0416666666666666	9.5	0	0.0	0.16181229773462785	0.0	0.0	0.0	0.0	0.0	0.0	0.0
20	0.0	0.0	28	0.0	16.35	0	0.054010261949770454	0.0	0.0	3.25	0.0	0.0	0.0	0.013502565487442613	0.0
3	0.0	0.3333333333333333	52	0.0428571428571428	12.42	1	2.8716216216216215	0.0580046403712297	0.05263157894736842	0.5263157894736842	0.0	0.16891891891891891	0.0	0.0	0.0580046403712297
3	0.0	0.0	4	0.0820895522388059	32.32	0	0.032247662044501774	0.0	0.0	0.5	0.0	0.0	0.0	0.0	0.0
1	0.0	0.0	0	0.0	17.09	0	0.0	0.0	0.0	0.5	0.0	0.0	0.0	0.0	0.0
0	0.0	0.0	10	0.0	0.0	1	0.0	2.1739130434782608	0.0	1.0	0.0	0.0	0.0	0.0	0.0
1	0.0	0.0	33	0.0	22.26	0	0.05485463521667581	0.0	0.0	0.0	0.0	0.0	0.0	0.027427317608337904	0.0
3	0.0	0.0	44	0.0	13.63	0	0.0	0.026343519494204427	0.0	0.0	0.0	0.0	0.0	0.0	0.0
4	0.0	0.0	33	0.0277777777777777	11.18	0	0.061614294516327786	0.0	0.0	2.0	0.0	0.0	0.0	0.0	0.0
0	0.0	1.0	34	0.0	0.0	1	0.045167118337850046	1.3054830287206267	0.0	0.9090909090909091	0.0	0.0	0.0	0.045167118337850046	0.0
1	0.0	0.0	14	0.2983870967741935	16.57	0	0.0	0.05376344086021505	0.0	2.0	0.0	0.0	0.0	0.0	0.05376344086021505
3	0.0	0.0	0	0.3252032520325203	16.4	0	0.0	0.054824561403508776	0.0	0.0	0.0	0.0	0.0	0.0	0.0
2	0.0	0.0	0	0.0	17.58	0	0.0	0.29940119760479045	0.0	0.0	0.0	0.0	0.0	0.0	0.0
1	0.0	0.0	0	0.0	18.04	0	0.0	0.16025641025641024	0.0	4.0	0.0	0.0	0.0	0.0	0.0
0	0.0	0.0	2	0.1644736842105263	20.68	0	0.0	0.09618467457518436	0.0	0.16666666666666666	0.0	0.0	0.0	0.0	0.0
2	0.3333333333333333	0.5	0	0.0	23.84	0	0.0	0.05534034311012728	0.0	0.0	0.0	0.0	0.0	0.0	0.0
6	0.0	0.0	28	0.0	14.84	0	0.0	0.025163563160543533	0.0	0.0	0.0	0.0	0.0	0.0	0.0
2	0.0	0.0	37	0.0	15.44	0	0.0	0.015055706112616682	0.0	0.0	0.0	0.0	0.0	0.0	0.0
0	1.0	0.0	35	0.0	0.0	0	0.0	0.06578947368421052	0.0	0.0	0.0	0.0	0.0	0.0	0.06578947368421052
9	0.0	0.0	65	0.0	13.86	0	0.019615535504119264	0.0	0.0	0.0	0.0	0.0	0.0	0.019615535504119264	0.0
1	0.0	0.0	39	0.0	15.21	0	0.029342723004694836	0.0	0.0	0.0	0.0	0.0	0.0	0.029342723004694836	0.0
0	0.0	0.0	14	0.0285714285714285	0.0	0	0.052770448548812667	0.0	0.0	0.0	0.0	0.0	0.0	0.0	0.0
2	1.0	0.0	0	0.0	14.8	0	0.0	0.48780487804878053	0.0	0.25	0.0	0.0	0.0	0.0	0.0
1	0.0	0.0	18	0.0	10.33	0	0.14184397163120568	0.0	0.0	0.0	0.0	0.0	0.0	0.0	0.0
0	0.0	1.0	15	0.0	0.0	0	0.8658008658008658	0.0	0.0	0.0	0.0	0.0	0.0	0.0	0.0
1	0.0	0.0	20	0.0	14.36	0	0.0	0.06877579092159561	0.0	0.0	0.0	0.0	0.0	0.0	0.0
1	0.0	0.0	17	0.0	0.47	1	1.1494252873563218	0.0	0.0	1.5	0.0	0.0	0.0	0.0	0.14836795252225518
1	0.0	0.0	0	0.1666666666666666	17.07	0	0.0	0.5434782608695652	0.0	0.0	0.0	0.0	0.0	0.0	0.0
3	0.0	0.0	1	0.0	16.67	0	0.05246589716684156	0.0	0.0	0.5	0.0	0.0	0.0	0.0	0.0
1	0.0	0.0	0	0.0	16.39	0	0.05144032921810699	0.0	0.0	0.0	0.0	0.0	0.0	0.0	0.0
0	0.0	0.0	29	0.0	9.42	0	0.0818330605564648	0.0	0.0	1.0	0.0	0.0	0.0	0.0	0.0
1	0.0	1.0	16	0.0	15.0	0	0.5376344086021505	0.0	0.0	0.0	0.0	0.0	0.0	0.0	0.0
0	0.0	0.0	30	0.0	0.0	0	0.0	0.6097560975609756	0.0	0.0	0.0	0.0	0.0	0.0	0.0
1	0.0	0.0	2	0.0	20.27	0	0.0	0.28653295128939826	0.0	0.0	0.0	0.0	0.0	0.0	0.0
0	0.0	0.0	4	0.0	16.54	0	0.2320185614849188	0.0	0.0	0.0	0.0	0.0	0.0	0.0	0.0
16	1.0	1.0	49	0.0184331797235023	26.42	0	0.0	0.062169723344731115	0.0	0.5	0.0	0.0	0.0	0.0	0.031084861672365557
2	0.0	0.0	44	0.4871794871794871	7.2	0	0.11990407673860912	0.0	0.0	0.0	0.0	0.0	0.0	0.0	0.0
1	0.0	0.5	31	0.0	33.49	0	0.015394088669950741	0.0	0.0	0.0	0.0	0.0	0.0	0.0076970443349753705	0.00668359844940516
6	0.0	0.0	53	0.0	14.78	0	0.021249468763280918	0.0	0.0	0.0	0.0	0.0	0.0	0.0	0.0
0	0.0	0.0	17	0.0	0.0	0	0.0	0.9803921568627451	0.0	0.0	0.0	0.0	0.0	0.0	0.0
5	0.0	0.0	31	0.0	16.39	0	0.013119916032537392	0.0	0.0	0.0	0.0	0.0	0.0	0.013119916032537392	0.0
1	0.0	0.0	0	0.0	16.94	0	0.0	0.03351206434316354	0.0	0.0	0.0	0.0	0.0	0.0	0.0
2	0.0	0.0	37	0.0	15.33	0	0.025081514923501382	0.0	0.0	0.0	0.0	0.0	0.0	0.012540757461750691	0.0
6	0.0	0.0	41	0.0174672489082969	35.73	0	0.0	0.4797208896641954	0.0	0.0	0.0	0.0	0.0	0.0	0.0
2	0.0	0.0	34	0.0	15.87	0	0.015494267121165167	0.0	0.0	0.5	0.0	0.0	0.0	0.0	0.0
3	0.0	0.0	31	0.0	15.03	0	0.028926815157651144	0.0	0.0	0.0	0.0	0.0	0.0	0.0	0.0
1	0.0	0.0	0	0.0	16.83	0	0.0	0.3913894324853229	0.0	0.125	0.0	0.0	0.0	0.0	0.0
2	0.0	0.0	24	0.0301507537688442	16.47	0	0.0	0.03274394237066143	0.0	1.0	0.0	0.0	0.0	0.0	0.0
0	0.0	0.0	46	0.0317460317460317	5.67	1	0.0	0.22026431718061673	1.0	1.0	0.0	0.0	0.0	0.0	0.0
1	0.0	0.0	61	0.0	14.21	0	0.02446183953033268	0.0	0.0	0.0	0.0	0.0	0.0	0.02446183953033268	0.0
3	0.0	0.0	43	0.0	16.18	0	0.0	0.014357501794687724	0.0	0.0	0.0	0.0	0.0	0.0	0.014357501794687724
1	0.0	0.0	0	0.0	17.96	0	0.0	0.6369426751592356	0.0	1.0	0.0	0.0	0.0	0.0	0.0
0	0.0	0.0	15	0.0	0.0	0	50.0	0.0	0.0	0.0	0.0	0.0	0.0	0.0	0.0
1	0.0	0.0	2	0.0	16.58	0	0.08620689655172414	0.0	0.0	0.0	0.0	0.0	0.0	0.0	0.0
1	0.0	0.0	79	0.0	7.6	0	0.0	0.8658008658008658	0.0	0.0	0.0	0.0	0.0	0.0	0.0
0	0.0	0.0	21	0.0	0.0	0	0.0	0.1321003963011889	0.0	0.0	0.0	0.0	0.0	0.0	0.0
1	1.0	1.0	42	0.0	29.79	0	0.0	0.06119951040391677	0.0	0.0	0.0	0.0	0.0	0.0	0.0
1	0.0	1.0	41	0.0666666666666666	9.4	1	3.313253012048193	0.0	0.0	0.5909090909090909	0.0	0.0	0.0	0.0	0.0
9	0.0	0.0	54	0.0	16.0	0	0.0	0.01795009872554299	0.0	1.0	0.0	0.0	0.0	0.009578544061302681	0.0
2	0.0	0.0	61	0.0	13.4	0	0.026082420448617628	0.0	0.0	0.0	0.0	0.0	0.0	0.0	0.0
0	0.5	1.0	37	0.0	0.0	1	0.0	2.0408163265306123	0.0	0.75	0.0	0.0	0.0	0.0	0.0
0	0.0	1.0	19	0.0	0.0	0	0.0	0.3496503496503497	0.0	0.0	0.0	0.0	0.0	0.0	0.0
1	0.0	0.0	79	0.0	7.83	0	0.04566210045662101	0.0	0.0	0.0	0.0	0.0	0.0	0.0	0.0
1	0.0	0.0	17	0.0	13.09	0	0.22727272727272727	0.0	0.0	0.0	0.0	0.0	0.0	0.0	0.0
0	0.0	0.0	26	0.0	15.75	0	0.02436647173489279	0.0	0.0	0.0	0.0	0.0	0.0	0.02436647173489279	0.0
1	0.0	0.0	14	0.0	12.0	0	0.5434782608695652	0.0	0.0	0.5	0.0	0.0	0.0	0.0	0.0
0	0.0	0.0	1	0.0440251572327044	16.21	0	0.02095118374188142	0.015664160401002505	0.0	0.0	0.0	0.0	0.0	0.0	0.0
1	0.0	0.0	0	0.0	9.5	0	0.0	0.38167938931297707	0.0	0.5	0.0	0.0	0.0	0.0	0.0
0	0.0	0.0	17	0.0	0.0	0	0.0	0.2645502645502646	0.0	0.0	0.0	0.0	0.0	0.0	0.2645502645502646
1	0.0	0.0	16	0.1666666666666666	9.31	0	0.16891891891891891	0.0	0.0	0.0	0.0	0.0	0.0	0.0	0.0
1	0.0	1.0	25	0.0	12.26	0	0.0	0.07390983000739099	0.0	0.0	0.0	0.0	0.0	0.0	0.0
1	0.0	0.0	20	0.0	10.0	0	0.2604166666666667	0.0	0.0	0.0	0.0	0.0	0.0	0.0	0.0
1	0.0	0.0	41	0.15	11.05	0	0.0	0.02254283137962128	0.0	0.0	0.0	0.0	0.0	0.0	0.02254283137962128
0	0.0	0.0	47	0.0	0.0	0	0.20242914979757085	0.0	0.0	0.5	0.0	0.0	0.0	0.10121457489878542	0.0
5	0.0	0.0	42	0.0	15.32	0	0.022794620469569184	0.0	0.0	0.0	0.0	0.0	0.0	0.022794620469569184	0.0
3	0.0	0.0	23	0.0	15.79	0	0.0	0.021399529210357374	0.0	0.0	0.0	0.0	0.0	0.0	0.010699764605178687
0	0.0	0.0	23	0.0	0.0	0	0.24509803921568626	0.0	0.0	0.0	0.0	0.0	0.0	0.12254901960784313	0.0
0	0.0	0.0	33	0.0	0.0	0	0.3424657534246575	0.0	0.0	0.0	0.0	0.0	0.0	0.3424657534246575	0.0
0	0.0	0.0	20	0.2222222222222222	0.0	0	30.0	0.0	0.0	0.6666666666666666	0.0	0.0	0.0	20.0	0.0
1	0.0	0.0	0	0.0	9.5	0	0.0	2.380952380952381	0.0	0.5	0.0	0.0	0.0	0.0	0.0
1	0.0	0.0	45	0.1811023622047244	9.45	1	0.0	0.11346444780635401	0.0	0.3333333333333333	0.0	0.0	0.0	0.0	0.0
2	0.0	0.0	29	0.0	15.46	0	0.027314941272876262	0.0	0.0	0.0	0.0	0.0	0.0	0.0	0.0
1	0.0	0.0	47	0.0	14.58	0	0.0	0.030883261272390362	0.0	0.0	0.0	0.0	0.0	0.046630916297505244	0.015441630636195181
1	0.0	0.0	80	0.0	8.96	0	0.6802721088435374	0.0	0.0	0.0	0.0	0.0	0.0	0.0	0.0
4	0.0	0.0	7	0.0	15.58	0	0.0859106529209622	0.0	0.0	0.0	0.0	0.0	0.0	0.0	0.0
1	0.0	0.0	61	0.0833333333333333	9.5	0	0.9375	0.0	0.0	0.0	0.0	0.0	0.0	0.0	0.0
1	0.0	0.0	65	0.0	5.28	0	0.5917159763313609	0.0	0.0	0.0	0.0	0.0	0.0	0.0	0.0
0	0.0	0.0	43	0.0439560439560439	13.93	0	0.03341129301703976	0.0	0.0	0.0	0.0	0.0	0.0	0.0	0.0
1	0.0	0.0	2	0.0128205128205128	16.32	0	0.0397456279809221	0.0	0.0	0.0	0.0	0.0	0.0	0.0	0.0
5	0.0	0.0	21	0.0	12.67	0	0.0970873786407767	0.0	0.0	0.0	0.0	0.0	0.0	0.0	0.0
3	0.0	0.0	0	0.0	26.6	0	0.0	0.4424778761061947	0.0	0.0	0.0	0.0	0.0	0.0	0.0
6	0.0	0.0	0	0.0	18.31	0	0.0	0.04533091568449683	0.0	7.5	0.0	0.0	0.0	0.0	0.0
1	0.0	0.0	0	0.0	9.5	0	0.0	0.39370078740157477	0.0	0.0	0.0	0.0	0.0	0.0	0.0
1	0.0	0.0	0	0.0	9.5	0	0.0	0.19193857965451055	0.0	0.5	0.0	0.0	0.0	0.0	0.0
5	0.0	0.0	1	0.0	16.62	0	0.0	0.027159152634437807	0.0	1.0	0.0	0.0	0.0	0.0	0.0
2	0.0	0.0	21	0.0	10.19	0	0.0	0.4601226993865031	0.0	0.16666666666666666	0.0	0.0	0.0	0.0	0.0
1	0.0	0.0	18	0.0	13.98	0	0.0	0.06451612903225806	0.0	0.0	0.0	0.0	0.0	0.0	0.0
6	1.0	0.5	23	0.0237154150197628	58.21	0	0.03096934035305048	0.0	0.0	0.0	0.0	0.0	0.0	0.0	0.0
1	0.0	0.0	21	0.0526315789473684	7.76	0	0.0	0.15673981191222572	0.0	0.0	0.0	0.0	0.0	0.0	0.0
0	0.0	0.0	17	0.0	0.0	1	0.6106870229007634	0.7722007722007722	0.0	0.625	0.0	0.0	0.0	0.0	0.0
0	0.0	0.0	34	0.0	15.77	0	0.01741856819369448	0.0	0.0	0.5	0.0	0.0	0.0	0.01741856819369448	0.0
1	0.0	0.0	33	0.0	12.48	0	0.0	0.11933174224343675	0.0	0.0	0.0	0.0	0.0	0.0	0.0
2	0.0	0.0	0	0.054054054054054	16.7	0	0.0	0.1079913606911447	0.0	0.0	0.0	0.0	0.0	0.0	0.0
1	1.0	0.0	40	0.0142857142857142	20.0	0	0.03475842891901286	0.0	0.0	0.0	0.0	0.0	0.0	0.01737921445950643	0.0
0	0.0	0.0	2	0.0	16.14	0	0.09107468123861566	0.0	0.0	0.0	0.0	0.0	0.0	0.0	0.0
0	0.0	0.0	39	0.2	0.0	1	1.4285714285714286	0.78125	0.0	0.0	0.0	0.0	0.0	1.4285714285714286	0.0
2	0.0	0.0	42	0.0	14.13	0	0.0	0.03356831151393085	0.0	0.0	0.0	0.0	0.0	0.0	0.016784155756965426
1	0.0	0.0	0	0.0	17.06	0	0.0	0.2534854245880862	0.0	0.0	0.0	0.0	0.0	0.0	0.0
0	0.0	0.0	44	0.0	12.95	0	0.0385951370127364	0.0	0.0	0.0	0.0	0.0	0.0	0.0	0.0
1	0.0	0.0	40	0.0	11.57	0	0.0	0.05417118093174431	0.0	0.0	0.0	0.0	0.0	0.0	0.05417118093174431
0	0.0	0.0	40	0.0	0.0	0	0.1019367991845056	0.0	0.0	0.0	0.0	0.0	0.0	0.0	0.0
3	0.0	0.0	34	0.0078431372549019	15.95	0	0.0	0.02391200382592061	0.0	0.0	0.0	0.0	0.0	0.0	0.011956001912960305
1	0.0	1.0	21	0.0	9.5	0	0.3597122302158274	0.0	0.0	0.0	0.0	0.0	0.0	0.0	0.0
1	0.0	0.0	18	0.0	9.01	0	0.18726591760299627	0.0	0.0	0.5	0.0	0.0	0.0	0.0	0.0
5	0.0	0.0	30	0.0	15.95	0	0.019116803670426303	0.0	0.0	0.0	0.0	0.0	0.0	0.0	0.0
2	0.0	0.0	0	0.0	16.94	0	0.0	0.03620564808110065	0.0	0.0	0.0	0.0	0.0	0.0	0.0
1	0.0	0.0	34	0.0452830188679245	16.06	0	0.0	0.051268905408869525	0.0	0.0	0.0	0.0	0.0	0.0	0.0
0	0.0	0.0	1	0.0	16.55	0	0.027173913043478264	0.0	0.0	0.0	0.0	0.0	0.0	0.0	0.0
1	0.0	0.0	0	0.0	16.77	0	0.0	0.16181229773462785	0.0	0.0	0.0	0.0	0.0	0.0	0.0
2	0.0	0.0	23	0.0454545454545454	15.25	0	0.0	0.019638648860958365	0.0	0.0	0.0	0.0	0.0	0.0	0.0
1	0.0	0.0	0	0.0	16.36	0	0.0	0.18083182640144665	0.0	0.0	0.0	0.0	0.0	0.0	0.0
7	0.0	0.0	60	0.0	15.39	0	0.0	0.04042037186742118	0.0	0.3333333333333333	0.0	0.0	0.0	0.007283321194464675	0.0
1	0.5	0.0	1	0.0	34.37	0	0.0	0.04734848484848485	0.0	0.0	0.0	0.0	0.0	0.0	0.0
2	0.5	0.5	35	0.3591549295774648	15.06	0	0.07347538574577517	0.0	0.0	0.5	0.0	0.0	0.0	0.0	0.07037297677691766
2	0.0	0.0	45	0.065359477124183	15.14	0	0.0	0.014729709824716454	0.0	0.0	0.0	0.0	0.0	0.0	0.014729709824716454
0	0.0	0.0	0	0.0066666666666666	16.29	0	0.0	0.019102196752626553	0.0	0.0	0.0	0.0	0.0	0.0	0.0
0	0.0	0.0	0	0.008130081300813	16.57	0	0.0	0.025131942699170646	0.0	0.0	0.0	0.0	0.0	0.0	0.0
6	0.0	0.0	2	0.2096774193548387	17.0	0	0.0	0.056274620146314014	0.0	0.0	0.0	0.0	0.0	0.0	0.0
2	0.0	0.0	1	0.0	16.81	0	0.0	0.03278688524590164	0.0	0.0	0.0	0.0	0.0	0.0	0.0
2	0.0	0.0	39	0.0	15.13	0	0.0	0.00874584572328144	0.0	0.0	0.0	0.0	0.0	0.0	0.0
6	0.0	0.0	43	0.0	10.99	0	0.0	0.04793863854266539	0.0	0.0	0.0	0.0	0.0	0.0	0.0
2	0.0	0.0	28	0.4166666666666667	4.99	0	0.8771929824561404	0.0	0.0	0.0	0.0	0.0	0.0	0.4385964912280702	0.0
1	0.0	0.0	0	0.0	18.06	0	0.0	0.03695491500369549	0.0	24.0	0.0	0.0	0.0	0.0	0.0
2	0.0	0.0	2	0.0121951219512195	16.31	0	0.035919540229885055	0.0	0.0	0.0	0.0	0.0	0.0	0.0	0.0
5	0.0	1.0	45	0.0561056105610561	29.79	0	0.0	0.2726146220570012	0.0	0.0	0.0	0.0	0.0	0.0	0.0
0	1.0	0.5	36	0.0	0.0	0	0.0	0.23752969121140144	0.0	0.0	0.0	0.0	0.0	0.0	0.0
1	0.0	0.0	0	0.0	16.21	0	0.0	0.09363295880149813	0.0	0.0	0.0	0.0	0.0	0.0	0.0
3	0.0	0.0	19	0.0082644628099173	15.83	0	0.03038590094196293	0.0	0.0	0.0	0.0	0.0	0.0	0.0	0.0
3	0.0	0.0	22	0.0185185185185185	14.81	0	0.05027652086475616	0.0	0.0	1.0	0.0	0.0	0.0	0.05027652086475616	0.0
4	0.0	0.0	20	0.0	16.31	0	0.01691761123329386	0.0	0.0	0.0	0.0	0.0	0.0	0.0	0.0
0	0.0	0.0	11	0.5333333333333333	0.0	0	0.0	0.26881720430107525	0.0	1.0	0.0	0.0	0.0	0.0	0.0
1	0.0	0.0	38	0.0	14.93	0	0.056657223796034	0.0	0.0	0.0	0.0	0.0	0.0	0.0	0.0
2	0.0	0.0	19	0.3230769230769231	16.04	0	0.0	0.0846740050804403	0.0	0.0	0.0	0.0	0.0	0.0	0.0
0	1.0	0.0	24	0.0	22.29	0	0.0	0.04972650422675286	0.0	0.0	0.0	0.0	0.0	0.0	0.0
2	0.0	0.0	48	0.0	11.7	0	0.0	0.06747638326585695	0.0	0.0	0.0	0.0	0.0	0.0	0.033738191632928474
6	0.0	0.0	23	0.0	11.26	0	0.12919896640826872	0.0	0.0	0.0	0.0	0.0	0.0	0.0	0.0
0	0.0	0.0	34	0.1265822784810126	0.0	0	0.042034468263976464	0.0	0.0	0.0	0.0	0.0	0.0	0.0	0.0
0	0.5	0.0	0	0.0	0.0	0	0.0	0.5494505494505494	0.0	0.0	0.0	0.0	0.0	0.0	0.0
0	1.0	1.0	27	0.0	0.0	0	0.0	0.10111223458038422	0.0	0.0	0.0	0.0	0.0	0.0	0.05055611729019211
3	0.0	0.0	17	0.0	13.13	0	0.0	0.1149425287356322	0.0	0.0	0.0	0.0	0.0	0.0	0.0
2	0.0	0.0	0	0.0	9.74	0	0.0	0.055928411633109625	0.0	0.0	0.0	0.0	0.0	0.0	0.0
0	1.0	0.0	17	0.0	0.0	0	0.0	0.425531914893617	0.0	0.0	0.0	0.0	0.0	0.0	0.425531914893617
0	1.0	0.0	24	0.3448275862068966	0.0	0	0.0	0.11185682326621925	0.0	0.0	0.0	0.0	0.0	0.0	0.11185682326621925
6	0.0	0.0	37	0.07168458781362	15.81	0	0.008583690987124463	0.0	0.0	1.0	0.0	0.0	0.0	0.0	0.0
1	0.0	0.0	0	0.0298507462686567	16.64	0	0.0	0.09606147934678194	0.0	0.0	0.0	0.0	0.0	0.0	0.0
3	0.0	0.0	52	0.0	8.11	0	0.14204545454545456	0.0	0.0	0.0	0.0	0.0	0.0	0.0	0.0
2	0.0	0.0	2	0.2195121951219512	24.1	0	0.0	0.041271151465125874	0.0	0.0	0.0	0.0	0.0	0.0	0.0
1	0.0	0.0	26	0.0	13.34	0	0.10683760683760685	0.0	0.0	0.0	0.0	0.0	0.0	0.0	0.0
1	0.0	0.0	19	0.0	4.75	0	50.0	0.0	0.0	1.0	0.0	0.0	0.0	0.0	0.0
6	0.0	0.0	21	0.0	16.36	0	0.011171936096525528	0.0	0.0	0.0	0.0	0.0	0.0	0.0	0.0
1	0.0	0.0	44	0.0384615384615384	1.26	1	0.0	0.6958250497017893	0.0	0.42857142857142855	0.0	0.0	0.0	0.06535947712418301	0.24850894632206758
0	0.0	0.0	14	0.0	0.0	0	0.06983240223463687	0.0	0.0	0.0	0.0	0.0	0.0	0.0	0.0
2	0.0	0.0	50	0.0925925925925925	25.72	0	0.056006720806496775	0.0	0.0	0.0	0.0	0.0	0.0	0.0	0.0
2	0.0	0.0	45	0.0	13.46	0	0.0	0.032916392363396975	0.0	1.0	0.0	0.0	0.0	0.0	0.0
1	0.0	0.0	45	0.0	10.47	0	0.0	0.024390243902439025	0.0	0.0	0.0	0.0	0.0	0.0	0.0
3	0.0	0.0	41	0.0	13.0	0	0.03808073115003808	0.0	0.0	0.0	0.0	0.0	0.0	0.0	0.0
1	0.0	0.0	18	0.0574162679425837	16.3	0	0.0	0.031017369727047144	0.0	0.5	0.0	0.0	0.0	0.0	0.0
5	0.0	0.0	30	0.0112359550561797	15.73	0	0.01597444089456869	0.0	0.0	0.0	0.0	0.0	0.0	0.0	0.0
2	0.0	0.0	48	0.0	10.01	0	0.0	0.08888888888888889	0.0	0.0	0.0	0.0	0.0	0.0	0.044444444444444446
3	0.0	0.0	36	0.0434782608695652	7.11	0	0.1639344262295082	0.0	0.0	0.0	0.0	0.0	0.0	0.0819672131147541	0.0
0	0.0	0.0	37	0.0	0.0	0	0.0	0.2590673575129534	0.0	0.0	0.0	0.0	0.0	0.0	0.0
5	0.0	0.0	38	0.0	42.41	0	0.09140767824497258	0.0	0.0	0.0	0.0	0.0	0.0	0.0	0.0
4	0.0	0.0	30	0.0	24.14	0	0.1026694045174538	0.0	0.0	0.0	0.0	0.0	0.0	0.0	0.0
2	0.0	0.0	40	0.0	16.28	0	0.0	0.014124293785310734	0.0	0.0	0.0	0.0	0.0	0.0	0.0
1	0.0	0.0	18	0.0	9.5	0	0.08818342151675485	0.0	0.0	0.0	0.0	0.0	0.0	0.0	0.0
0	1.0	1.0	46	0.0	0.0	0	0.0	0.35211267605633806	0.0	0.0	0.0	0.0	0.0	0.0	0.0
1	0.0	0.0	31	0.0	15.15	0	0.0	0.022983222247759137	0.0	0.0	0.0	0.0	0.0	0.0	0.011491611123879569
1	0.0	0.0	78	0.0	9.5	0	2.6315789473684212	0.0	0.0	0.0	0.0	0.0	0.0	0.0	0.0
2	0.75	0.5	34	0.0903614457831325	21.04	1	0.5220417633410673	0.03863987635239567	0.0	0.8	0.0	0.0	0.0	0.0	0.0
1	0.0	0.0	0	0.0	9.5	0	0.0	0.2590673575129534	0.0	0.0	0.0	0.0	0.0	0.0	0.0
3	0.0	0.0	38	0.0	15.6	0	0.017223561832586977	0.0	0.0	0.0	0.0	0.0	0.0	0.0	0.0
6	0.0	0.0	15	0.0	15.63	0	0.020383204239706482	0.0	0.0	1.0	0.0	0.0	0.0	0.0	0.0
1	0.0	1.0	0	0.0	11.0	0	0.0	0.7177033492822967	0.0	0.3333333333333333	0.0	0.0	0.0	0.0	0.0
0	0.0	0.0	4	0.2814814814814815	16.63	0	0.023299161230195712	0.0	0.0	1.0	0.0	0.0	0.0	0.0	0.0
1	0.0	0.0	48	0.0	6.86	1	0.2620545073375262	1.26078301260783	0.0	0.5862068965517241	0.0	0.0	0.0	0.15723270440251574	0.0
2	0.0	0.0	5	0.2238805970149253	16.47	0	0.03584229390681004	0.0	0.0	0.5	0.0	0.0	0.0	0.0	0.0
1	0.0	0.0	3	0.0	16.38	0	0.04798464491362764	0.0	0.0	0.0	0.0	0.0	0.0	0.0	0.0
3	0.0	0.0	28	0.0	15.02	0	0.0	0.02040816326530612	0.0	0.0	0.0	0.0	0.0	0.0	0.0
1	0.0	0.0	2	0.0	23.52	0	0.0	0.0860091743119266	0.0	0.0	0.0	0.0	0.0	0.0	0.0
0	0.0	0.0	18	0.0	0.0	0	0.3676470588235294	0.0	0.0	0.0	0.0	0.0	0.0	0.0	0.0
1	0.0	0.0	42	0.0769230769230769	5.72	0	0.24875621890547267	0.0	0.0	1.0	0.0	0.0	0.0	0.0	0.0
8	0.0	0.0	18	0.0068027210884353	16.39	0	0.0	0.02074258452603194	0.0	0.0	0.0	0.0	0.0	0.0	0.02074258452603194
1	0.0	0.0	26	0.0	15.13	0	0.03713330857779428	0.0	0.0	0.5	0.0	0.0	0.0	0.0	0.0
2	0.0	0.0	70	0.0	12.77	0	0.030883261272390362	0.0	0.0	0.0	0.0	0.0	0.0	0.015441630636195181	0.0
3	0.0	0.0	50	0.0	14.33	0	0.0	0.02050020500205002	0.0	0.0	0.0	0.0	0.0	0.0	0.04100041000410004
1	0.0	0.0	34	0.0	11.21	0	0.0	0.053022269353128315	0.0	0.0	0.0	0.0	0.0	0.0	0.026511134676564158
2	0.0	0.0	58	0.0462962962962962	13.01	0	0.025354969574036514	0.0	0.0	0.0	0.0	0.0	0.0	0.0	0.0
1	0.0	0.0	0	0.0	17.31	0	0.0	0.6578947368421053	0.0	0.0	0.0	0.0	0.0	0.0	0.0
2	0.0	0.0	0	0.0	16.5	0	0.22123893805309736	0.0	0.0	0.0	0.0	0.0	0.0	0.0	0.0
4	0.0	0.0	1	0.0952380952380952	16.73	0	0.050454086781029264	0.0	0.0	0.0	0.0	0.0	0.0	0.0	0.0
1	0.0	0.0	17	0.0	9.5	0	0.33112582781456956	0.0	0.0	0.0	0.0	0.0	0.0	0.0	0.0
4	0.0	0.0	35	0.0620155038759689	14.5	0	0.0	0.06317119393556538	0.0	0.0	0.0	0.0	0.0	0.0	0.0
2	0.0	0.0	6	0.0833333333333333	16.16	0	0.11904761904761904	0.0	0.0	1.0	0.0	0.0	0.0	0.0	0.0
0	0.0	0.0	20	0.0	0.0	1	0.0	0.0	0.0	0.5	0.0	0.0	0.0	0.0	0.0
2	0.5	0.5	45	0.0	18.35	0	0.02171552660152009	0.0	0.0	0.5	0.0	0.0	0.0	0.0	0.0
1	0.0	0.0	0	0.0	11.0	0	0.0	0.11337868480725623	0.0	0.0	0.0	0.0	0.0	0.0	0.0
3	0.0	0.0	21	0.2258064516129032	6.59	0	0.16778523489932887	0.0	0.0	0.0	0.0	0.0	0.0	0.0	0.0
5	0.0	0.0	33	0.0	14.9	0	0.0434593654932638	0.0	0.0	0.5	0.0	0.0	0.0	0.0	0.0
0	0.0	0.0	16	0.0	0.0	0	0.022799817601459188	0.0	0.0	0.0	0.0	0.0	0.0	0.0	0.0
3	0.0	0.0	32	0.0	14.78	0	0.0	0.02648305084745763	0.0	0.0	0.0	0.0	0.0	0.0	0.0
8	0.0	0.0	44	0.0	15.92	0	0.0	0.036818851251840944	0.0	0.0	0.0	0.0	0.0	0.007122507122507123	0.0
1	0.0	0.0	11	0.0	13.0	0	1.183431952662722	0.0	0.0	0.75	0.0	0.0	0.0	0.0	0.0
1	0.5	1.0	17	0.0	4.5	0	0.07598784194528875	0.0	0.0	0.0	0.0	0.0	0.0	0.0	0.0
1	0.0	0.0	17	0.0	10.92	0	0.11848341232227488	0.0	0.0	0.0	0.0	0.0	0.0	0.0	0.0
7	0.0	0.0	56	0.0	11.24	0	0.07173601147776183	0.0	0.0	0.5	0.0	0.0	0.0	0.0	0.0
1	0.0	0.0	15	0.0	7.77	0	0.0	0.23809523809523808	0.0	0.0	0.0	0.0	0.0	0.0	0.0
1	0.0	0.0	0	0.0	17.64	0	0.0	1.4285714285714286	0.0	0.0	0.0	0.0	0.0	0.0	0.0
0	0.0	0.0	12	0.0	0.0	1	0.5226480836236934	0.0	0.0	0.3333333333333333	0.0	0.0	0.0	0.5226480836236934	0.0
1	0.0	0.0	0	0.0	9.5	0	0.0	1.8518518518518516	0.0	1.0	0.0	0.0	0.0	0.0	0.0
1	0.0	0.0	15	0.2	9.5	0	0.5555555555555556	0.0	0.0	0.0	0.0	0.0	0.0	0.0	0.0
0	0.0	0.0	35	0.1111111111111111	69.23	1	25.0	0.0	0.0	0.8333333333333334	0.0	0.0	0.0	0.0	0.0
3	0.0	0.0	34	0.0	15.17	0	0.028620492272467088	0.0	0.0	0.5	0.0	0.0	0.0	0.0	0.01157943492357573
2	0.0	0.0	28	0.0	14.79	0	0.060204695966285374	0.0	0.0	0.0	0.0	0.0	0.0	0.060204695966285374	0.0
0	0.0	0.0	15	0.0	22.37	0	0.16891891891891891	0.0	0.0	0.0	0.0	0.0	0.0	0.0	0.0
0	0.0	0.0	0	0.0	16.24	0	0.0	0.028960324355632783	0.0	0.0	0.0	0.0	0.0	0.0	0.0
1	0.0	0.0	0	0.0	17.35	0	0.0	1.2903225806451613	0.0	0.0	0.0	0.0	0.0	0.0	0.0
1	0.0	0.0	47	0.1111111111111111	6.47	0	0.4497751124437781	0.0	0.0	0.16666666666666666	0.0	0.0	0.0	0.0	0.0
1	0.0	0.0	16	0.0	6.02	0	0.38167938931297707	0.0	0.0	0.0	0.0	0.0	0.0	0.0	0.0
0	0.0	0.0	3	0.2254335260115607	12.36	0	0.0	0.03248862897985705	0.0	1.0	0.0	0.0	0.0	0.0	0.0
1	0.0	0.0	35	0.0	16.0	0	0.01588814744200826	0.0	0.0	0.0	0.0	0.0	0.0	0.01588814744200826	0.0
3	0.0	0.0	44	0.0144404332129963	15.24	0	0.023353573096683792	0.0	0.0	0.0	0.0	0.0	0.0	0.0	0.0
4	0.0	0.0	44	0.0	15.34	0	0.0	0.012983640612827838	0.0	0.0	0.0	0.0	0.0	0.009295408068414203	0.006491820306413919
6	0.0	0.0	36	0.0060240963855421	16.02	0	0.0	0.024807740014884644	0.0	0.0	0.0	0.0	0.0	0.0	0.0
0	0.0	0.0	25	0.0	0.0	1	0.0	0.8849557522123894	0.0	0.5	0.0	0.0	0.0	0.0	0.8849557522123894
1	0.0	0.0	0	0.0	16.62	0	0.0	0.15723270440251572	0.0	0.5	0.0	0.0	0.0	0.0	0.0
1	0.0	0.0	18	0.0	5.08	0	0.7042253521126761	0.0	0.0	0.0	0.0	0.0	0.0	0.0	0.0
0	0.0	1.0	23	0.0	0.0	0	0.13404825737265416	0.0	0.0	1.0	0.0	0.0	0.0	0.0	0.0
1	0.0	0.0	26	0.0	9.5	0	1.6666666666666667	0.0	0.0	0.0	0.0	0.0	0.0	0.0	0.0
5	0.0	0.0	53	0.0	6.93	0	0.1	0.0	0.0	0.0	0.0	0.0	0.0	0.0	0.0
5	0.0	0.0	28	0.0	16.26	0	0.0	0.02073398299813394	0.0	0.0	0.0	0.0	0.0	0.0	0.0
3	0.0	0.0	36	0.272	11.87	0	0.0	0.022779043280182234	0.0	1.0	0.0	0.0	0.0	0.0	0.022779043280182234
1	1.0	0.0	80	0.0	45.36	0	0.03893322951138797	0.0	0.0	0.0	0.0	0.0	0.0	0.0	0.0
1	0.0	0.0	23	0.0	9.5	0	0.4291845493562232	0.0	0.0	0.0	0.0	0.0	0.0	0.0	0.0
0	0.0	0.0	37	0.1454545454545454	7.47	1	0.1218769043266301	0.6339144215530904	0.0	0.4	0.0	0.0	0.0	0.06093845216331505	0.554675118858954
1	0.0	0.0	2	0.0	16.2	0	0.0	0.04748338081671415	0.0	0.0	0.0	0.0	0.0	0.0	0.0
3	0.0	0.0	24	0.0	15.89	0	0.021105951878429716	0.0	0.0	0.5	0.0	0.0	0.0	0.0	0.0
5	0.0	0.0	46	0.0414507772020725	14.01	0	0.029411764705882353	0.0	0.0	0.5	0.0	0.0	0.0	0.0	0.0
2	0.0	0.0	19	0.0	13.37	0	0.038789759503491075	0.0	0.0	0.0	0.0	0.0	0.0	0.0	0.0
3	0.0	0.0	5	0.1142857142857142	16.63	0	0.022914757103574702	0.0	0.0	0.0	0.0	0.0	0.0	0.0	0.0
1	0.0	0.0	33	0.0	13.47	0	0.0	0.037921880925293895	0.0	0.0	0.0	0.0	0.0	0.0	0.0
1	0.0	0.0	0	0.2	16.4	0	0.0	0.4310344827586207	0.0	0.0	0.0	0.0	0.0	0.0	0.0
4	1.0	1.0	48	0.0	12.97	1	0.9984025559105432	0.0	0.0	0.4	0.0	0.0	0.0	0.07987220447284345	0.0
0	0.0	0.0	0	0.0	22.51	0	0.0	0.4694835680751174	0.0	0.0	0.0	0.0	0.0	0.0	0.0
4	0.0	0.0	41	0.0	15.13	0	0.0	0.019735543714229326	0.0	0.5	0.0	0.0	0.0	0.0	0.009867771857114663
0	1.0	0.5	15	0.0	0.0	0	0.0	0.016572754391779913	0.0	0.0	0.0	0.0	0.0	0.0	0.0
2	0.0	0.0	6	0.0	10.66	0	0.4807692307692307	0.0	0.0	0.0	0.0	0.0	0.0	0.0	0.0
0	0.0	0.0	10	0.0	0.0	0	0.0	0.625	0.0	1.0	0.0	0.0	0.0	0.0	0.0
1	0.0	0.0	26	0.0	3.5	0	0.0	0.08460236886632826	0.0	0.0	0.0	0.0	0.0	0.0	0.0
0	0.0	0.0	48	0.0	0.0	0	0.0	0.09940357852882703	0.0	0.0	0.0	0.0	0.0	0.0	0.09940357852882703
0	0.0	0.0	37	0.0	0.0	0	0.2857142857142857	0.0	0.0	0.0	0.0	0.0	0.0	0.2857142857142857	0.0
0	0.0	1.0	35	0.2421052631578947	0.0	0	0.043859649122807015	0.0	0.0	0.0	0.0	0.0	0.0	0.0	0.0
1	0.0	0.0	4	0.0	16.1	0	0.016801075268817203	0.0	0.0	0.0	0.0	0.0	0.0	0.0	0.0
1	0.0	0.0	18	0.0	10.5	0	0.2336448598130841	0.0	0.0	0.0	0.0	0.0	0.0	0.0	0.0
1	0.0	0.0	19	0.05	10.62	0	0.0	0.0580046403712297	0.0	0.0	0.0	0.0	0.0	0.0	0.0
1	0.25	0.5	34	0.0	2.0	0	0.1383125864453665	0.0	0.0	0.0	0.0	0.0	0.0	0.0	0.06067961165048544
0	0.0	0.0	0	0.0	17.31	0	0.0	0.13440860215053763	0.0	0.0	0.0	0.0	0.0	0.0	0.0
0	0.0	0.0	1	0.3310344827586207	16.66	0	0.0	0.05007511266900351	0.0	1.0	0.0	0.0	0.0	0.0	0.0
2	0.0	0.0	37	0.0	19.75	0	0.04407227853680035	0.0	0.0	0.0	0.0	0.0	0.0	0.0	0.0
5	0.0	0.0	0	0.0	17.31	0	0.0	0.3968253968253968	0.0	0.0	0.0	0.0	0.0	0.0	0.0
2	0.0	0.0	20	0.0	20.07	0	0.02246686137946529	0.0	0.0	0.0	0.0	0.0	0.0	0.0	0.0
1	0.0	0.0	15	0.0	17.0	0	2.941176470588235	0.0	0.0	0.5	0.0	0.0	0.0	0.0	0.0
2	0.0	0.0	44	0.0363636363636363	11.11	0	0.06535947712418301	0.0	0.0	4.5	0.0	0.0	0.0	0.0	0.0
3	0.0	0.0	49	0.2422360248447205	13.74	0	0.05025125628140704	0.0	0.0	1.0	0.0	0.0	0.0	0.10050251256281408	0.0
1	0.0	0.0	1	0.0	18.23	0	0.4228329809725158	0.0	0.0	1.5	0.0	0.0	0.0	0.0	0.0
2	0.0	0.0	18	0.0	14.04	0	0.17793594306049823	0.0	0.0	0.0	0.0	0.0	0.0	0.0	0.0
1	0.0	0.0	1	0.0	16.0	0	0.0	0.7575757575757576	0.0	3.0	0.0	0.0	0.0	0.0	0.0
1	1.0	0.0	36	0.0	3.0	0	0.0	0.0413564929693962	0.0	0.0	0.0	0.0	0.0	0.0	0.0413564929693962
1	0.0	0.0	0	0.1428571428571428	16.77	0	0.0	0.16501650165016502	0.0	0.0	0.0	0.0	0.0	0.0	0.0
2	1.0	1.0	33	0.0119047619047619	19.01	0	0.026588673225206062	0.0	0.0	0.0	0.0	0.0	0.0	0.0	0.0
0	0.0	0.0	43	0.0	0.0	0	0.0	0.5494505494505494	0.0	0.0	0.0	0.0	0.0	0.0	0.2747252747252747
1	0.0	0.0	25	0.0	15.58	0	0.0	0.031123560535325237	0.0	0.0	0.0	0.0	0.0	0.03071253071253071	0.0
1	0.0	0.0	0	0.0	16.88	0	0.0	0.7858546168958743	0.0	0.0	0.0	0.0	0.0	0.0	0.0
0	0.0	0.0	25	0.0	0.0	0	0.9615384615384615	0.0	0.0	0.5	0.0	0.0	0.0	0.4807692307692307	0.0
3	0.0	0.0	0	0.078125	17.33	0	0.0	0.19809825673534073	0.0	1.0	0.0	0.0	0.0	0.0	0.0
0	0.0	0.0	32	0.0	0.0	1	0.0	5.0	0.0	0.5	0.0	0.0	0.0	0.0	0.0
2	0.0	1.0	48	0.0478468899521531	10.38	0	0.10368066355624676	0.0	0.0	0.0	0.0	0.0	0.0	0.0	0.0
0	0.0	0.0	32	0.0	0.0	0	0.0	0.07861635220125786	0.0	0.0	0.0	0.0	0.0	0.0	0.0
5	0.0	0.0	1	0.123076923076923	17.91	0	0.0	0.13315579227696406	0.0	3.5	0.0	0.0	0.0	0.0	0.0
0	0.0	0.0	10	0.0	15.57	0	0.0	0.0684931506849315	0.0	2.0	0.0	0.0	0.0	0.0	0.0
2	0.0	0.0	35	0.0	15.71	0	0.0	0.022639800769753225	0.0	0.0	0.0	0.0	0.0	0.0	0.011319900384876612
1	0.0	0.0	14	0.0	21.5	0	0.0574712643678161	0.0	0.0	0.0	0.0	0.0	0.0	0.0	0.0
3	0.0	0.0	22	0.0075757575757575	15.78	0	0.08403361344537814	0.0	0.0	0.0	0.0	0.0	0.0	0.0	0.0
1	0.0	0.0	17	0.0	9.31	0	0.037064492216456635	0.0	0.0	0.0	0.0	0.0	0.0	0.0	0.0
5	0.0	0.0	45	0.0	14.52	0	0.0	0.02838489923360772	0.0	1.0	0.0	0.0	0.0	0.0	0.0
2	0.0	0.0	0	0.0	16.02	0	0.0	0.016053941242575052	0.0	0.5	0.0	0.0	0.0	0.0	0.0
0	0.0	0.0	26	0.0	0.0	0	0.09328358208955223	0.0	0.0	0.0	0.0	0.0	0.0	0.0	0.0
1	1.0	0.0	1	0.0	10.5	0	0.0	0.03714710252600297	0.0	0.0	0.0	0.0	0.0	0.0	0.0
2	0.0	0.0	22	0.0	15.48	0	0.032467532467532464	0.0	0.0	0.0	0.0	0.0	0.0	0.0	0.0
0	0.0	0.0	10	0.0	0.0	1	0.40322580645161293	0.0	0.0	1.0	0.0	0.0	0.0	0.0	0.0
3	0.0	0.0	2	0.0921985815602836	16.15	0	0.0	0.021701388888888888	0.0	2.0	0.0	0.0	0.0	0.0	0.0
2	1.0	0.0	18	0.0	26.42	0	0.1669449081803005	0.0	0.0	0.0	0.0	0.0	0.0	0.0	0.0
1	0.0	0.0	37	0.125	5.65	0	0.0	0.29411764705882354	0.0	0.0	0.0	0.0	0.0	0.0	0.29411764705882354
1	0.0	0.0	2	0.0	17.41	0	0.5319148936170213	0.0	0.0	3.0	0.0	0.0	0.0	0.0	0.0
5	0.0	0.0	0	0.0	16.82	0	0.0	0.14684287812041116	0.0	0.0	0.0	0.0	0.0	0.0	0.0
0	0.0	0.0	36	0.0	23.34	0	0.04065040650406504	0.0	0.0	0.0	0.0	0.0	0.0	0.02032520325203252	0.0
4	0.0	0.0	44	0.1866666666666666	11.87	0	0.0	0.04409171075837742	0.0	0.0	0.0	0.0	0.0	0.0	0.04409171075837742
3	0.0	0.0	0	0.0	16.41	0	0.0	0.030618493570116354	0.0	0.0	0.0	0.0	0.0	0.0	0.0
6	0.0	0.0	29	0.0	15.33	0	0.0	0.030175015087507542	0.0	0.0	0.0	0.0	0.0	0.0	0.0
2	0.0	0.0	27	0.0579710144927536	11.39	0	2.150537634408602	0.0	0.0	0.5	0.0	0.0	0.0	0.0	0.0
0	0.0	0.5	24	0.0	0.0	0	0.07993605115907275	0.0	0.0	0.0	0.0	0.0	0.0	0.07993605115907275	0.0
5	0.0	0.0	31	0.0	15.04	0	0.0	0.03132832080200501	0.0	0.0	0.0	0.0	0.0	0.016688918558077435	0.0
4	0.0	0.0	18	0.0	15.48	0	0.09319664492078285	0.0	0.0	0.0	0.0	0.0	0.0	0.0	0.0
9	0.0	0.0	0	0.0377358490566037	17.75	0	0.0	0.03649635036496351	0.0	12.0	0.0	0.0	0.0	0.0	0.0
1	0.6666666666666666	0.0	43	0.0	0.5	0	0.0	0.12987012987012986	0.0	0.0	0.0	0.0	0.0	0.0	0.0
3	0.0	0.0	50	0.105726872246696	14.22	0	0.0	0.028121484814398197	0.0	0.0	0.0	0.0	0.0	0.0	0.0
2	0.0	0.0	29	0.0529801324503311	14.51	0	0.0	0.12755102040816327	0.0	0.0	0.0	0.0	0.0	0.0	0.0
1	0.0	0.0	31	0.0	15.1	0	0.02745744096650192	0.0	0.0	0.0	0.0	0.0	0.0	0.0	0.0
3	0.0	0.0	5	0.3714285714285714	16.36	0	0.0	0.1607717041800643	1.0	1.0	0.0	0.0	0.0	0.0	0.0
1	0.0	0.0	42	0.0	4.98	0	5.555555555555555	0.0	0.0	0.0	0.0	0.0	0.0	5.555555555555555	0.0
4	0.0	0.0	17	0.0	16.09	0	0.03990422984836393	0.0	0.0	0.0	0.0	0.0	0.0	0.0	0.0
1	0.0	0.0	0	0.0	16.12	0	0.13315579227696406	0.0	0.0	0.5	0.0	0.0	0.0	0.0	0.0
1	0.0	0.0	0	0.0	17.1	0	0.0	0.2150537634408602	0.0	0.0	0.0	0.0	0.0	0.0	0.0
1	0.0	0.0	0	0.0	17.09	0	0.0	0.2631578947368421	0.0	0.0	0.0	0.0	0.0	0.0	0.0
1	0.0	0.0	0	0.0	16.88	0	0.0	0.1773049645390071	0.0	0.0	0.0	0.0	0.0	0.0	0.0
3	0.0	0.0	1	0.0	16.37	0	0.047709923664122134	0.0	0.0	0.0	0.0	0.0	0.0	0.0	0.0
1	0.0	0.0	17	0.0	9.5	0	0.8620689655172414	0.0	0.0	0.0	0.0	0.0	0.0	0.0	0.0
1	0.0	0.0	15	0.0186915887850467	15.98	0	0.030497102775236352	0.0	0.0	0.0	0.0	0.0	0.0	0.030497102775236352	0.0
1	0.0	0.0	0	0.0	9.5	0	0.0	0.33783783783783783	0.0	0.0	0.0	0.0	0.0	0.0	0.0
3	0.0	0.0	2	0.0	44.32	0	0.0	0.14738393515106854	0.0	0.0	0.0	0.0	0.0	0.0	0.0
2	0.0	0.0	2	0.0853658536585365	16.61	0	0.03484320557491289	0.0	0.0	0.0	0.0	0.0	0.0	0.0	0.0
1	0.0	0.0	19	0.0	10.5	0	0.2840909090909091	0.0	0.0	0.0	0.0	0.0	0.0	0.0	0.0
7	0.0	0.0	43	0.0	14.86	0	0.02204099625303064	0.0	0.0	0.0	0.0	0.0	0.0	0.0	0.0160926939169617
1	0.0	0.0	1	0.0	16.58	0	0.0	0.030515715593530664	0.0	0.5	0.0	0.0	0.0	0.0	0.0
0	0.0	0.0	2	0.0	16.7	0	0.02318303002202388	0.0	0.0	0.5	0.0	0.0	0.0	0.0	0.0
0	0.0	0.0	2	0.3333333333333333	52.18	0	0.11402508551881414	0.0	0.0	0.5	0.0	0.0	0.0	0.0	0.0
1	0.0	0.0	41	0.0	11.06	0	0.05500550055005501	0.0	0.0	0.0	0.0	0.0	0.0	0.05500550055005501	0.0
1	0.0	0.0	19	0.0	8.13	0	0.37735849056603776	0.0	0.0	0.0	0.0	0.0	0.0	0.0	0.0
2	0.0	0.0	22	0.0	14.08	0	0.11507479861910243	0.0	0.0	0.25	0.0	0.0	0.0	0.0	0.0
1	0.0	1.0	42	0.0	2.0	0	0.06410256410256411	0.0	0.0	0.0	0.0	0.0	0.0	0.032051282051282055	0.0
3	0.0	0.0	40	0.0	15.03	0	0.0	0.056753688989784334	0.0	0.5	0.0	0.0	0.0	0.010510826150935463	0.0
2	0.0	0.0	13	0.0	17.91	0	0.0	0.048520135856380396	0.0	0.0	0.0	0.0	0.0	0.0	0.0
0	0.0	0.0	0	0.3658536585365853	0.0	0	0.0580046403712297	0.0	0.0	1.0	0.0	0.0	0.0	0.0	0.0
0	1.0	0.0	17	0.0	0.0	0	0.08680555555555555	0.0	0.0	0.0	0.0	0.0	0.0	0.0	0.0
0	1.0	0.0	38	0.0131578947368421	0.0	0	0.0	0.05144032921810699	0.0	0.0	0.0	0.0	0.0	0.0	0.0
5	0.0	0.0	40	0.0	15.77	0	0.016572754391779913	0.0	0.0	0.0	0.0	0.0	0.0	0.0	0.01044059302568386
1	0.25	1.0	55	0.1104972375690607	4.24	0	0.026581605528973953	0.0	0.0	0.0	0.0	0.0	0.0	0.0	0.0
4	0.0	0.0	0	0.0	17.03	0	0.0	0.1322751322751323	0.0	0.5	0.0	0.0	0.0	0.0	0.0
0	1.0	0.5	1	0.0719424460431654	32.76	0	0.11204481792717086	0.0	0.0	0.0	0.0	0.0	0.0	0.0	0.0
1	0.0	0.0	0	0.0	10.0	0	0.0	0.9090909090909091	0.0	0.0	0.0	0.0	0.0	0.0	0.0
1	0.0	0.0	32	0.0	15.52	0	0.0	0.007799095304944627	0.0	0.0	0.0	0.0	0.0	0.0	0.007799095304944627
2	0.0	0.0	0	0.0	16.22	0	0.0	0.021110407430863416	0.0	0.5	0.0	0.0	0.0	0.0	0.0
5	0.0	0.0	48	0.0	11.24	0	0.10787486515641856	0.0	0.0	0.0	0.0	0.0	0.0	0.0	0.0
1	0.0	0.0	0	0.0	9.5	0	0.0	0.1529051987767584	0.0	0.0	0.0	0.0	0.0	0.0	0.0
7	0.0	0.0	43	0.1451612903225806	13.0	0	0.040257648953301126	0.0	0.0	0.0	0.0	0.0	0.0	0.12077294685990338	0.0
1	0.0	0.0	0	0.0	17.14	0	0.0	0.18248175182481752	0.0	0.0	0.0	0.0	0.0	0.0	0.0
1	0.0	0.0	0	0.0983606557377049	22.63	0	0.09157509157509157	0.0	0.0	0.25	0.0	0.0	0.0	0.0	0.0
1	0.0	0.0	19	0.1666666666666666	5.74	0	0.5952380952380952	0.0	0.0	1.0	0.0	0.0	0.0	0.0	0.0
3	0.0	0.0	29	0.0	6.62	0	0.23255813953488372	0.0	0.0	0.5	0.0	0.0	0.0	0.0	0.0
1	0.0	0.0	0	0.2033898305084746	16.42	0	0.026595744680851064	0.0	0.0	0.0	0.0	0.0	0.0	0.0	0.0
2	0.0	0.0	1	0.0	16.67	0	0.0	0.02640612622128334	0.0	0.0	0.0	0.0	0.0	0.0	0.0
0	0.0	0.0	15	0.0	0.0	0	0.0	0.2232142857142857	0.0	0.0	0.0	0.0	0.0	0.0	0.0
3	0.0	0.0	4	0.1271676300578034	16.56	0	0.0	0.06357279084551812	0.0	0.0	0.0	0.0	0.0	0.0	0.0
3	0.0	0.0	0	0.0	16.14	0	0.0	0.07158196134574087	0.0	0.0	0.0	0.0	0.0	0.0	0.0
1	0.0	0.0	0	0.0	18.05	0	0.0	0.4166666666666667	0.0	2.0	0.0	0.0	0.0	0.0	0.0
5	0.0	0.0	40	0.0	15.43	0	0.019770660340055358	0.0	0.0	0.5	0.0	0.0	0.0	0.0	0.0
3	0.0	0.0	44	0.0	19.65	0	0.0	0.1692047377326565	0.0	0.0	0.0	0.0	0.0	0.0	0.0
0	0.0	0.0	30	0.0	15.38	0	0.023094688221709007	0.0	0.0	0.0	0.0	0.0	0.0	0.0	0.0
1	0.0	0.0	18	0.1237113402061855	13.98	0	0.08071025020177562	0.0	0.0	0.0	0.0	0.0	0.0	0.0	0.0
6	0.0	0.0	35	0.0	32.13	0	0.02642007926023778	0.01604363869725654	0.0	0.0	0.0	0.0	0.0	0.01321003963011889	0.0
1	1.0	0.0	13	0.0160857908847185	18.85	0	0.20884093282283328	0.0	0.0	1.0833333333333333	0.0	0.0	0.0	0.0	0.0
2	0.0	0.0	45	0.025	9.34	0	0.18450184501845018	0.0	0.0	0.0	0.0	0.0	0.0	0.0	0.0
2	0.0	0.0	41	0.0	13.11	0	0.06060606060606061	0.0	0.0	7.5	0.0	0.0	0.0	0.0	0.24986118822876177
1	0.0	0.0	42	0.0	10.91	0	0.0	0.08695652173913043	0.0	0.0	0.0	0.0	0.0	0.0	0.043478260869565216
1	0.0	0.0	28	0.0	11.0	0	0.07680491551459294	0.0	0.0	0.0	0.0	0.0	0.0	0.0	0.0
2	0.0	0.0	30	0.0084925690021231	16.33	0	0.0	0.007103281716152862	0.0	0.0	0.0	0.0	0.0	0.0	0.0
2	0.0	0.0	56	0.0	14.09	0	0.0	0.026917900403768506	0.0	0.0	0.0	0.0	0.0	0.0	0.0
3	0.0	0.0	19	0.4329896907216495	14.27	0	0.47619047619047616	0.0	0.0	0.0	0.0	0.0	0.0	0.0	0.0
1	0.0	0.0	7	0.0	16.3	0	0.0	0.05485463521667581	0.0	0.0	0.0	0.0	0.0	0.0	0.0
0	0.0	0.0	32	0.0	0.0	0	0.07849293563579278	0.0	0.0	0.0	0.0	0.0	0.0	0.03924646781789639	0.0
1	0.0	0.0	0	0.0	9.5	0	0.0	0.04302925989672978	0.0	0.0	0.0	0.0	0.0	0.0	0.0
0	0.5	1.0	31	0.0	0.0	0	0.0	0.034176349965823645	0.0	0.5	0.0	0.0	0.0	0.0	0.034176349965823645
3	0.0	0.0	31	0.0	5.18	0	0.0	0.7575757575757576	0.0	0.5	0.0	0.0	0.0	0.0	0.7575757575757576
0	0.0	0.0	30	0.0	16.18	0	0.014564520827264784	0.0	0.0	0.0	0.0	0.0	0.0	0.0	0.0
7	0.0	0.0	40	0.0	14.62	0	0.037509377344336084	0.0	0.0	0.0	0.0	0.0	0.0	0.037509377344336084	0.0
6	0.0	0.0	48	0.0440251572327044	15.75	0	0.0	0.02104377104377104	0.0	0.0	0.0	0.0	0.0	0.0	0.01052188552188552
1	0.0	0.0	45	0.0	5.5	0	0.0	0.040866366979975484	0.0	0.5	0.0	0.0	0.0	0.0	0.020433183489987742
1	0.0	0.0	0	0.3333333333333333	17.43	0	0.0	0.36496350364963503	0.0	1.0	0.0	0.0	0.0	0.0	0.0
2	0.0	0.0	47	0.0	6.48	0	0.0	0.10080645161290323	0.0	0.0	0.0	0.0	0.0	0.0	0.10080645161290323
2	0.0	0.0	40	0.1052631578947368	15.47	0	0.0	0.018839487565938208	0.0	1.0	0.0	0.0	0.0	0.0	0.0
2	0.0	0.0	1	0.0845070422535211	16.25	0	0.0	0.039510075069142635	0.0	0.5	0.0	0.0	0.0	0.0	0.0
1	0.0	0.0	17	0.0	10.83	0	0.1322751322751323	0.0	0.0	0.0	0.0	0.0	0.0	0.0	0.0
1	0.0	0.0	20	0.0	9.43	0	0.9174311926605504	0.0	0.0	0.0	0.0	0.0	0.0	0.0	0.0
2	0.0	0.0	36	0.0	6.02	0	0.2531645569620253	0.0	0.0	0.0	0.0	0.0	0.0	0.12658227848101264	0.0
1	1.0	0.5	56	0.0259740259740259	27.28	1	2.407932011331445	0.19442644199611148	0.0	0.4	0.0	0.0	0.0	1.9121813031161474	0.0
0	1.0	0.0	11	0.1515151515151515	12.47	0	0.12158054711246201	0.0	0.0	0.5	0.0	0.0	0.0	0.0	0.0
1	0.0	0.0	24	0.0	9.5	0	0.6756756756756757	0.0	0.0	0.0	0.0	0.0	0.0	0.0	0.0
1	0.0	0.0	0	0.0	17.39	0	0.0	0.9803921568627451	0.0	0.5	0.0	0.0	0.0	0.0	0.0
1	0.0	0.0	45	0.0	11.32	0	0.05107252298263534	0.0	0.0	0.0	0.0	0.0	0.0	0.0	0.04739336492890995
5	0.0	0.0	77	0.0	8.33	0	0.0	0.040749796251018745	0.0	0.0	0.0	0.0	0.0	0.0	0.040749796251018745
4	0.0	0.0	23	0.0	15.58	0	0.0	0.027151778441487917	0.0	0.0	0.0	0.0	0.0	0.0	0.0
5	0.0	0.0	16	0.0	14.62	0	0.0	0.07479431563201197	0.0	0.0	0.0	0.0	0.0	0.0	0.0
1	0.0	0.0	19	0.0	9.5	0	0.8064516129032259	0.0	0.0	0.0	0.0	0.0	0.0	0.0	0.0
0	0.0	0.0	0	0.0	16.23	0	0.02145002145002145	0.0	0.0	1.0	0.0	0.0	0.0	0.0	0.0
0	0.0	1.0	27	0.1509433962264151	19.54	1	0.4166666666666667	0.0	0.0	1.25	0.0	0.0	0.0	0.0	0.0
0	0.0	0.0	46	0.0192307692307692	10.17	0	0.05060728744939271	0.0	0.0	0.0	0.0	0.0	0.0	0.0	0.0
4	0.0	0.0	1	0.3428571428571428	16.32	0	0.0	0.06426735218508997	0.0	0.5	0.0	0.0	0.0	0.0	0.0
2	0.0	0.0	28	0.0606060606060606	12.28	0	0.4716981132075471	0.0	0.0	0.5	0.0	0.0	0.0	0.4716981132075471	0.0
3	0.0	0.0	45	0.0268456375838926	14.32	0	0.0	0.0409165302782324	0.0	0.5	0.0	0.0	0.0	0.0	0.0204582651391162
0	0.0	0.0	26	0.2857142857142857	0.0	0	0.3787878787878788	0.0	0.0	0.0	0.0	0.0	0.0	0.0	0.0
1	0.0	0.0	22	0.1111111111111111	9.5	0	0.1838235294117647	0.0	0.0	0.0	0.0	0.0	0.0	0.0	0.0
1	0.0	0.0	51	0.0	16.7	1	0.8960573476702509	0.0	0.0	0.5	0.0	0.0	0.0	0.6272401433691757	0.11045655375552282
0	0.0	1.0	23	0.0928571428571428	0.52	1	0.05592841163310962	3.690036900369004	0.0	0.68	0.0	0.0	0.0	0.0	0.0
1	0.0	0.0	47	0.0	6.49	0	0.13966480446927373	0.0	0.0	0.0	0.0	0.0	0.0	0.0	0.0
1	0.0	0.0	0	0.0	9.5	0	0.0	0.3496503496503497	0.0	0.0	0.0	0.0	0.0	0.0	0.0
3	0.0	0.0	30	0.0	5.06	0	3.125	0.0	0.0	0.25	0.0	0.0	0.0	0.0	0.0
3	0.0	0.0	0	0.0236220472440944	16.9	0	0.0	0.03636363636363636	0.0	2.0	0.0	0.0	0.0	0.0	0.0
8	0.0	0.0	42	0.0	15.55	0	0.0	0.04071661237785017	0.0	0.0	0.0	0.0	0.0	0.0	0.0
2	0.0	0.0	0	0.0	17.25	0	0.0	0.057537399309551214	0.0	0.0	0.0	0.0	0.0	0.0	0.0
1	0.0	0.0	47	0.0303030303030303	8.26	0	0.06666666666666667	0.0	0.0	0.0	0.0	0.0	0.0	0.0	0.0
3	0.0	0.0	60	0.0	12.12	0	0.017182130584192438	0.0	0.0	0.0	0.0	0.0	0.0	0.034364261168384876	0.0
1	0.0	0.0	32	0.0126582278481012	14.59	0	0.03770739064856712	0.0	0.0	0.0	0.0	0.0	0.0	0.0	0.0
3	0.0	0.0	36	0.0	5.67	0	0.0	0.26881720430107525	0.0	0.5	0.0	0.0	0.0	0.0	0.0
4	0.0	0.0	61	0.0	8.47	0	0.03280839895013123	0.0	0.0	0.0	0.0	0.0	0.0	0.06561679790026247	0.0
1	0.0	0.0	54	0.0	4.56	0	50.0	0.0	0.0	0.0	0.0	0.0	0.0	0.0	0.0
0	1.0	1.0	0	0.0	34.12	0	0.0	0.05651313930488838	0.0	0.0	0.0	0.0	0.0	0.0	0.0
0	0.0	0.0	0	0.0	16.31	0	0.0	0.019727756954034326	0.0	1.0	0.0	0.0	0.0	0.0	0.0
7	0.0	0.0	32	0.0	5.62	0	0.5952380952380952	0.0	0.0	0.0	0.0	0.0	0.0	0.0	0.0
2	0.0	0.0	14	0.0204918032786885	26.71	0	0.018168604651162792	0.0	0.0	0.0	0.0	0.0	0.0	0.0	0.0
3	0.0	0.0	2	0.0	16.23	0	0.0	0.00518887505188875	0.0	0.0	0.0	0.0	0.0	0.0	0.0
7	0.0	0.0	19	0.0	16.21	0	0.07926023778071334	0.0	0.0	0.16666666666666666	0.0	0.0	0.0	0.0	0.0
1	0.0	0.0	19	0.0	9.5	0	0.2347417840375587	0.0	0.0	1.0	0.0	0.0	0.0	0.0	0.0
3	0.0	0.0	20	0.0	15.53	0	0.0	0.02612330198537095	0.0	0.0	0.0	0.0	0.0	0.0	0.0
0	0.0	0.0	47	0.0	0.0	0	0.0508130081300813	0.0	0.0	0.0	0.0	0.0	0.0	0.0	0.0
7	0.0	0.0	76	0.0	12.42	0	0.0258732212160414	0.0	0.0	0.0	0.0	0.0	0.0	0.0	0.0
0	0.0	0.0	41	0.0	30.74	0	0.0	0.053475935828877004	0.0	0.0	0.0	0.0	0.0	0.0	0.053475935828877004
2	0.5	1.0	18	0.0	4.92	0	0.04589261128958238	0.0	0.0	0.0	0.0	0.0	0.0	0.0	0.0
3	0.0	0.0	31	0.0	14.07	0	0.0	0.04206983592763988	0.0	0.0	0.0	0.0	0.0	0.0	0.0
0	0.0	0.0	52	0.0967741935483871	27.54	1	0.05625879043600563	1.6055045871559632	0.0	0.5	0.0	0.0	0.0	0.0	0.0
0	0.5	0.0	20	0.0	0.0	0	0.0	0.044365572315882874	0.0	0.5	0.0	0.0	0.0	0.0	0.0
1	0.0	0.0	28	0.1933962264150943	14.75	0	0.0	0.04950495049504951	0.0	0.0	0.0	0.0	0.0	0.0	0.0
1	0.0	1.0	43	0.0318471337579617	0.29	1	0.0	0.7722007722007722	0.0	0.7	0.0	0.0	0.0	0.034411562284927734	0.03861003861003861
1	0.0	0.0	40	0.0227272727272727	6.0	0	0.051867219917012444	0.0	0.0	0.0	0.0	0.0	0.0	0.025933609958506222	0.0
9	0.0	0.0	16	0.0909090909090909	8.67	0	0.267379679144385	0.0	0.0	0.0	0.0	0.0	0.0	0.0	0.0
1	0.0	0.0	0	0.0769230769230769	11.5	0	0.0	0.9090909090909091	0.0	0.5	0.0	0.0	0.0	0.0	0.0
3	0.0	0.0	26	0.1587301587301587	13.88	0	0.0	0.054288816503800214	0.0	0.0	0.0	0.0	0.0	0.0	0.0
3	0.5	0.5	20	0.0476190476190476	37.73	0	0.12406947890818858	0.0	0.0	0.0	0.0	0.0	0.0	0.0	0.0
1	0.0	0.0	0	0.0303030303030303	16.57	0	0.0	0.18315018315018314	0.0	0.5	0.0	0.0	0.0	0.0	0.0
6	0.0	0.0	2	0.0	16.58	0	0.0	0.024937655860349125	0.0	0.0	0.0	0.0	0.0	0.0	0.0
2	0.0	0.0	36	0.0	13.49	0	0.04084967320261438	0.0	0.0	0.0	0.0	0.0	0.0	0.0	0.0
5	0.0	0.0	40	0.0	15.5	0	0.0	0.018484288354898334	0.0	0.0	0.0	0.0	0.0	0.0	0.0
4	0.0	0.0	45	0.0	14.68	0	0.0	0.02284148012791229	0.0	0.0	0.0	0.0	0.0	0.0	0.011420740063956145
3	0.0	0.0	20	0.0	16.01	0	0.027785495971103084	0.0	0.0	0.0	0.0	0.0	0.0	0.0	0.0
3	0.0	0.0	2	0.3216374269005848	29.8	0	0.0	0.4032258064516129	1.0	0.3333333333333333	0.0	0.0	0.0	0.0	0.0
1	0.0	0.0	35	0.0	11.5	0	0.0	0.0847457627118644	0.0	0.0	0.0	0.0	0.0	0.0	0.0847457627118644
5	0.0	0.0	33	0.0126582278481012	15.14	0	0.057770075101097634	0.0	0.0	0.0	0.0	0.0	0.0	0.057770075101097634	0.0
2	0.0	0.0	17	0.0	13.43	0	0.0	0.1841620626151013	0.0	0.0	0.0	0.0	0.0	0.07451564828614009	0.0
3	1.0	1.0	0	0.0	17.65	0	0.0	0.0911854103343465	0.0	0.0	0.0	0.0	0.0	0.0	0.0
0	0.0	0.0	29	0.0638297872340425	0.0	0	0.09652509652509653	0.0	0.0	0.0	0.0	0.0	0.0	0.0	0.0
1	0.0	0.0	55	0.0	7.66	0	0.0	0.028935185185185182	0.0	0.0	0.0	0.0	0.0	0.0	0.057870370370370364
1	0.0	0.0	17	0.1428571428571428	9.5	0	1.5625	0.0	0.0	0.0	0.0	0.0	0.0	0.0	0.0
4	0.0	0.0	56	0.0	12.95	0	0.06291286568103177	0.0	0.0	0.25	0.0	0.0	0.0	0.0	0.0
5	1.0	0.0	0	0.1428571428571428	9.94	0	0.0	1.1904761904761905	0.0	0.5	0.0	0.0	0.0	0.0	0.0
2	0.0	0.0	0	0.0	16.63	0	0.0	0.1295336787564767	0.0	0.0	0.0	0.0	0.0	0.0	0.0
2	0.0	0.0	0	0.0416666666666666	17.48	0	0.0	0.0390015600624025	0.0	6.0	0.0	0.0	0.0	0.0	0.0
0	0.0	0.0	16	0.2272727272727272	0.0	0	0.1607717041800643	0.0	0.0	0.0	0.0	0.0	0.0	0.0	0.0
3	0.0	0.0	41	0.0	28.13	0	0.04095004095004095	0.0	0.0	0.0	0.0	0.0	0.0	0.0	0.0
1	0.0	0.0	0	0.0	13.22	0	0.0	25.0	0.0	0.125	0.0	0.0	0.0	0.0	0.0
0	0.0	0.0	38	0.0	0.0	0	0.20491803278688525	0.0	0.0	1.0	0.0	0.0	0.0	0.0	0.0
6	0.0	0.0	40	0.0703517587939698	15.19	0	0.024557956777996073	0.009893153937475268	0.0	0.0	0.0	0.0	0.0	0.012278978388998036	0.0
6	0.0	0.0	2	0.0934065934065934	16.19	0	0.0	0.03284072249589491	0.0	0.5	0.0	0.0	0.0	0.0	0.0
2	0.0	0.0	0	0.0	16.04	0	0.0	0.014654161781946074	0.0	2.0	0.0	0.0	0.0	0.0	0.0
2	0.0	0.0	52	0.0	4.99	0	0.09652509652509653	0.0	0.0	0.0	0.0	0.0	0.0	0.04826254826254826	0.0
1	0.0	0.0	20	0.0909090909090909	6.28	0	0.24937655860349128	0.0	0.0	0.0	0.0	0.0	0.0	0.24937655860349128	0.0
1	0.0	0.0	20	0.0	10.0	0	0.4424778761061947	0.0	0.0	0.0	0.0	0.0	0.0	0.0	0.0
3	0.0	0.0	66	0.0	6.2	0	0.0	0.11682242990654206	0.0	0.0	0.0	0.0	0.0	0.0	0.0
0	0.0	0.0	22	0.0	0.0	0	0.6329113924050632	0.0	0.0	0.0	0.0	0.0	0.0	0.6329113924050632	0.0
1	0.0	0.0	30	0.0	5.86	1	0.7692307692307692	0.0	0.0	2.0	0.0	0.0	0.0	1.1538461538461537	0.0
0	0.0	0.0	22	0.0	0.0	0	0.10989010989010989	0.0	0.0	1.0	0.0	0.0	0.0	0.0	0.0
0	0.0	1.0	32	0.0	0.0	0	0.0499001996007984	0.0	0.0	0.5	0.0	0.0	0.0	0.0	0.0
1	0.0	0.0	5	0.1939393939393939	16.33	0	0.02648305084745763	0.0	0.0	2.0	0.0	0.0	0.0	0.0	0.0
3	0.0	0.0	0	0.0	16.51	0	0.0	0.08908685968819599	0.0	0.0	0.0	0.0	0.0	0.0	0.0
1	1.0	0.0	32	0.0	0.5	0	0.02873563218390805	0.0	0.0	0.0	0.0	0.0	0.0	0.0	0.0
1	0.0	0.0	27	0.0	15.0	0	0.16778523489932887	0.0	0.0	2.0	0.0	0.0	0.0	0.0	0.0
2	0.0	0.0	2	0.1071428571428571	16.73	0	0.27932960893854747	0.0	0.0	1.0	0.0	0.0	0.0	0.0	0.0
0	0.0	0.0	5	0.0	11.83	0	0.37453183520599254	0.0	0.0	0.0	0.0	0.0	0.0	0.0	0.0
1	0.0	0.0	0	0.0	17.34	0	0.0	0.32679738562091504	0.0	2.0	0.0	0.0	0.0	0.0	0.0
1	0.5	1.0	8	0.0996677740863787	21.9	0	0.05460502366217692	0.0	0.0	3.6666666666666665	0.0	0.0	0.0	0.0	0.0
2	0.0	0.0	2	0.0	16.45	0	0.13736263736263735	0.0	0.0	0.0	0.0	0.0	0.0	0.0	0.0
2	0.0	0.0	36	0.0	5.36	0	0.0	0.04088307440719542	0.0	0.0	0.0	0.0	0.0	0.0	0.0
0	0.0	0.0	8	0.2272727272727272	15.57	0	0.22831050228310504	0.0	0.0	2.0	0.0	0.0	0.0	0.0	0.0
5	0.0	0.0	79	0.0	11.6	0	0.19801980198019803	0.2958579881656805	0.0	0.0	0.0	0.0	0.0	0.0	0.0
1	0.0	0.0	35	0.0	15.05	0	0.03136762860727729	0.0	0.0	0.0	0.0	0.0	0.0	0.0	0.0
4	0.0	0.0	46	0.087719298245614	14.83	0	0.011042402826855124	0.0	0.0	1.0	0.0	0.0	0.0	0.0	0.0
0	0.0	0.0	21	0.0	0.0	1	0.0	4.347826086956522	0.0	0.5833333333333334	0.0	0.0	0.0	0.0	0.0
0	0.0	0.0	7	0.2	15.2	0	0.2645502645502646	0.11061946902654868	0.0	0.25	0.0	0.0	0.0	0.0	0.0
6	0.0	0.0	46	0.0	15.35	0	0.019146084625694046	0.0	0.0	0.5	0.0	0.0	0.0	0.0	0.0
1	0.0	0.0	36	0.0869565217391304	12.53	0	0.048285852245292124	0.0	0.0	0.0	0.0	0.0	0.0	0.0	0.0
0	0.0	0.0	21	0.125	0.0	0	0.0	0.1996007984031936	0.0	0.0	0.0	0.0	0.0	0.0	0.1996007984031936
2	0.0	0.0	4	0.0	16.55	0	0.0	0.06180469715698393	0.0	0.0	0.0	0.0	0.0	0.0	0.0
1	0.0	0.0	0	0.0	9.5	0	0.0	2.0	0.0	0.0	0.0	0.0	0.0	0.0	0.0
0	0.0	0.0	45	0.0	15.14	0	0.0	0.01988466892026248	0.0	0.0	0.0	0.0	0.0	0.011970313622216901	0.00994233446013124
1	0.0	0.0	3	0.1379310344827586	16.46	0	0.048520135856380396	0.0	0.0	1.0	0.0	0.0	0.0	0.0	0.0
1	0.0	0.0	4	0.0	15.36	0	0.5208333333333334	0.0	0.0	0.0	0.0	0.0	0.0	0.0	0.0
2	0.0	0.0	1	0.0	16.29	0	0.021123785382340513	0.0	0.0	0.5	0.0	0.0	0.0	0.0	0.0
4	0.0	0.0	36	0.0	15.42	0	0.0	0.02369106846718787	0.0	0.0	0.0	0.0	0.0	0.0	0.0
1	0.0	0.0	0	0.0	16.2	0	0.0	0.07518796992481203	0.0	0.0	0.0	0.0	0.0	0.0	0.0
0	0.0	0.0	14	0.0	7.9	0	0.21008403361344538	0.0	0.0	0.0	0.0	0.0	0.0	0.0	0.0
0	0.0	0.0	2	0.2178217821782178	16.26	0	0.06906077348066299	0.0	0.0	1.0	0.0	0.0	0.0	0.0	0.0
1	0.0	0.0	13	0.0	15.59	0	0.07763975155279502	0.0	1.0	1.5	0.0	0.0	0.0	0.0	0.0
3	0.0	0.0	47	0.0825688073394495	13.91	0	0.09191176470588235	0.0	0.0	0.0	0.0	0.0	0.0	0.0	0.0
1	0.0	0.0	0	0.0	10.0	0	0.0	0.2040816326530612	0.0	0.0	0.0	0.0	0.0	0.0	0.0
3	0.0	0.0	42	0.0	15.72	0	0.0	0.05798782255726297	0.0	0.5	0.0	0.0	0.0	0.0	0.0
0	0.0	0.0	35	0.0526315789473684	15.31	0	0.0	0.024789291026276646	0.0	0.0	0.0	0.0	0.0	0.0	0.012394645513138323
0	0.0	0.0	18	0.0	0.0	1	0.06920415224913495	1.5492957746478875	0.0	0.8333333333333334	0.0	0.0	0.0	0.0	0.0
1	0.0	0.0	24	0.0	11.15	0	0.09523809523809523	0.0	0.0	0.5	0.0	0.0	0.0	0.0	0.0
5	0.0	0.0	39	0.0	15.04	0	0.0	0.03125976867771179	0.0	0.0	0.0	0.0	0.0	0.04692632566870014	0.0
1	0.5	0.6666666666666666	40	0.0	0.5	0	0.0	0.030469226081657527	0.0	0.0	0.0	0.0	0.0	0.0	0.015234613040828763
1	0.0	0.0	16	0.0	12.85	0	0.09842519685039369	0.0	0.0	0.0	0.0	0.0	0.0	0.0	0.0
0	0.0	0.0	18	0.0	0.0	0	0.2976190476190476	0.0	0.0	0.0	0.0	0.0	0.0	0.0	0.0
2	0.0	0.0	29	0.0	14.67	0	0.0	0.050890585241730284	0.0	0.0	0.0	0.0	0.0	0.0	0.0
2	0.0	0.0	15	0.197452229299363	16.53	0	0.0	0.0316055625790139	0.0	1.0	0.0	0.0	0.0	0.0	0.0316055625790139
0	0.0	0.0	16	0.0	0.0	0	0.19083969465648853	0.0	0.0	0.0	0.0	0.0	0.0	0.0	0.0
1	0.0	0.0	0	0.0135135135135135	9.5	0	0.0	0.0335795836131632	0.0	0.0	0.0	0.0	0.0	0.0	0.0
1	0.0	0.0	17	0.0	9.0	0	0.037893141341417205	0.0	0.0	0.0	0.0	0.0	0.0	0.0	0.0
1	0.0	0.0	0	0.0	16.47	0	0.0	0.4	0.0	0.0	0.0	0.0	0.0	0.0	0.0
1	0.0	0.0	2	0.0	16.2	0	0.13458950201884254	0.0	0.0	0.0	0.0	0.0	0.0	0.0	0.0
0	0.0	0.0	48	0.0	0.0	0	0.1858736059479554	0.0	0.0	0.0	0.0	0.0	0.0	0.0	0.0
2	0.0	0.0	27	0.0	16.36	0	0.0	0.02155636990730761	0.0	0.0	0.0	0.0	0.0	0.0	0.0
3	0.0	0.0	25	0.0169491525423728	15.1	0	0.09372071227741331	0.0	0.0	0.0	0.0	0.0	0.0	0.0	0.0
4	1.0	1.0	32	0.0	40.79	0	0.04313133491481561	0.0	0.0	0.0	0.0	0.0	0.0	0.0	0.0
1	0.0	0.0	2	0.0277777777777777	23.5	0	0.04393673110720562	0.0	0.0	1.0	0.0	0.0	0.0	0.0	0.0
3	0.0	0.0	31	0.0	10.89	0	2.6315789473684212	0.0	0.0	0.0	0.0	0.0	0.0	0.0	0.0
1	0.0	0.0	1	0.1772151898734177	16.36	0	0.0	0.041407867494824016	0.0	0.0	0.0	0.0	0.0	0.0	0.0
1	0.0	0.0	4	0.1463414634146341	16.4	0	0.0	0.19083969465648853	0.0	0.0	0.0	0.0	0.0	0.0	0.0
3	0.0	0.0	38	0.0	14.68	0	0.0	0.026246719160104987	0.0	0.0	0.0	0.0	0.0	0.0	0.0
1	0.0	0.0	21	0.0	14.78	0	0.0	0.04145936981757877	0.0	0.5	0.0	0.0	0.0	0.0	0.0
1	1.0	1.0	18	0.0	17.0	0	0.0	0.04926108374384236	0.0	0.0	0.0	0.0	0.0	0.0	0.02463054187192118
1	0.0	0.0	17	0.1063829787234042	12.42	0	0.0	0.046860356138706656	1.0	4.0	0.0	0.0	0.0	0.0	0.0
1	0.5	0.0	52	0.0133333333333333	5.99	1	0.17321016166281755	1.6142384105960266	0.0	0.543859649122807	0.0	0.0	0.0	0.03849114703618168	0.0
4	0.0	0.0	16	0.0	16.32	0	0.02242152466367713	0.0	0.0	0.0	0.0	0.0	0.0	0.0	0.0
0	0.0	0.0	22	0.0	0.0	0	0.0	0.0	0.0	0.0	0.0	0.0	0.0	0.0	0.0
1	0.0	0.0	0	0.0	17.3	0	0.0	2.6315789473684212	0.0	0.0	0.0	0.0	0.0	0.0	0.0
0	0.0	0.0	15	0.0	0.0	0	0.0	1.6129032258064517	0.0	0.0	0.0	0.0	0.0	0.0	1.6129032258064517
1	0.0	0.0	0	0.0	9.5	0	0.0	0.2777777777777778	0.0	0.5	0.0	0.0	0.0	0.0	0.0
2	0.0	0.0	49	0.1570247933884297	8.52	0	0.0	0.13774104683195593	0.0	0.0	0.0	0.0	0.0	0.0	0.0
2	0.0	0.0	22	0.0	8.01	0	0.16051364365971107	0.0	0.0	0.5	0.0	0.0	0.0	0.0	0.0
1	0.0	0.0	17	0.0	9.5	0	0.8928571428571428	0.0	0.0	0.0	0.0	0.0	0.0	0.0	0.0
2	0.0	0.0	38	0.0	15.35	0	0.022416498542927595	0.0	0.0	0.0	0.0	0.0	0.0	0.0	0.0
0	0.0	0.0	19	0.0909090909090909	0.0	0	0.0	0.31446540880503143	0.0	0.0	0.0	0.0	0.0	0.0	0.15723270440251572
5	1.0	0.5	34	0.012	21.79	0	0.0	0.045966444495518274	0.0	0.0	0.0	0.0	0.0	0.0	0.0
3	0.0	0.0	16	0.1508771929824561	15.82	0	0.011547344110854504	0.0	0.0	0.0	0.0	0.0	0.0	0.0	0.0
3	0.0	0.0	1	0.0	16.48	0	0.0	0.053821313240043064	0.0	0.0	0.0	0.0	0.0	0.0	0.0
0	0.0	0.0	34	0.0	14.53	0	0.0	0.01427755568246716	0.0	0.0	0.0	0.0	0.0	0.0	0.0
1	1.0	1.0	43	0.0	8.96	0	0.03295978905735003	0.0	0.0	0.0	0.0	0.0	0.0	0.0	0.0
3	0.0	0.0	44	0.0	48.08	0	0.05691519635742743	0.0	0.0	0.0	0.0	0.0	0.0	0.0	0.0
0	0.0	0.0	78	0.0	7.11	0	0.029205607476635514	0.0	0.0	1.0	0.0	0.0	0.0	0.0	0.0
0	0.0	0.0	46	0.0	0.0	0	0.02718868950516585	0.0	0.0	0.0	0.0	0.0	0.0	0.02718868950516585	0.0
7	0.0	0.0	70	0.0051546391752577	10.72	0	0.04401408450704226	0.0	0.0	0.0	0.0	0.0	0.0	0.0	0.0
11	0.0	0.0	78	0.0	15.14	0	0.040783034257748776	0.0	0.0	0.3333333333333333	0.0	0.0	0.0	0.0	0.0
3	0.0	1.0	5	0.0	18.61	0	0.12135922330097088	0.0	0.0	0.0	0.0	0.0	0.0	0.0	0.0
6	0.0	0.0	77	0.0	10.25	0	0.035423308537017355	0.0	0.0	0.0	0.0	0.0	0.0	0.0	0.0
3	0.0	0.0	16	0.0	15.13	0	0.05367686527106817	0.0	0.0	0.0	0.0	0.0	0.0	0.0	0.0
2	0.0	0.0	50	0.0	5.21	0	0.2597402597402597	0.0	0.0	0.0	0.0	0.0	0.0	0.0	0.0
2	0.0	0.0	19	0.0947368421052631	14.28	0	0.0827129859387924	0.0	0.0	0.0	0.0	0.0	0.0	0.0	0.0
0	0.0	0.0	15	0.0	0.0	0	0.2	0.0	0.0	0.0	0.0	0.0	0.0	0.0	0.0
0	0.0	0.0	14	0.0	0.0	0	0.09960159362549802	0.0	0.0	0.0	0.0	0.0	0.0	0.0	0.0
2	0.0	0.0	0	0.0	18.29	0	0.0	0.03815337657382678	0.0	17.5	0.0	0.0	0.0	0.0	0.0
1	0.0	0.0	47	0.0	15.5	0	0.05537098560354375	0.0	0.0	0.0	0.0	0.0	0.0	0.027685492801771874	0.0
1	0.0	0.0	44	0.0	11.45	0	0.0	0.14124293785310735	0.0	0.0	0.0	0.0	0.0	0.03558718861209964	0.07062146892655367
1	0.0	0.0	0	0.0	16.13	0	0.0	0.052410901467505246	0.0	0.0	0.0	0.0	0.0	0.0	0.0
0	0.0	0.0	41	0.0	0.0	0	0.0	0.1724137931034483	0.0	1.0	0.0	0.0	0.0	0.0	0.08620689655172414
0	0.0	0.0	18	0.0	0.0	0	0.06385696040868455	0.0	0.0	0.5	0.0	0.0	0.0	0.0	0.0
5	0.0	0.0	36	0.0	21.19	0	0.030637254901960783	0.0	0.0	0.0	0.0	0.0	0.0	0.030637254901960783	0.0
0	1.0	0.5	27	0.0869565217391304	206.75	1	0.45180722891566266	0.0	0.0	0.9166666666666666	0.0	0.0	0.0	0.0	0.0
0	0.0	0.0	17	0.0	0.0	0	0.0	0.1272264631043257	0.0	0.0	0.0	0.0	0.0	0.0	0.0
1	0.0	0.0	0	0.0	16.97	0	0.0	0.30864197530864196	0.0	0.0	0.0	0.0	0.0	0.0	0.0
2	0.0	0.0	33	0.0	15.51	0	0.07418397626112759	0.0	0.0	0.0	0.0	0.0	0.0	0.0	0.0
3	0.0	0.0	27	0.2436548223350254	15.64	0	0.0	0.06535947712418301	0.0	1.0	0.0	0.0	0.0	0.0	0.0
2	0.0	0.0	0	0.0	16.73	0	0.0	0.21551724137931036	0.0	0.0	0.0	0.0	0.0	0.0	0.0
3	0.0	0.0	23	0.0	14.99	0	0.05356186395286555	0.0	0.0	0.5	0.0	0.0	0.0	0.0	0.0
12	0.0	0.0	28	0.0	15.69	0	0.02388344877000239	0.0	0.0	0.0	0.0	0.0	0.0	0.0	0.0
5	0.0	0.0	2	0.0	16.28	0	0.0	0.10687566797292483	0.0	0.0	0.0	0.0	0.0	0.0	0.0
5	0.0	0.0	0	0.0128205128205128	16.27	0	0.0	0.018152114721365038	0.0	0.0	0.0	0.0	0.0	0.0	0.0
3	0.0	0.0	0	0.0	16.45	0	0.0	0.05243838489774515	0.0	0.0	0.0	0.0	0.0	0.0	0.0
1	0.0	0.0	20	0.0	16.23	0	0.0	0.0163265306122449	0.0	0.5	0.0	0.0	0.0	0.0	0.0
4	0.0	0.0	46	0.0	13.97	0	0.0	0.052410901467505246	0.0	12.0	0.0	0.0	0.0	0.0	0.026205450733752623
0	0.0	0.0	21	0.0	0.0	0	0.030030030030030033	0.0	0.0	0.0	0.0	0.0	0.0	0.0	0.0
0	1.0	0.0	54	0.0437956204379562	36.32	1	0.5835156819839533	0.32202662086732503	0.0	0.723404255319149	0.0	0.0	0.0	0.10940919037199125	0.0
6	0.0	0.0	60	0.0	15.0	0	0.015429717636167257	0.0	0.0	0.0	0.0	0.0	0.0	0.0	0.0
1	0.0	0.0	17	0.0	9.5	0	50.0	0.0	0.0	0.0	0.0	0.0	0.0	0.0	0.0
0	0.0	0.0	24	0.0126582278481012	15.46	0	0.04901960784313726	0.0	0.0	0.0	0.0	0.0	0.0	0.0	0.0
2	0.0	0.0	0	0.0661157024793388	17.07	0	0.015782828282828284	0.0	0.0	0.0	0.0	0.0	0.0	0.0	0.0
1	0.0	0.0	0	0.0	17.43	0	0.0	0.3546099290780142	0.0	0.0	0.0	0.0	0.0	0.0	0.0
2	0.0	0.0	38	0.0	14.65	0	0.029895366218236172	0.0	0.0	0.0	0.0	0.0	0.0	0.0	0.0
2	0.0	0.5	0	0.0	15.12	0	0.0	0.02213368747233289	0.0	0.0	0.0	0.0	0.0	0.0	0.0
0	1.0	1.0	31	0.003683241252302	110.87	0	0.0	0.12083375289497533	1.0	0.9166666666666666	0.0	0.0	0.0	0.0	0.010069479407914611
1	0.0	0.0	21	0.0	13.5	0	0.684931506849315	0.0	0.0	0.0	0.0	0.0	0.0	0.0	0.0
3	0.0	0.0	39	0.0	14.81	0	0.0	0.06284038542103058	0.0	0.0	0.0	0.0	0.0	0.0	0.0
1	0.0	0.0	46	0.3888888888888889	11.0	0	0.0	0.1694915254237288	0.0	0.0	0.0	0.0	0.0	0.0	0.0847457627118644
2	0.0	0.0	24	0.0	14.82	1	0.0	0.2329192546583851	0.0	2.3333333333333335	0.0	0.0	0.0	0.0	0.2329192546583851
6	0.0	0.0	49	0.0	14.86	0	0.0	0.021743857360295715	0.0	0.0	0.0	0.0	0.0	0.02222716159146477	0.021743857360295715
4	0.0	0.0	42	0.0	14.06	0	0.0	0.03457814661134163	0.0	0.0	0.0	0.0	0.0	0.0	0.0
1	0.0	0.0	18	0.0	8.96	0	0.0	0.5780346820809249	0.0	0.0	0.0	0.0	0.0	0.0	0.0
1	0.0	0.0	47	0.0935672514619883	13.68	0	0.0	0.07132667617689016	0.0	0.0	0.0	0.0	0.0	0.0	0.03566333808844508
1	0.0	0.0	16	0.0	9.5	0	0.25	0.0	0.0	0.0	0.0	0.0	0.0	0.0	0.0
0	0.0	0.0	21	0.1111111111111111	0.0	0	1.0309278350515465	0.0	0.0	0.5	0.0	0.0	0.0	0.0	0.0
1	0.0	0.0	24	0.0246913580246913	24.5	0	0.0	0.038109756097560975	0.0	0.0	0.0	0.0	0.0	0.0	0.0
1	0.0	0.0	18	0.2522522522522522	16.21	0	0.0	0.0397456279809221	0.0	0.0	0.0	0.0	0.0	0.0	0.0397456279809221
1	0.0	0.0	44	0.1052631578947368	13.2	0	0.2173913043478261	0.0	0.0	0.0	0.0	0.0	0.0	0.10869565217391305	0.0
1	0.0	0.0	16	0.0	7.78	0	0.3968253968253968	0.0	0.0	0.0	0.0	0.0	0.0	0.0	0.0
5	0.0	0.0	48	0.0	13.85	0	0.036010082823190494	0.0	0.0	0.0	0.0	0.0	0.0	0.0	0.02631578947368421
4	0.0	0.0	27	0.0	15.57	0	0.02386634844868735	0.0	0.0	0.0	0.0	0.0	0.0	0.0	0.0
2	0.0	0.0	0	0.0	16.29	0	0.0	0.11013215859030837	0.0	1.0	0.0	0.0	0.0	0.0	0.0
1	0.0	0.0	19	0.0	1.5	0	0.07861635220125786	0.0	0.0	0.0	0.0	0.0	0.0	0.0	0.0
0	0.0	0.0	18	0.0	0.0	0	0.2777777777777778	0.0	0.0	0.0	0.0	0.0	0.0	0.2777777777777778	0.0
3	0.0	0.0	38	0.0	14.84	0	0.013280212483399735	0.0	0.0	0.0	0.0	0.0	0.0	0.0	0.0
4	0.0	0.0	34	0.0	14.51	0	0.0	0.03735524841240194	0.0	0.0	0.0	0.0	0.0	0.0	0.0
4	0.0	0.0	36	0.0	15.24	0	0.13452914798206278	0.0	0.0	0.2222222222222222	0.0	0.0	0.0	0.0	0.0
1	0.0	0.0	37	0.0	14.61	0	0.03821169277799006	0.0	0.0	0.0	0.0	0.0	0.0	0.0	0.0
5	0.0	0.0	41	0.0	13.46	0	0.061387354205033766	0.0	0.0	0.0	0.0	0.0	0.0	0.0	0.0
0	0.0	1.0	13	0.0	0.0	1	3.658536585365854	0.0	0.0	1.0	0.0	0.0	0.0	0.0	0.0
3	0.0	0.0	19	0.0	14.29	0	0.2857142857142857	0.0	0.0	0.0	0.0	0.0	0.0	0.0	0.0
3	0.0	0.0	21	0.0	15.69	0	0.0	0.019833399444664813	0.0	0.0	0.0	0.0	0.0	0.0	0.0
2	0.0	0.0	38	0.0	9.26	0	0.0	0.14084507042253522	0.0	0.0	0.0	0.0	0.0	0.0	0.07042253521126761
4	0.0	0.0	77	0.0	8.37	0	0.0	0.04926108374384236	0.0	0.0	0.0	0.0	0.0	0.0	0.0
2	0.0	0.0	35	0.1061946902654867	14.91	0	0.03641660597232338	0.0	0.0	0.0	0.0	0.0	0.0	0.0	0.012130033964095099
3	0.0	0.0	35	0.0	10.32	0	0.0	0.08326394671107411	0.0	0.0	0.0	0.0	0.0	0.035236081747709654	0.041631973355537054
2	0.0	0.0	15	0.0	16.17	0	0.0	0.048673643222195175	0.0	0.25	0.0	0.0	0.0	0.0	0.0
0	0.0	0.0	34	0.0387596899224806	14.12	0	0.0444247001332741	0.0	0.0	0.0	0.0	0.0	0.0	0.0	0.0
3	0.0	0.0	43	0.0	12.38	0	0.0	0.020416496529195593	0.0	0.0	0.0	0.0	0.0	0.0	0.0
6	0.0	0.0	43	0.4027777777777778	10.07	0	0.05042864346949068	0.0	0.0	0.0	0.0	0.0	0.0	0.02521432173474534	0.0
1	0.0	0.0	15	0.0	13.98	0	0.09074410163339383	0.0	0.0	0.5	0.0	0.0	0.0	0.0	0.0
4	0.0	0.0	52	0.0	14.97	0	0.02733734281027884	0.0	0.0	0.0	0.0	0.0	0.0	0.0	0.0
3	0.0	0.0	29	0.0	15.45	0	0.0	0.031230480949406617	0.0	0.0	0.0	0.0	0.0	0.0	0.0
4	0.0	0.0	31	0.16042780748663096	14.52	0	0.0	0.030021014710297205	0.0	0.0	0.0	0.0	0.0	0.030084235860409144	0.0
4	0.0	0.0	61	0.0	8.53	0	0.0	0.07352941176470588	0.0	0.0	0.0	0.0	0.0	0.0	0.0
4	0.0	0.0	64	0.0	6.16	0	0.09940357852882703	0.0	0.0	0.0	0.0	0.0	0.0	0.0	0.0
0	1.0	1.0	53	0.0833333333333333	0.0	1	0.0	33.333333333333336	0.125	0.625	4.166666666666667	0.0	0.6666666666666666	0.0	0.0
3	0.0	0.0	41	0.0545454545454545	11.39	0	0.05387931034482759	0.0	0.0	0.5	0.0	0.0	0.0	0.05387931034482759	0.05353319057815846
0	0.0	0.0	30	0.0	0.0	0	1.6666666666666667	0.0	0.0	0.0	0.0	0.0	0.0	1.6666666666666667	0.0
6	0.0	0.0	17	0.0	15.65	0	0.044169611307420496	0.0	0.0	0.0	0.0	0.0	0.0	0.0	0.0
0	0.5	0.0	49	0.0	0.0	0	0.0	0.02326663564448581	0.0	0.0	0.0	0.0	0.0	0.0	0.0
0	0.0	0.0	26	0.0	0.0	1	4.054054054054054	0.37037037037037035	0.0	0.25	0.0	0.0	0.0	1.3513513513513513	0.0
0	0.0	0.0	12	0.0	0.0	0	3.3333333333333335	0.0	0.0	1.0	0.0	0.0	0.0	0.0	0.0
1	0.0	0.0	40	0.0	14.8	0	0.0	0.03642987249544627	0.0	0.0	0.0	0.0	0.0	0.0	0.03642987249544627
1	0.0	0.0	0	0.3333333333333333	16.34	0	0.0	0.49019607843137253	0.0	0.0	0.0	0.0	0.0	0.0	0.0
2	0.0	0.0	44	0.0	12.89	0	0.0	0.08090614886731393	0.0	0.0	0.0	0.0	0.0	0.0	0.0
1	0.0	0.0	14	0.0	14.45	0	0.0	0.0510204081632653	0.0	0.0	0.0	0.0	0.0	0.0	0.0
1	0.0	0.0	0	0.0	16.71	0	0.0	0.08779631255487269	0.0	0.0	0.0	0.0	0.0	0.0	0.0
5	0.0	0.0	21	0.0	16.2	0	0.020764119601328904	0.0	0.0	0.5	0.0	0.0	0.0	0.0	0.0
1	0.0	0.0	0	0.0	9.5	0	0.0	0.04081632653061224	0.0	0.0	0.0	0.0	0.0	0.0	0.0
1	0.0	0.0	80	0.0	9.43	0	0.36855036855036855	0.0	0.0	0.0	0.0	0.0	0.0	0.0	0.0
2	0.0	0.0	0	0.0	17.23	0	0.0	0.16286644951140067	0.0	0.0	0.0	0.0	0.0	0.0	0.0
0	0.0	0.5	33	0.0235294117647058	0.0	1	6.741573033707866	0.0	0.0	0.5833333333333334	0.0	0.0	0.0	0.0	0.0
2	0.4	1.0	27	0.0089686098654708	17.25	0	0.03164556962025316	0.0	0.0	0.0	0.0	0.0	0.0	0.0	0.0
2	0.0	0.0	0	0.75	13.52	0	0.0	1.282051282051282	0.0	0.0	0.0	0.0	0.0	0.0	0.0
1	0.0	0.0	0	0.0	17.2	0	0.0	0.3225806451612903	0.0	0.0	0.0	0.0	0.0	0.0	0.0
0	0.0	0.0	17	0.0	0.0	0	0.0	0.33783783783783783	0.0	0.0	0.0	0.0	0.0	0.0	0.0
0	0.0	0.0	0	0.1869158878504672	16.59	0	0.0	0.02883506343713956	0.0	0.0	0.0	0.0	0.0	0.0	0.0
0	0.0	0.0	35	0.0072202166064981	15.23	0	0.029824038174768863	0.0	0.0	0.5	0.0	0.0	0.0	0.0	0.0
1	1.0	0.0	17	0.0	9.5	0	0.4608294930875576	0.0	0.0	0.0	0.0	0.0	0.0	0.0	0.0
0	0.0	0.0	13	0.0	0.0	1	0.0	0.0	0.0	0.75	0.0	0.0	0.0	0.0	0.0
6	0.0	0.0	79	0.3694779116465863	11.98	0	0.04095004095004095	0.0	0.0	6.0	0.0	0.0	0.0	0.0	0.0
3	1.0	1.0	2	0.0	17.46	0	0.024600246002460024	0.0	0.0	0.0	0.0	0.0	0.0	0.0	0.0
0	0.0	0.0	14	0.0	0.0	0	0.0	0.039968025579536375	0.0	0.0	0.0	0.0	0.0	0.0	0.0
5	0.0	0.0	36	0.0	15.39	0	0.021710811984368215	0.0	0.0	0.0	0.0	0.0	0.0	0.0	0.0
1	0.5	0.0	45	0.2151162790697674	14.61	0	0.08684324793747286	0.0	0.0	0.25	0.0	0.0	0.0	0.0	0.0
3	0.0	1.0	15	0.0	24.1	0	0.07312614259597806	0.0	0.0	0.0	0.0	0.0	0.0	0.0	0.0
5	0.0	0.0	17	0.0353982300884955	24.48	0	0.019956096587507483	0.03056234718826406	0.0	0.25	0.0	0.0	0.0	0.0	0.0
4	0.0	0.0	43	0.0	14.36	0	0.05417118093174431	0.0	0.0	0.0	0.0	0.0	0.0	0.0	0.0
1	0.0	0.0	39	0.0	30.04	0	0.14836795252225518	0.0	0.0	0.5	0.0	0.0	0.0	0.0	0.0
3	0.0	0.0	16	0.0258620689655172	16.32	0	0.0	0.030797659377887282	0.0	0.0	0.0	0.0	0.0	0.0	0.0
7	0.0	0.0	14	0.0	16.36	0	0.021362956633198035	0.0	0.0	0.0	0.0	0.0	0.0	0.0	0.0
3	0.0	0.0	70	0.0210526315789473	12.56	0	0.030902348578491966	0.0	0.0	0.0	0.0	0.0	0.0	0.0	0.0
3	0.0	0.0	40	0.1496062992125984	11.4	0	0.025290844714213456	0.0	0.0	0.0	0.0	0.0	0.0	0.025290844714213456	0.03117206982543641
3	0.0	0.0	21	0.0	10.28	0	0.2577319587628866	0.0	0.0	0.5	0.0	0.0	0.0	0.0	0.0
0	0.0	0.0	17	0.0	0.0	0	0.3067484662576687	0.0	0.0	0.0	0.0	0.0	0.0	0.0	0.0
1	0.0	1.0	1	0.4	12.12	0	0.0	0.574712643678161	0.0	0.16666666666666666	0.0	0.0	0.0	0.0	0.0
3	0.0	0.0	40	0.0555555555555555	9.79	0	0.4291845493562232	0.0	0.0	0.0	0.0	0.0	0.0	0.0	0.0
1	0.0	0.0	0	0.0	16.6	0	0.0	0.17391304347826086	0.0	0.0	0.0	0.0	0.0	0.0	0.0
2	0.0	0.0	29	0.0	14.66	0	0.0	0.08087343307723413	0.0	0.0	0.0	0.0	0.0	0.0	0.0
1	0.0	0.0	53	0.0	9.5	0	0.4166666666666667	0.0	0.0	0.0	0.0	0.0	0.0	0.0	0.0
6	0.0	0.0	17	0.0	15.96	0	0.046511627906976744	0.0	0.0	0.0	0.0	0.0	0.0	0.046511627906976744	0.0
1	0.0	0.0	33	0.0	13.0	0	0.33557046979865773	0.0	0.0	0.0	0.0	0.0	0.0	0.33557046979865773	0.0
1	0.0	0.0	8	0.0588235294117647	14.42	0	0.25252525252525254	0.0	0.0	1.0	0.0	0.0	0.0	0.0	0.0
0	0.0	0.0	15	0.0	0.0	0	0.0	0.03363605785401951	0.0	0.0	0.0	0.0	0.0	0.0	0.0
4	0.0	0.0	34	0.0	13.47	0	0.04106776180698152	0.0	0.0	0.5	0.0	0.0	0.0	0.0	0.0
2	0.0	0.0	62	0.0304182509505703	14.28	0	0.0	0.01006238679814852	0.0	0.0	0.0	0.0	0.0	0.0	0.01006238679814852
2	0.0	0.0	50	0.0373831775700934	10.07	0	0.0	0.025853154084798345	0.0	0.0	0.0	0.0	0.0	0.0	0.0
10	0.5	1.0	34	0.0	59.52	0	0.0	0.0382262996941896	0.0	0.0	0.0	0.0	0.0	0.0	0.0
1	0.0	0.0	15	0.0	23.5	0	1.0416666666666667	0.0	0.0	0.0	0.0	0.0	0.0	0.0	0.0
0	0.0	0.0	0	0.0	16.44	0	0.0	0.06711409395973154	0.0	0.5	0.0	0.0	0.0	0.0	0.0
2	0.0	0.0	35	0.0	11.58	0	0.0	0.06373486297004462	0.0	0.5	0.0	0.0	0.0	0.0	0.0
4	0.0	0.0	70	0.0	11.5	0	0.0	0.04725897920604915	0.0	0.0	0.0	0.0	0.0	0.0	0.04725897920604915
4	0.0	0.0	41	0.0	15.39	0	0.0	0.023607176581680833	0.0	0.0	0.0	0.0	0.0	0.0	0.0
2	0.0	0.0	31	0.0	15.96	0	0.0	0.018925056775170323	0.0	0.5	0.0	0.0	0.0	0.0	0.0
1	0.0	0.0	0	0.0	17.47	0	0.0	1.4705882352941175	0.0	0.0	0.0	0.0	0.0	0.0	0.0
2	0.0	0.0	0	0.0122699386503067	16.19	0	0.03806623524933384	0.0	0.0	0.0	0.0	0.0	0.0	0.0	0.0
1	0.0	0.0	25	0.0	13.67	0	0.0	0.04625346901017576	0.0	0.0	0.0	0.0	0.0	0.0	0.0
2	0.0	0.0	43	0.0	14.55	0	0.0	0.022747952684258416	0.0	0.0	0.0	0.0	0.0	0.0	0.0
1	0.0	0.0	0	0.0	10.0	0	0.0	6.451612903225807	0.0	0.0	0.0	0.0	0.0	0.0	0.0
1	0.0	0.0	0	0.05	16.21	0	0.0	0.1440922190201729	0.0	0.0	0.0	0.0	0.0	0.0	0.0
1	0.0	0.0	1	0.0	16.73	0	0.01702707304614337	0.0	0.0	0.0	0.0	0.0	0.0	0.0	0.0
1	0.0	0.0	18	0.0428571428571428	9.5	0	0.047619047619047616	0.0	0.0	0.0	0.0	0.0	0.0	0.0	0.0
0	0.0	0.0	0	0.0	16.61	0	0.0	0.023255813953488372	0.0	0.0	0.0	0.0	0.0	0.0	0.0
2	0.0	0.0	0	0.004750593824227999	16.59	0	0.0	0.04900359359686377	0.0	0.0	0.0	0.0	0.0	0.0	0.0
1	0.0	0.0	49	0.0	9.22	0	0.035137034434293744	0.0	0.0	0.0	0.0	0.0	0.0	0.035137034434293744	0.0
1	0.0	0.0	26	0.0	6.35	0	0.23584905660377356	0.0	0.0	0.0	0.0	0.0	0.0	0.0	0.0
1	0.0	0.0	11	0.2291666666666666	4.33	0	0.7177033492822967	0.0	0.0	0.3333333333333333	0.0	0.0	0.0	0.0	0.0
4	0.0	0.0	1	0.0	17.17	0	0.0	0.0351123595505618	0.0	0.0	0.0	0.0	0.0	0.0	0.0
1	0.0	0.0	16	0.0	9.5	0	0.42372881355932207	0.0	0.0	0.5	0.0	0.0	0.0	0.0	0.0
2	0.0	0.0	30	0.0	15.64	0	0.024142926122646062	0.0	0.0	0.5	0.0	0.0	0.0	0.0	0.0
4	0.0	0.0	29	0.0	15.94	0	0.0	0.02138122728244601	0.0	0.5	0.0	0.0	0.0	0.0	0.010690613641223005
3	0.0	0.0	2	0.2191780821917808	16.73	0	0.0	0.04623208506703653	0.0	0.0	0.0	0.0	0.0	0.0	0.0
3	1.0	1.0	40	0.0	15.67	0	0.0	0.026932399676811204	0.0	0.0	0.0	0.0	0.0	0.0	0.0
10	0.0	0.0	42	0.0055096418732782	15.34	0	0.019485580670303974	0.0	0.0	0.0	0.0	0.0	0.0	0.009742790335151987	0.0
2	0.0	1.0	0	0.0	16.04	0	0.043591979075850044	0.0	0.0	0.0	0.0	0.0	0.0	0.0	0.0
2	1.0	0.0	66	0.0	13.52	0	0.17889087656529518	0.0	0.0	0.0	0.0	0.0	0.0	0.0	0.0
0	0.0	0.0	21	0.0	0.0	0	0.0	0.9259259259259258	0.0	0.5	0.0	0.0	0.0	0.0	0.9259259259259258
2	0.0	0.0	17	0.0	15.04	0	0.06622516556291391	0.0	0.0	0.0	0.0	0.0	0.0	0.0	0.0
4	0.0	0.0	45	0.0775193798449612	12.04	0	0.05370569280343716	0.0	0.0	0.5	0.0	0.0	0.0	0.02685284640171858	0.0
1	0.0	0.0	16	0.0	12.21	0	0.1557632398753894	0.0	0.0	0.0	0.0	0.0	0.0	0.0	0.0
3	0.0	0.0	35	0.0	11.76	0	0.02486325211337643	0.0	0.0	0.0	0.0	0.0	0.0	0.0	0.0
1	0.0	0.0	0	0.0	10.5	0	0.0	0.07385524372230429	0.0	1.0	0.0	0.0	0.0	0.0	0.0
0	0.0	0.0	1	0.0185185185185185	16.43	0	0.05931198102016608	0.0	0.0	0.5	0.0	0.0	0.0	0.0	0.0
1	0.0	0.0	20	0.0	7.63	0	0.3546099290780142	0.0	0.0	0.5	0.0	0.0	0.0	0.0	0.0
1	0.0	0.0	0	0.0	17.18	0	0.0	0.5952380952380952	0.0	0.0	0.0	0.0	0.0	0.0	0.0
2	0.0	0.0	17	0.0	15.72	0	0.028530670470756064	0.0	0.0	0.0	0.0	0.0	0.0	0.0	0.0
1	0.0	0.0	0	0.2857142857142857	17.48	0	0.0	0.7246376811594204	0.0	0.0	0.0	0.0	0.0	0.0	0.0
1	0.0	0.0	12	0.0	11.5	0	0.9259259259259258	0.0	0.0	1.0	0.0	0.0	0.0	0.0	0.0
1	0.0	0.0	20	0.0	4.5	0	0.0	0.0831255195344971	0.0	0.0	0.0	0.0	0.0	0.0	0.0
1	0.0	0.0	2	0.0	16.28	0	0.3546099290780142	0.0	0.0	0.0	0.0	0.0	0.0	0.0	0.0
3	0.0	0.0	0	0.0	16.6	0	0.0	0.019527436047646944	0.0	0.0	0.0	0.0	0.0	0.0	0.0
4	0.0	0.0	27	0.0	15.63	0	0.02678810608090008	0.0	0.0	0.0	0.0	0.0	0.0	0.0	0.02730748225013654
2	0.0	0.0	25	0.0	5.69	0	0.6329113924050632	0.0	0.0	1.0	0.0	0.0	0.0	0.0	0.0
4	0.0	0.0	56	0.09375	13.2	0	0.02727768685215494	0.0	0.0	0.5	0.0	0.0	0.0	0.01363884342607747	0.017869907076483203
1	0.0	0.0	13	0.0	11.12	0	0.33557046979865773	0.0	0.0	0.25	0.0	0.0	0.0	0.0	0.0
1	0.0	0.0	60	0.0769230769230769	6.76	0	0.0900900900900901	0.0	0.0	0.0	0.0	0.0	0.0	0.0	0.0
4	0.0	0.0	41	0.0	14.58	0	0.0	0.02782415136338342	0.0	0.0	0.0	0.0	0.0	0.0	0.0
4	0.0	0.0	37	0.0	14.76	0	0.029291154071470416	0.0	0.0	0.0	0.0	0.0	0.0	0.0	0.0
1	0.0	0.0	35	0.0	10.04	0	0.07220216606498195	0.0	0.0	0.0	0.0	0.0	0.0	0.0	0.0
0	1.0	0.0	7	0.0	0.0	1	0.6578947368421053	0.7692307692307692	0.0	0.25	0.0	0.0	0.0	0.0	0.0
0	1.0	1.0	10	0.0	0.0	0	0.0	0.28901734104046245	0.0	1.0	0.0	0.0	0.0	0.0	0.0
0	0.0	0.0	28	0.0952380952380952	6.86	0	0.0	0.10288065843621398	0.0	1.0	0.0	0.0	0.0	0.0	0.10288065843621398
4	1.0	1.0	4	0.2740740740740741	46.97	0	0.0	0.09603072983354674	0.0	0.8333333333333334	0.0	0.0	0.0	0.0	0.0
0	0.0	0.0	17	0.0	32.26	0	0.9090909090909091	0.0	0.0	0.0	0.0	0.0	0.0	0.0	0.0
2	0.0	0.0	28	0.0129032258064516	16.17	0	0.017364125716270183	0.0	0.0	0.0	0.0	0.0	0.0	0.0	0.020894274968658588
4	0.0	0.0	47	0.0	15.25	0	0.0	0.020635575732562937	0.0	0.0	0.0	0.0	0.0	0.009505703422053232	0.0
1	0.0	0.0	0	0.0	13.42	0	0.0	0.5725190839694656	0.0	0.0	0.0	0.0	0.0	0.0	0.0
2	0.0	0.0	55	0.0	16.55	0	0.5050505050505051	0.0	0.0	0.0	0.0	0.0	0.0	0.0	0.0
0	0.0	0.0	16	0.0	0.0	0	0.0	0.1272264631043257	0.0	0.5	0.0	0.0	0.0	0.0	0.0
0	0.0	0.0	0	0.0	31.09	0	0.0	0.03871467286101433	0.0	0.0	0.0	0.0	0.0	0.0	0.0
0	1.0	0.0	23	0.2222222222222222	0.0	0	2.0	0.0	0.0	0.0	0.0	0.0	0.0	0.0	0.0
4	0.0	0.0	49	0.0	15.65	0	0.014025245441795233	0.0	0.0	1.0	0.0	0.0	0.0	0.0	0.01053740779768177
6	0.0	1.0	36	0.0	18.57	0	0.0	0.05878894767783656	0.0	0.5	0.0	0.0	0.0	0.0	0.02939447383891828
0	0.0	0.0	61	0.0	5.0	0	0.42016806722689076	0.0	0.0	0.0	0.0	0.0	0.0	0.0	0.0
1	0.0	0.0	18	0.2	7.68	0	0.0	0.3436426116838488	0.0	0.0	0.0	0.0	0.0	0.0	0.3436426116838488
7	0.0	0.0	43	0.0	11.11	0	0.07818608287724786	0.0	0.0	0.0	0.0	0.0	0.0	0.0	0.0
0	1.0	0.0	17	0.0	0.0	0	0.4115226337448559	0.0	0.0	0.0	0.0	0.0	0.0	0.4115226337448559	0.0
4	0.0	0.0	34	0.0	14.37	0	0.045146726862302484	0.0	0.0	0.5	0.0	0.0	0.0	0.022573363431151242	0.0
2	0.0	0.0	45	0.0	8.99	0	0.25252525252525254	0.0	0.0	0.0	0.0	0.0	0.0	0.0	0.0
0	0.0	0.0	35	0.0	5.0	0	0.0	0.15873015873015872	0.0	2.0	0.0	0.0	0.0	0.0	0.0
1	0.0	0.0	16	0.1666666666666666	5.96	0	0.5102040816326531	0.0	0.0	0.0	0.0	0.0	0.0	0.0	0.0
4	0.0	0.0	49	0.0	14.93	0	0.019428793471925394	0.0	0.0	0.0	0.0	0.0	0.0	0.0	0.0
2	0.0	0.0	46	0.0	5.18	0	0.0	0.4385964912280702	0.0	0.5	0.0	0.0	0.0	0.0	0.0
1	0.0	0.0	0	0.0	9.5	0	0.0	1.0416666666666667	0.0	0.0	0.0	0.0	0.0	0.0	0.0
2	0.0	0.0	15	0.0	6.81	0	0.47619047619047616	0.0	0.0	0.0	0.0	0.0	0.0	0.0	0.0
2	0.0	0.0	21	0.0134680134680134	16.45	0	0.0	0.01858736059479554	0.0	0.0	0.0	0.0	0.0	0.0	0.0
1	0.0	0.0	15	0.0318840579710144	16.36	0	0.016507098052162432	0.0	0.0	0.0	0.0	0.0	0.0	0.0	0.0
4	0.0	0.0	19	0.0	15.42	0	0.04616805170821791	0.0	0.0	0.0	0.0	0.0	0.0	0.0	0.0
0	1.0	0.0	25	0.0	0.0	0	0.0	0.05128205128205128	0.0	0.0	0.0	0.0	0.0	0.0	0.05128205128205128
0	0.0	0.0	33	0.0	0.0	0	0.0	2.7777777777777777	0.0	0.0	0.0	0.0	0.0	0.0	1.3888888888888888
0	0.0	0.0	55	0.0787401574803149	13.71	0	0.03073140749846343	0.0	0.0	0.0	0.0	0.0	0.0	0.0	0.0
1	0.0	0.0	44	0.0	5.63	0	1.5384615384615385	0.0	0.0	1.0	0.0	0.0	0.0	0.0	0.0
4	0.0	0.0	66	0.0	14.44	0	0.0	0.01790830945558739	0.0	0.0	0.0	0.0	0.0	0.0	0.0
16	0.0	0.0	12	0.0	17.53	0	0.0	0.15277171540811874	0.0	2.357142857142857	0.0	0.0	0.0	0.011425959780621572	0.06547359231776517
1	0.0	0.0	21	0.0105263157894736	27.93	0	0.03089280197713933	0.0	0.0	0.0	0.0	0.0	0.0	0.0	0.0
2	0.0	0.0	19	0.125	6.56	0	0.37593984962406013	0.0	0.0	0.0	0.0	0.0	0.0	0.0	0.0
0	0.0	0.0	20	0.0	0.0	0	0.10101010101010101	0.0	0.0	0.0	0.0	0.0	0.0	0.0	0.0
3	0.0	0.0	20	0.0	16.44	0	0.014613473622680109	0.0	0.0	0.0	0.0	0.0	0.0	0.0	0.0
2	0.0	0.0	0	0.0	17.33	0	0.0	0.2840909090909091	0.0	0.0	0.0	0.0	0.0	0.0	0.0
0	0.0	0.0	7	0.4050632911392405	16.27	0	0.0	0.045004500450045004	0.0	2.0	0.0	0.0	0.0	0.0	0.0
2	0.0	0.0	17	0.0	15.3	0	0.0	0.19762845849802374	0.0	0.0	0.0	0.0	0.0	0.0	0.0
5	0.0	0.0	32	0.0	16.01	0	0.0	0.025953802232026993	0.0	0.5	0.0	0.0	0.0	0.00835282325425994	0.0
1	0.0	0.0	21	0.0	17.0	0	0.0	0.13550135501355015	0.0	0.0	0.0	0.0	0.0	0.0	0.0
1	0.0	0.0	1	0.0	10.5	0	0.06459948320413436	0.0	0.0	0.5	0.0	0.0	0.0	0.0	0.0
0	0.0	0.0	4	0.0	15.53	0	0.0	0.13850415512465375	0.0	0.0	0.0	0.0	0.0	0.0	0.0
1	0.0	0.0	0	0.0	16.5	0	0.0	0.20161290322580647	0.0	0.0	0.0	0.0	0.0	0.0	0.0
1	0.0	0.0	13	0.0	9.5	0	0.7692307692307692	0.0	0.0	1.0	0.0	0.0	0.0	0.0	0.0
2	0.0	0.0	15	0.0	25.04	0	0.5681818181818182	0.0	0.0	0.0	0.0	0.0	0.0	0.0	0.0
0	1.0	0.0	80	0.0165289256198347	26.88	0	0.0	0.05583472920156337	0.0	0.0	0.0	0.0	0.0	0.0	0.0
3	0.0	0.0	43	0.0	7.28	0	0.12048192771084336	0.0	1.0	1.0	0.0	0.0	0.0	0.0	0.0
0	0.0	1.0	22	0.0	0.0	0	0.4504504504504504	0.0	0.0	0.0	0.0	0.0	0.0	0.0	0.0
1	0.0	0.0	4	0.0244897959183673	23.33	0	0.04493372275893058	0.0	0.0	1.5	0.0	0.0	0.0	0.0	0.0
0	0.0	0.0	14	0.037037037037037	0.0	0	0.19193857965451055	0.0	0.0	0.0	0.0	0.0	0.0	0.0	0.0
1	0.0	0.0	15	0.4	10.0	0	10.0	0.0	0.0	0.5	0.0	0.0	0.0	0.0	0.0
1	0.0	0.0	16	0.0	9.5	0	0.27322404371584696	0.0	0.0	0.0	0.0	0.0	0.0	0.0	0.0
5	0.0	0.0	8	0.3103448275862069	16.34	0	0.031075201988812928	0.0	1.0	4.0	0.0	0.0	0.0	0.0	0.0
0	0.0	0.0	25	0.0	0.0	0	0.18518518518518517	0.0	0.0	0.0	0.0	0.0	0.0	0.18518518518518517	0.0
0	0.0	0.0	63	0.0	5.55	0	0.1923076923076923	0.0	0.0	0.0	0.0	0.0	0.0	0.0	0.0
0	1.0	1.0	8	0.0	0.0	1	0.3048780487804878	0.0	0.0	1.0	0.0	0.0	0.0	0.0	0.0
1	0.0	0.0	50	0.0	7.11	0	0.13192612137203166	0.0	0.0	0.0	0.0	0.0	0.0	0.0	0.0
1	0.0	0.0	20	0.0	7.35	0	0.24271844660194175	0.0	0.0	0.0	0.0	0.0	0.0	0.0	0.0
4	0.0	0.0	23	0.0	15.09	0	0.0	0.0564652738565782	0.0	0.0	0.0	0.0	0.0	0.0	0.0
6	0.0	0.0	19	0.0	16.56	0	0.0	0.04240882103477524	0.0	0.0	0.0	0.0	0.0	0.0	0.0
3	0.0	0.0	0	0.0	16.75	0	0.0	0.15015015015015015	0.0	0.0	0.0	0.0	0.0	0.0	0.0
3	0.0	0.0	24	0.0	20.82	0	0.08324084350721421	0.0	0.0	0.3333333333333333	0.0	0.0	0.0	0.02774694783573807	0.0
3	0.0	0.0	17	0.0	15.72	0	0.03566333808844508	0.0	0.0	0.0	0.0	0.0	0.0	0.0	0.0
1	0.0	0.0	0	0.0	16.71	0	0.0	0.06134969325153374	0.0	1.0	0.0	0.0	0.0	0.0	0.0
0	0.0	0.0	19	0.0	31.07	0	0.0	0.7462686567164178	0.0	0.0	0.0	0.0	0.0	0.0	0.3731343283582089
5	0.0	0.0	39	0.0	11.4	0	0.052882072977260705	0.0	0.0	0.0	0.0	0.0	0.0	0.052882072977260705	0.0
1	0.0	0.0	16	0.0	9.5	0	0.20576131687242796	0.0	0.0	0.0	0.0	0.0	0.0	0.0	0.0
1	0.0	0.0	14	0.0	6.69	0	0.6578947368421053	0.0	0.0	0.0	0.0	0.0	0.0	0.0	0.0
0	0.0	0.0	18	0.0	0.0	1	2.0	0.0	0.0	1.0	0.0	0.0	0.0	2.0	0.0
6	0.0	0.0	29	0.0	16.21	0	0.0	0.026780931976432776	0.0	0.0	0.0	0.0	0.0	0.0	0.0
2	0.0	0.0	32	0.0	8.24	0	0.10822510822510822	0.0	0.0	3.0	0.0	0.0	0.0	0.0	0.0
2	0.0	0.0	36	0.0	15.57	0	0.02113718030014796	0.0	0.0	0.0	0.0	0.0	0.0	0.0	0.009611687812379853
1	0.0	0.0	55	0.0	4.89	0	0.33557046979865773	0.0	0.0	0.5	0.0	0.0	0.0	0.0	0.0
2	0.0	0.0	23	0.0	14.91	0	0.04488330341113106	0.0	0.0	0.0	0.0	0.0	0.0	0.0	0.0
1	0.0	0.0	20	0.0	15.44	0	0.042625745950554135	0.0	0.0	0.0	0.0	0.0	0.0	0.042625745950554135	0.0
7	0.0	0.0	2	0.0181818181818181	16.16	0	0.07209805335255949	0.0	0.0	0.0	0.0	0.0	0.0	0.0	0.0
5	0.0	0.0	2	0.0588235294117647	16.71	0	0.0	0.039525691699604744	0.0	0.0	0.0	0.0	0.0	0.0	0.0
0	0.0	0.0	25	0.0	0.0	0	0.0	0.35211267605633806	0.0	1.0	0.0	0.0	0.0	0.0	0.0
1	0.0	0.0	4	0.0	16.07	0	0.0	0.06203473945409429	0.0	1.0	0.0	0.0	0.0	0.0	0.0
1	0.0	1.0	15	0.0	17.0	0	0.234192037470726	0.0	0.0	0.5	0.0	0.0	0.0	0.0	0.0
4	0.0	0.0	15	0.0	13.21	0	0.0	0.13869625520110956	0.0	0.5	0.0	0.0	0.0	0.0	0.13869625520110956
2	0.0	0.0	76	0.0	4.81	0	0.0	0.3424657534246575	0.0	0.0	0.0	0.0	0.0	0.0	0.0
2	0.0	0.0	33	0.0	15.97	0	0.07339449541284404	0.0	0.0	0.25	0.0	0.0	0.0	0.0	0.0
0	0.0	0.0	7	0.6	0.0	0	0.0	0.0	0.0	1.0	0.0	0.0	0.0	0.0	0.0
0	0.0	0.0	18	0.0	0.0	0	0.0	0.16339869281045752	0.0	0.0	0.0	0.0	0.0	0.0	0.16339869281045752
1	0.0	0.0	0	0.0	16.06	0	0.0	10.0	0.0	0.0	0.0	0.0	0.0	0.0	0.0
0	1.0	0.0	16	0.0	0.0	0	0.07183908045977011	0.0	0.0	0.0	0.0	0.0	0.0	0.0	0.0
0	0.0	0.0	23	0.0	0.0	0	50.0	0.0	0.0	0.0	0.0	0.0	0.0	50.0	0.0
0	0.0	0.0	34	0.0	0.0	0	0.0	0.20833333333333334	0.0	0.0	0.0	0.0	0.0	0.0	0.0
1	0.0	0.0	45	0.03603603603603601	12.08	0	0.0	0.05941770647653001	0.0	0.5	0.0	0.0	0.0	0.0	0.0
1	0.0	0.0	37	0.0	14.47	0	0.03023888720895071	0.0	0.0	0.0	0.0	0.0	0.0	0.0	0.0
4	0.0	0.0	2	0.0	16.19	0	0.07369196757553427	0.0	0.0	0.5	0.0	0.0	0.0	0.0	0.0
2	0.0	1.0	2	0.0	8.09	0	0.0	0.1951219512195122	0.0	0.0	0.0	0.0	0.0	0.0	0.0
1	0.0	0.0	47	0.0	11.36	0	0.0	0.08163265306122448	0.0	0.0	0.0	0.0	0.0	0.0	0.04081632653061224
1	0.0	0.0	19	0.0	10.0	0	0.24875621890547267	0.0	0.0	0.5	0.0	0.0	0.0	0.0	0.0
1	0.0	0.0	41	0.0	14.8	0	0.034002040122407345	0.0	0.0	0.0	0.0	0.0	0.0	0.017001020061203673	0.0
4	0.0	0.0	37	0.0	11.7	0	0.057175528873642086	0.0	0.0	0.0	0.0	0.0	0.0	0.0	0.0
4	0.0	0.0	0	0.0802919708029197	16.64	0	0.0	0.0617283950617284	0.0	0.5	0.0	0.0	0.0	0.0	0.0
4	0.0	0.0	5	0.0526315789473684	16.67	0	0.0	0.30120481927710846	0.0	0.0	0.0	0.0	0.0	0.0	0.0
1	0.0	0.0	0	0.0909090909090909	16.4	0	0.0	0.2252252252252252	0.0	0.0	0.0	0.0	0.0	0.0	0.0
2	0.0	0.0	14	0.0	13.91	0	0.13440860215053763	0.0	0.0	0.0	0.0	0.0	0.0	0.0	0.0
1	0.0	0.0	33	0.0	5.76	0	0.23923444976076558	0.0	0.0	0.0	0.0	0.0	0.0	0.0	0.0
1	1.0	0.0	17	0.0164609053497942	16.03	0	0.0	0.06997900629811057	0.0	0.0	0.0	0.0	0.0	0.0	0.0
2	1.0	0.0	44	0.0	14.88	0	0.0	0.03971405877680699	0.0	0.0	0.0	0.0	0.0	0.0	0.019857029388403495
2	0.0	0.0	56	0.0	5.1	0	0.24390243902439027	0.0	0.0	0.0	0.0	0.0	0.0	0.24390243902439027	0.0
1	0.0	0.0	13	0.0	0.98	1	0.78125	0.0	0.0	1.3333333333333333	0.0	0.0	0.0	0.0	0.0
1	0.0	0.0	0	0.0	21.68	0	0.0	0.5434782608695652	0.0	0.25	0.0	0.0	0.0	0.0	0.0
5	0.0	0.0	40	0.0	10.63	0	0.04152823920265781	0.0	0.0	0.0	0.0	0.0	0.0	0.0	0.04880429477794046
3	0.0	0.0	22	0.0	13.4	0	0.16420361247947454	0.0	0.0	0.25	0.0	0.0	0.0	0.0	0.0
1	0.0	0.0	21	0.0123456790123456	15.28	0	0.045289855072463775	0.0	0.0	0.0	0.0	0.0	0.0	0.0	0.0
0	0.0	1.0	16	0.0	0.0	1	50.0	0.0	0.0	1.0	0.0	0.0	0.0	50.0	0.0
1	0.0	0.0	15	0.0789473684210526	15.71	0	0.034071550255536626	0.0	0.0	1.0	0.0	0.0	0.0	0.0	0.0
2	0.0	0.0	25	0.0	15.2	0	0.01751927119831815	0.0	0.0	0.0	0.0	0.0	0.0	0.0	0.0
0	0.0	0.0	1	0.0	21.32	0	0.0	0.14641288433382138	0.0	0.0	0.0	0.0	0.0	0.0	0.0
0	1.0	0.0	47	0.0	0.0	0	0.0	0.027639579878385848	0.0	0.0	0.0	0.0	0.0	0.0	0.0
0	0.0	0.0	17	0.0	0.0	0	0.1801801801801802	0.0	0.0	0.0	0.0	0.0	0.0	0.1801801801801802	0.0
2	0.0	0.0	0	0.054054054054054	16.33	0	0.03566333808844508	0.0	0.0	1.0	0.0	0.0	0.0	0.0	0.0
0	0.0	0.0	29	0.0	15.3	0	0.06563833278634723	0.0	0.0	0.0	0.0	0.0	0.0	0.0	0.0
4	1.0	1.0	15	0.0	12.41	0	0.06839945280437756	0.0	0.0	0.0	0.0	0.0	0.0	0.0	0.0
1	0.0	0.0	19	0.0	7.19	0	0.2252252252252252	0.0	0.0	0.0	0.0	0.0	0.0	0.0	0.0
1	0.0	0.0	0	0.0	9.5	0	0.0	0.2770083102493075	0.0	0.25	0.0	0.0	0.0	0.0	0.0
3	0.0	0.0	27	0.1818181818181818	5.65	0	0.3115264797507788	0.0	0.0	0.0	0.0	0.0	0.0	0.0	0.0
11	0.0	0.0	17	0.0	16.29	0	0.024003840614498322	0.0	0.0	3.0	0.0	0.0	0.0	0.0	0.0
2	0.0	0.0	29	0.0	6.11	0	0.0	0.39370078740157477	0.0	0.5	0.0	0.0	0.0	0.0	0.0
2	0.0	0.0	0	0.2828282828282828	17.07	0	0.0	0.20304568527918782	0.0	0.5	0.0	0.0	0.0	0.0	0.0
0	0.0	0.0	42	0.0137457044673539	15.08	0	0.0	0.012440905697934811	0.0	1.0	0.0	0.0	0.0	0.0	0.012440905697934811
1	0.0	0.0	17	0.0096153846153846	15.95	0	0.030165912518853696	0.0	0.0	0.0	0.0	0.0	0.0	0.030165912518853696	0.0
0	0.0	0.0	26	0.0	0.0	1	0.0	4.6875	0.0	0.6666666666666666	0.0	0.0	0.0	0.0	0.0
1	0.0	0.0	30	0.0	9.5	0	0.11086474501108648	0.0	0.0	0.0	0.0	0.0	0.0	0.0	0.0
2	0.0	0.0	1	0.2302631578947368	16.2	0	0.0	0.029197080291970802	0.0	0.0	0.0	0.0	0.0	0.0	0.0
4	0.0	0.0	0	0.0	17.16	0	0.0	0.2032520325203252	0.0	0.0	0.0	0.0	0.0	0.0	0.0
0	1.0	1.0	17	0.0571428571428571	0.0	0	0.0	0.07434944237918216	0.0	0.0	0.0	0.0	0.0	0.0	0.0
2	0.0	0.0	35	0.0	15.47	0	0.0	0.026574541589157584	0.0	0.0	0.0	0.0	0.0	0.011113580795732384	0.0
2	0.0	0.0	32	0.0338983050847457	8.37	1	0.0	0.14124293785310735	0.0	4.0	0.0	0.0	0.0	0.0	0.07062146892655367
3	0.0	0.0	32	0.0	17.5	0	0.49019607843137253	0.0	0.0	0.0	0.0	0.0	0.0	0.0	0.1111111111111111
3	0.0	0.0	45	0.0	15.78	0	0.0	0.012394645513138323	0.0	0.0	0.0	0.0	0.0	0.0	0.006197322756569161
0	0.0	0.0	24	0.0	0.0	0	0.13020833333333334	0.0	0.0	0.0	0.0	0.0	0.0	0.0	0.0
0	0.0	0.0	15	0.0	15.69	0	0.03248862897985705	0.0	0.0	0.0	0.0	0.0	0.0	0.0	0.0
1	0.3333333333333333	1.0	20	0.0216606498194945	30.76	0	0.0	0.09620935154897056	0.0	0.1	0.0	0.0	0.0	0.0	0.0
5	0.0	0.0	44	0.0	15.66	0	0.015979546180888465	0.0	0.0	0.0	0.0	0.0	0.0	0.007989773090444232	0.008640055296353897
4	0.0	0.0	47	0.0	16.15	0	0.005238344683080147	0.0	0.0	0.0	0.0	0.0	0.0	0.0	0.0
4	0.0	0.0	36	0.2117647058823529	14.13	0	0.1977587343441002	0.0	0.0	0.0	0.0	0.0	0.0	0.0	0.0
5	0.0	0.0	44	0.0	15.26	0	0.020132876988121603	0.0	0.0	0.0	0.0	0.0	0.0	0.0	0.008094544277157195
0	0.0	0.0	53	0.0	0.0	0	0.10660980810234541	0.0	0.0	0.5	0.0	0.0	0.0	0.10660980810234541	0.0
5	0.0	0.5	5	0.2227979274611398	15.73	0	0.0	0.038417210910487894	0.0	0.0	0.0	0.0	0.0	0.0	0.0
1	0.0	0.0	0	0.0	10.5	0	0.0	0.10416666666666667	0.0	0.0	0.0	0.0	0.0	0.0	0.0
7	0.0	0.0	23	0.0	16.15	0	0.0	0.02496255616575137	0.0	0.0	0.0	0.0	0.0	0.0	0.0
0	0.0	0.0	26	0.0	0.0	0	2.941176470588235	0.0	0.0	0.0	0.0	0.0	0.0	1.4705882352941175	0.0
1	1.0	1.0	2	0.0	17.44	0	0.11627906976744186	0.0	0.0	0.0	0.0	0.0	0.0	0.0	0.0
0	0.0	0.0	17	0.3333333333333333	0.0	0	0.0	0.6944444444444444	0.0	0.0	0.0	0.0	0.0	0.0	0.6944444444444444
3	0.0	0.0	16	0.1145374449339207	16.4	0	0.026338893766461806	0.0	0.0	0.3333333333333333	0.0	0.0	0.0	0.0	0.0
2	0.0	0.0	41	0.04	14.28	0	0.01841620626151013	0.0	0.0	7.0	0.0	0.0	0.0	0.0	0.0
0	0.0	0.0	12	0.0769230769230769	0.0	1	0.0	0.7751937984496123	0.0	0.5	0.0	0.0	0.0	0.0	0.0
0	0.0	0.0	0	0.0252100840336134	16.43	0	0.03497726477789437	0.0	0.0	0.0	0.0	0.0	0.0	0.0	0.0
2	0.0	0.0	45	0.0	9.71	0	0.0	0.10416666666666667	0.0	0.0	0.0	0.0	0.0	0.0	0.0
5	0.0	0.0	0	0.0120481927710843	16.82	0	0.01595405232929164	0.0	0.0	1.0	0.0	0.0	0.0	0.0	0.0
1	0.0	0.0	42	0.0	5.3	0	0.4854368932038835	0.0	0.0	0.0	0.0	0.0	0.0	0.0	0.0
0	0.0	0.0	31	0.0	10.99	0	0.09852216748768472	0.0	0.0	0.0	0.0	0.0	0.0	0.0	0.0
5	0.0	0.0	57	0.0	14.19	0	0.021404109589041095	0.0	0.0	0.5	0.0	0.0	0.0	0.0	0.0
3	0.0	0.0	0	0.029126213592232997	16.66	0	0.0	0.029342723004694836	0.0	0.5	0.0	0.0	0.0	0.0	0.0
0	0.0	0.0	1	0.277056277056277	17.26	0	0.0	0.06561679790026247	0.0	0.0	0.0	0.0	0.0	0.0	0.0
1	0.0	0.0	31	0.0	15.27	0	0.01372872048325096	0.0	0.0	0.0	0.0	0.0	0.0	0.0	0.0
4	0.0	0.0	46	0.0075471698113207	15.07	0	0.010586491636671608	0.0	0.0	1.0	0.0	0.0	0.0	0.03175947491001482	0.0
0	0.0	0.0	18	0.0	0.0	0	0.9259259259259258	0.0	0.0	0.5	0.0	0.0	0.0	0.9259259259259258	0.0
1	0.0	0.0	44	0.0	5.98	0	2.0618556701030926	0.0	0.0	0.0	0.0	0.0	0.0	0.0	0.0
0	0.0	0.0	45	0.0	0.0	0	0.17667844522968199	0.0	0.0	0.0	0.0	0.0	0.0	0.08833922261484099	0.0
4	0.0	0.0	27	0.00836820083682	15.46	0	0.0	0.02042066571370227	0.0	0.0	0.0	0.0	0.0	0.0	0.0
1	0.0	0.0	15	0.0	9.5	0	0.1091703056768559	0.0	0.0	0.0	0.0	0.0	0.0	0.0	0.0
1	0.0	1.0	26	0.0	2.0	0	0.02028809089064719	0.0	0.0	0.5	0.0	0.0	0.0	0.02028809089064719	0.0
0	0.0	0.0	20	0.0	15.91	0	0.0	0.033322225924691765	0.0	0.0	0.0	0.0	0.0	0.0	0.033322225924691765
3	0.0	0.0	44	0.0	14.8	1	0.7187780772686433	0.0	0.0	1.0	0.0	0.0	0.0	0.0	0.026205450733752623
1	0.0	0.0	16	0.0	9.27	0	0.3401360544217687	0.0	0.0	0.0	0.0	0.0	0.0	0.0	0.0
1	1.0	0.5	37	0.0	0.5	0	0.0	0.04803073967339097	0.0	0.0	0.0	0.0	0.0	0.0	0.024015369836695485
0	0.0	0.0	17	0.0	0.0	0	0.0	0.29239766081871343	0.0	0.0	0.0	0.0	0.0	0.0	0.0
4	0.0	0.0	0	0.0	16.69	0	0.025	0.0	0.0	0.0	0.0	0.0	0.0	0.0	0.0
2	0.0	0.0	18	0.0	12.03	0	0.11441647597254004	0.0	0.0	0.0	0.0	0.0	0.0	0.0	0.0
0	0.0	0.0	78	0.0070175438596491	14.01	0	0.1220703125	0.0	0.0	0.0	0.0	0.0	0.0	0.0	0.0
0	0.0	0.0	24	0.0	0.0	0	0.009733307377846993	0.0	0.0	0.0	0.0	0.0	0.0	0.009733307377846993	0.0
0	0.0	0.0	17	0.1739130434782608	0.0	0	0.1557632398753894	0.0	0.0	1.0	0.0	0.0	0.0	0.0	0.0
1	0.0	0.0	26	0.0	12.25	0	0.2590673575129534	0.0	0.0	0.25	0.0	0.0	0.0	0.0	0.0
1	0.0	0.0	40	0.0486486486486486	14.81	0	0.03261578604044357	0.0	0.0	0.0	0.0	0.0	0.0	0.03261578604044357	0.0
1	0.0	0.0	17	0.0	9.5	0	0.40322580645161293	0.0	0.0	0.0	0.0	0.0	0.0	0.0	0.0
1	0.0	0.0	59	0.0493827160493827	14.28	0	1.0526315789473684	0.0	0.0	1.1	0.0	0.0	0.0	0.0	0.0
0	0.0	0.0	22	0.0	0.0	0	0.0	0.1336898395721925	0.0	0.0	0.0	0.0	0.0	0.0	0.0
1	0.0	1.0	0	0.0	35.32	0	0.0	0.42613636363636365	0.0	0.0	0.0	0.0	0.0	0.0	0.0
3	0.0	0.0	32	0.0	14.35	0	0.0	0.05643340857787811	0.0	0.0	0.0	0.0	0.0	0.0	0.0
2	0.0	0.0	41	0.0	15.95	0	0.013844662882458812	0.0	0.0	1.0	0.0	0.0	0.0	0.0	0.01212415130940834
4	0.0	0.0	27	0.0	14.6	0	0.2293577981651376	0.0	0.0	0.5	0.0	0.0	0.0	0.0	0.0
2	0.0	0.0	1	0.0153846153846153	18.1	0	0.06013229104028864	0.0	0.0	15.0	0.0	0.0	0.0	0.0	0.0
0	0.0	0.0	12	0.0	15.06	0	0.0377643504531722	0.0	0.0	1.0	0.0	0.0	0.0	0.0	0.0
3	0.0	0.0	56	0.0408163265306122	6.35	0	0.0	0.14285714285714285	0.0	0.0	0.0	0.0	0.0	0.0	0.07142857142857142
3	0.0	0.0	17	0.0	13.46	0	0.17211703958691912	0.0	0.0	0.0	0.0	0.0	0.0	0.0	0.0
1	0.0	0.0	27	0.0	9.5	0	0.25510204081632654	0.0	0.0	0.0	0.0	0.0	0.0	0.0	0.0
1	0.0	0.0	41	0.0	15.87	0	0.014583637159107482	0.0	0.0	0.5	0.0	0.0	0.0	0.0	0.0
0	0.0	1.0	13	0.1176470588235294	0.0	1	0.0	0.2604166666666667	0.0	1.0	0.0	0.0	0.0	0.0	0.0
4	0.0	0.0	43	0.0	5.96	0	0.37593984962406013	0.0	0.0	0.0	0.0	0.0	0.0	0.0	0.0
9	0.0	0.0	1	0.0	16.24	0	0.0	0.05641748942172073	0.0	0.0	0.0	0.0	0.0	0.0	0.0
2	0.0	0.0	0	0.0	16.58	0	0.09208103130755065	0.0	0.0	0.0	0.0	0.0	0.0	0.0	0.0
1	0.0	1.0	38	0.0	9.79	1	1.5151515151515154	0.1103448275862069	0.0	0.1956521739130435	0.0	0.0	0.0	0.0	0.06896551724137931
0	0.0	0.0	18	0.0	7.4	0	0.0	0.24752475247524752	0.0	0.0	0.0	0.0	0.0	0.0	0.0
3	0.0	0.0	2	0.0	17.69	0	0.16556291390728478	0.0	0.0	2.0	0.0	0.0	0.0	0.0	0.0
1	0.0	0.0	14	0.0	16.04	0	0.027078256160303276	0.0	0.0	0.0	0.0	0.0	0.0	0.0	0.0
0	0.0	0.0	12	0.0655737704918032	15.82	0	0.09487666034155598	0.0	0.0	3.0	0.0	0.0	0.0	0.0	0.0
1	0.0	0.0	0	0.0	17.47	0	0.0	1.6949152542372883	0.0	0.0	0.0	0.0	0.0	0.0	0.0
2	0.0	0.0	28	0.0	8.38	0	0.0	0.27027027027027023	0.0	0.25	0.0	0.0	0.0	0.0	0.13513513513513511
2	0.0	0.0	17	0.0	8.73	0	0.21097046413502107	0.0	0.0	0.0	0.0	0.0	0.0	0.0	0.0
1	1.0	0.0	0	0.0	10.0	0	0.0	1.7543859649122808	0.0	0.0	0.0	0.0	0.0	0.0	0.0
3	0.0	0.0	0	0.0	16.26	0	0.026075619295958277	0.0	0.0	0.0	0.0	0.0	0.0	0.0	0.0
1	0.0	0.0	15	0.0833333333333333	3.77	0	0.0	0.3164556962025316	0.0	0.0	0.0	0.0	0.0	0.0	0.0
5	0.0	0.0	44	0.0279720279720279	13.64	0	0.029231218941829874	0.0	0.0	0.0	0.0	0.0	0.0	0.0	0.0
4	1.0	0.0	16	0.0	20.33	0	0.032690421706440015	0.0	0.0	0.5	0.0	0.0	0.0	0.0	0.0
1	0.0	0.0	17	0.0	10.35	0	0.1404494382022472	0.0	0.0	0.0	0.0	0.0	0.0	0.0	0.0
0	0.0	0.0	0	0.0	16.41	0	0.07898894154818326	0.0	0.0	0.0	0.0	0.0	0.0	0.0	0.0
0	0.0	0.0	11	0.0	0.0	0	0.0	0.1358695652173913	0.0	1.0	0.0	0.0	0.0	0.0	0.0
1	0.0	0.0	0	0.0	10.0	0	0.0	0.08620689655172414	0.0	0.0	0.0	0.0	0.0	0.0	0.0
3	0.0	1.0	46	0.0	6.63	0	0.0	0.02825656965244419	0.0	0.0	0.0	0.0	0.0	0.0	0.0
4	0.0	0.0	48	0.0074626865671641	14.98	0	0.012027904738994467	0.0	0.0	0.0	0.0	0.0	0.0	0.012027904738994467	0.0
0	0.0	0.0	45	0.0	0.0	0	0.10010010010010009	0.0	0.0	0.0	0.0	0.0	0.0	0.0	0.0
3	0.0	0.0	31	0.0441176470588235	14.89	0	0.08203445447087777	0.0	0.0	0.0	0.0	0.0	0.0	0.0	0.0
2	0.3333333333333333	0.3333333333333333	0	0.0	42.45	0	0.02064409578860446	0.0	0.0	0.0	0.0	0.0	0.0	0.0	0.0
1	0.0	0.0	42	0.0	7.18	0	0.16501650165016502	0.0	0.0	1.0	0.0	0.0	0.0	0.16501650165016502	0.0
0	0.0	1.0	1	0.2137931034482758	19.32	0	0.0	0.02793296089385475	0.0	0.0	0.0	0.0	0.0	0.0	0.0
0	0.0	0.0	15	0.0	0.0	0	0.1801801801801802	0.0	0.0	0.0	0.0	0.0	0.0	0.0	0.0
2	0.0	0.0	20	0.1388888888888889	22.31	0	0.04533091568449683	0.0	0.0	0.0	0.0	0.0	0.0	0.0	0.0
0	0.0	0.0	19	0.0	0.0	0	0.2347417840375587	0.0	0.0	0.0	0.0	0.0	0.0	0.0	0.0
4	0.0	0.0	36	0.0	15.39	0	0.0	0.015365703749231715	0.0	0.0	0.0	0.0	0.0	0.010755001075500106	0.0
2	0.0	0.0	0	0.0075471698113207	16.32	0	0.022461814914645103	0.0	0.0	0.0	0.0	0.0	0.0	0.0	0.0
0	0.0	0.0	74	0.0099009900990099	12.6	0	0.013347570742124932	0.0	0.0	1.0	0.0	0.0	0.0	0.0	0.0
0	1.0	0.0	36	0.0	0.0	0	0.16181229773462785	0.0	0.0	0.0	0.0	0.0	0.0	0.0	0.0
2	0.0	0.0	0	0.0	16.33	0	0.0	0.31545741324921134	0.0	0.0	0.0	0.0	0.0	0.0	0.0
0	0.0	0.0	1	0.0966183574879227	16.27	0	0.028066236317709794	0.0	0.0	0.0	0.0	0.0	0.0	0.0	0.0
0	0.0	0.0	37	0.0	0.0	0	0.0	0.07751937984496124	0.0	0.0	0.0	0.0	0.0	0.0	0.03875968992248062
3	0.0	0.0	36	0.0	14.89	0	0.0	0.02838489923360772	0.0	0.0	0.0	0.0	0.0	0.0	0.0
3	0.0	0.0	31	0.0	14.64	0	0.037341299477221805	0.0	0.0	0.0	0.0	0.0	0.0	0.0	0.03802281368821293
1	0.0	0.0	0	0.0	17.11	0	0.0	1.4705882352941175	0.0	1.0	0.0	0.0	0.0	0.0	0.0
0	1.0	1.0	32	0.2429906542056074	0.0	0	0.0	0.05518763796909492	0.0	0.0	0.0	0.0	0.0	0.0	0.0
3	0.0	0.0	0	0.0547945205479452	17.77	0	0.0	0.0708215297450425	0.0	4.0	0.0	0.0	0.0	0.0	0.0
8	0.0	0.0	27	0.0	16.0	0	0.0	0.04035512510088781	0.0	0.0	0.0	0.0	0.0	0.0	0.0
5	0.0	0.0	15	0.0	20.79	0	0.0	0.11432926829268293	0.0	0.0	0.0	0.0	0.0	0.0	0.0
0	1.0	0.0	15	0.0	0.0	0	0.0	0.13054830287206265	0.0	0.0	0.0	0.0	0.0	0.0	0.13054830287206265
0	0.0	0.0	18	0.0	0.0	0	1.4084507042253522	0.0	0.0	0.0	0.0	0.0	0.0	1.4084507042253522	0.0
3	0.0	0.0	46	0.1115241635687732	14.88	0	0.0	0.028328611898017	0.0	0.0	0.0	0.0	0.0	0.0	0.028328611898017
4	0.0	0.0	16	0.0	16.25	0	0.02570694087403599	0.0	0.0	0.0	0.0	0.0	0.0	0.0	0.0
3	0.0	0.0	2	0.2096774193548387	16.23	0	0.10309278350515465	0.0	0.0	0.5	0.0	0.0	0.0	0.0	0.0
9	0.0	0.0	18	0.0	16.52	0	0.0	0.01040149781568546	0.0	0.0	0.0	0.0	0.0	0.0	0.0
1	0.0	0.0	18	0.0	15.19	0	0.0	0.03987240829346093	0.0	0.0	0.0	0.0	0.0	0.0	0.0
1	0.0	0.0	40	0.08	7.64	0	1.2987012987012987	0.0	0.0	1.1666666666666667	0.0	0.0	0.0	0.0	0.0
3	0.5	1.0	16	0.0	164.54	0	0.0	0.05137426149499101	0.0	0.0	0.0	0.0	0.0	0.0	0.0
1	0.0	0.0	30	0.0	15.08	0	0.07363770250368189	0.0	0.0	0.0	0.0	0.0	0.0	0.0	0.0
0	0.0	0.0	25	0.0	0.0	0	0.0	0.5494505494505494	0.0	0.0	0.0	0.0	0.0	0.0	0.5494505494505494
0	0.0	0.0	35	0.0	15.44	0	0.0	0.05807200929152149	0.0	0.0	0.0	0.0	0.0	0.0	0.0
4	0.0	0.0	0	0.0	16.06	0	0.0	0.022532672374943667	0.0	0.0	0.0	0.0	0.0	0.0	0.0
3	0.0	0.0	49	0.0	13.25	0	0.12106537530266344	0.0	0.0	2.75	0.0	0.0	0.0	0.03026634382566586	0.04120313143798929
1	0.0	0.0	33	0.0	8.21	0	0.14367816091954022	0.0	0.0	0.5	0.0	0.0	0.0	0.0	0.0
3	1.0	0.0	1	0.0	13.47	0	0.0	0.03816793893129771	0.0	0.0	0.0	0.0	0.0	0.0	0.0
4	0.0	0.0	59	0.0	14.29	0	0.02249718785151856	0.0	0.0	0.0	0.0	0.0	0.0	0.0	0.0
0	0.0	0.0	21	0.0	0.0	1	0.0	1.8181818181818181	0.0	0.75	0.0	0.0	0.0	0.0	0.0
6	0.0	0.0	32	0.0507614213197969	15.19	0	0.036231884057971016	0.0	0.0	0.0	0.0	0.0	0.0	0.0	0.0
2	0.0	0.0	30	0.0	14.85	0	0.0	0.03584229390681004	0.0	0.0	0.0	0.0	0.0	0.0	0.03584229390681004
2	0.0	0.0	0	0.0	17.59	0	0.0	0.20576131687242796	0.0	0.0	0.0	0.0	0.0	0.0	0.0
0	0.0	0.0	39	0.1111111111111111	0.0	0	0.390625	0.0	0.0	0.0	0.0	0.0	0.0	0.1953125	0.0
0	0.0	0.0	20	0.0	0.0	0	0.35335689045936397	0.0	0.0	0.5	0.0	0.0	0.0	0.35335689045936397	0.0
1	0.0	0.0	6	0.0	15.7	0	0.12224938875305624	0.0	0.0	0.0	0.0	0.0	0.0	0.0	0.0
1	0.0	0.0	18	0.0	5.46	0	0.42372881355932207	0.0	0.0	0.0	0.0	0.0	0.0	0.0	0.0
2	0.0	0.0	28	0.0769230769230769	8.49	0	0.8403361344537815	0.0	0.0	0.25	0.0	0.0	0.0	0.0	0.0
0	0.0	0.0	36	0.0	15.16	0	0.0	0.024685262898049867	0.0	0.0	0.0	0.0	0.0	0.0	0.0
0	0.0	0.0	23	0.90625	0.0	0	50.0	0.0	0.0	0.3333333333333333	0.0	0.0	0.0	0.0	0.0
1	0.0	0.0	0	0.1	9.5	0	0.0	0.6451612903225806	0.0	0.0	0.0	0.0	0.0	0.0	0.0
1	0.0	0.0	0	0.0	16.72	0	0.0	0.07575757575757576	0.0	0.0	0.0	0.0	0.0	0.0	0.0
3	0.0	0.0	0	0.0	16.62	0	0.0	0.021376656690893545	0.0	0.5	0.0	0.0	0.0	0.0	0.0
1	0.0	0.0	26	0.0365853658536585	15.37	0	0.06752194463200539	0.0	0.0	0.0	0.0	0.0	0.0	0.0	0.0
2	0.0	0.0	34	0.0	13.51	0	0.0	0.06269592476489029	0.0	0.0	0.0	0.0	0.0	0.0	0.06269592476489029
4	0.0	0.0	31	0.0	15.56	0	0.011617100371747213	0.0	0.0	0.0	0.0	0.0	0.0	0.011617100371747213	0.0
2	0.0	0.0	0	0.0	14.31	0	0.0	0.034176349965823645	0.0	0.5	0.0	0.0	0.0	0.0	0.0
0	0.0	0.0	23	0.1111111111111111	0.0	0	1.4285714285714286	0.0	0.0	0.0	0.0	0.0	0.0	0.0	0.0
4	0.0	0.0	25	0.0133333333333333	14.8	0	0.0	0.035285815102328866	0.0	0.0	0.0	0.0	0.0	0.0	0.0
1	0.0	0.0	0	0.081081081081081	11.0	0	0.0	0.19305019305019305	0.0	1.0	0.0	0.0	0.0	0.0	0.0
3	0.0	0.0	41	0.0	14.5	0	0.028050490883590466	0.0	0.0	0.5	0.0	0.0	0.0	0.0	0.016139444803098774
4	0.0	0.0	14	0.0	6.89	0	0.3225806451612903	0.0	0.0	0.0	0.0	0.0	0.0	0.0	0.0
3	0.0	0.0	62	0.0	5.47	0	0.2066115702479339	0.0	0.0	0.0	0.0	0.0	0.0	0.0	0.0
0	0.0	0.0	29	0.0895522388059701	0.0	1	0.14367816091954025	0.741106719367589	0.0	0.4444444444444444	0.0	0.0	0.0	0.11973180076628354	0.5434782608695653
0	0.0	0.0	41	0.0606060606060606	12.95	0	0.0	0.03649635036496351	0.0	0.0	0.0	0.0	0.0	0.0	0.018248175182481754
3	1.0	1.0	73	0.0	9.29	1	0.19448373408769448	1.3966480446927374	0.07317073170731707	0.6341463414634146	0.0931098696461825	0.01768033946251768	0.0	0.15912305516265912	0.0
0	0.0	0.0	9	0.2	9.0	1	1.282051282051282	0.0	0.0	3.0	0.0	0.0	0.0	0.0	0.0
1	0.0	0.0	34	0.0	15.45	0	0.01538935056940597	0.0	0.0	0.0	0.0	0.0	0.0	0.0	0.0
1	0.0	0.0	24	0.0078740157480314	16.16	0	0.018953752843062926	0.0	0.0	0.0	0.0	0.0	0.0	0.0	0.010573059843518714
3	0.0	0.0	63	0.0	5.93	0	0.13440860215053763	0.0	0.0	0.0	0.0	0.0	0.0	0.0	0.0
3	0.0	0.0	20	0.0	15.56	0	0.018910741301059	0.0	0.0	0.0	0.0	0.0	0.0	0.0	0.0
0	0.0	0.0	17	0.0	0.0	0	0.0	1.3157894736842106	0.0	0.0	0.0	0.0	0.0	0.0	0.0
0	0.0	0.0	24	0.1428571428571428	0.0	0	0.2717391304347826	0.0	0.0	0.0	0.0	0.0	0.0	0.2717391304347826	0.0
4	0.0	0.0	51	0.0	7.37	0	0.08116883116883117	0.0	0.0	0.5	0.0	0.0	0.0	0.0	0.0
1	0.0	0.0	0	0.0	16.9	0	0.0	0.14450867052023122	0.0	1.0	0.0	0.0	0.0	0.0	0.0
3	0.0	0.0	1	0.0074074074074074	16.39	0	0.0099601593625498	0.0	0.0	0.0	0.0	0.0	0.0	0.0	0.0
3	0.0	0.0	27	0.0	11.88	0	0.03271180896303565	0.0	0.0	0.5	0.0	0.0	0.0	0.0	0.0
1	0.0	0.0	6	0.0	9.5	0	0.2857142857142857	0.0	0.0	0.0	0.0	0.0	0.0	0.0	0.0
3	1.0	1.0	44	0.0	28.98	0	0.067598017124831	0.0	0.0	0.0	0.0	0.0	0.0	0.0	0.0
2	0.0	0.0	30	0.0982142857142857	15.59	0	0.02420135527589545	0.0	0.0	0.0	0.0	0.0	0.0	0.0	0.0
1	0.0	0.0	30	0.0172413793103448	18.22	1	0.48455481526347666	0.6984866123399301	0.0	1.0	0.0	0.0	0.0	0.48455481526347666	0.0
0	0.0	0.0	16	0.0	0.0	0	0.8474576271186441	0.0	0.0	0.0	0.0	0.0	0.0	0.0	0.0
1	1.0	1.0	0	0.0833333333333333	18.8	0	0.16515276630883569	0.0	0.0	0.0	0.0	0.0	0.0	0.0	0.0
7	0.0	0.0	46	0.0	15.29	0	0.0	0.014515894904920888	0.0	0.0	0.0	0.0	0.0	0.0	0.014515894904920888
3	0.0	0.0	14	0.0	16.19	0	0.02600780234070221	0.0	0.0	0.5	0.0	0.0	0.0	0.0	0.0
5	0.0	0.0	27	0.0150375939849624	15.51	0	0.015837820715869495	0.0	0.0	3.0	0.0	0.0	0.0	0.0	0.0
2	0.0	0.0	0	0.0	10.92	0	0.0	1.5625	0.0	0.0	0.0	0.0	0.0	0.0	0.0
2	0.0	0.0	26	0.0	15.92	0	0.10141987829614606	0.0	0.0	0.5	0.0	0.0	0.0	0.0	0.0
6	0.0	0.0	3	0.0	16.32	0	0.0	0.017895490336435216	0.0	0.0	0.0	0.0	0.0	0.0	0.0
4	0.0	0.0	37	0.0502092050209205	15.43	0	0.011502185415228895	0.0	0.0	0.0	0.0	0.0	0.0	0.011502185415228895	0.0
1	0.0	0.0	0	0.1052631578947368	22.63	0	0.0	0.7194244604316548	0.0	0.0	0.0	0.0	0.0	0.0	0.0
3	0.0	0.0	18	0.0	15.34	0	0.0	0.07955449482895784	0.0	0.5	0.0	0.0	0.0	0.0	0.0
1	0.0	0.0	0	0.0	9.5	0	0.0	0.4807692307692307	0.0	2.0	0.0	0.0	0.0	0.0	0.0
1	0.0	0.0	37	0.0	13.61	0	0.04757373929590866	0.0	0.0	0.0	0.0	0.0	0.0	0.0	0.0
2	0.0	0.0	59	0.0	10.76	0	0.3389830508474576	0.0	0.0	0.0	0.0	0.0	0.0	0.0	0.0
3	0.0	0.0	0	0.0606060606060606	17.17	0	0.0	0.12853470437017994	0.0	1.0	0.0	0.0	0.0	0.0	0.0
1	0.0	0.0	0	0.0	9.5	0	0.0	0.1272264631043257	0.0	0.0	0.0	0.0	0.0	0.0	0.0
3	0.0	0.0	61	0.0	15.61	0	0.0	0.09523809523809523	0.0	0.0	0.0	0.0	0.0	0.0	0.0
2	1.0	0.5	44	0.08602150537634401	4.79	1	8.108108108108109	0.0	0.0	0.7083333333333334	0.0	0.0	0.0	0.0	0.0
1	0.0	0.0	29	0.0	15.49	0	0.02670940170940171	0.0	0.0	0.0	0.0	0.0	0.0	0.013354700854700856	0.0
0	0.0	0.0	18	0.0	13.69	0	0.07704160246533127	0.0	0.0	0.0	0.0	0.0	0.0	0.0	0.0
2	0.0	0.0	24	0.0	11.31	0	0.08156606851549755	0.0	0.0	0.0	0.0	0.0	0.0	0.0	0.0
0	0.0	0.0	48	0.1951219512195122	9.78	0	0.029904306220095697	0.0	0.0	0.0	0.0	0.0	0.0	0.029904306220095697	0.0
0	0.0	0.5	28	0.0	0.0	0	0.017543859649122806	0.0	0.0	0.0	0.0	0.0	0.0	0.0	0.0
0	0.0	0.0	3	0.0	15.95	0	0.1597444089456869	0.0	0.0	0.0	0.0	0.0	0.0	0.0	0.0
4	0.0	0.0	2	0.0	16.52	0	0.0	0.04395604395604396	0.0	0.5	0.0	0.0	0.0	0.0	0.0
1	0.0	0.0	36	0.0465116279069767	8.02	0	0.09541984732824427	0.0	0.0	0.0	0.0	0.0	0.0	0.0	0.0
1	0.0	0.0	23	0.0	11.31	0	0.0	0.031665611146295125	0.0	0.0	0.0	0.0	0.0	0.0	0.0
3	0.0	0.0	0	0.0666666666666666	16.73	0	0.0	1.1627906976744187	0.0	0.5	0.0	0.0	0.0	0.0	0.0
4	0.0	0.0	17	0.2	12.4	0	1.1450381679389312	0.0	0.0	0.0	0.0	0.0	0.0	0.0	0.0
2	0.0	0.0	65	0.0	19.78	0	0.4291845493562232	0.0	0.0	0.0	0.0	0.0	0.0	0.0	0.0
1	0.0	0.0	0	0.1111111111111111	10.0	0	0.0	0.29411764705882354	0.0	0.5	0.0	0.0	0.0	0.0	0.0
0	1.0	0.0	35	0.0	9.69	1	0.20936429387133612	0.7744433688286544	0.0	0.5185185185185185	0.0	0.0	0.0	0.01903311762466692	0.0
0	0.5	0.0	41	0.0	0.0	0	0.0	0.4464285714285714	0.0	0.0	0.0	0.0	0.0	0.0	0.4464285714285714
1	0.0	0.0	0	0.0	17.56	0	0.0	0.9146341463414634	0.0	0.0	0.0	0.0	0.0	0.0	0.0
1	0.0	0.0	38	0.1363636363636363	11.94	0	0.04739336492890995	0.0	0.0	2.0	0.0	0.0	0.0	0.0	0.0
4	0.0	0.0	28	0.0	8.67	0	0.0	0.11185682326621925	0.0	0.0	0.0	0.0	0.0	0.0	0.055928411633109625
2	0.0	0.0	36	0.0	5.04	0	0.44052863436123346	0.0	0.0	0.5	0.0	0.0	0.0	0.0	0.0
0	0.0	0.0	10	0.0	0.0	0	0.17006802721088435	0.0	0.0	1.0	0.0	0.0	0.0	0.0	0.0
2	0.0	0.0	19	0.0	9.36	0	0.1557632398753894	0.0	0.0	0.0	0.0	0.0	0.0	0.0778816199376947	0.0
0	0.0	0.0	19	0.0	0.0	0	0.0	1.4705882352941175	0.0	0.0	0.0	0.0	0.0	0.0	0.0
2	0.0	0.0	50	0.0	14.31	0	0.012186205215695831	0.0	0.0	0.0	0.0	0.0	0.0	0.0	0.0
3	0.0	0.0	5	0.1954022988505747	16.44	0	0.03382949932341001	0.0	0.0	0.0	0.0	0.0	0.0	0.0	0.0
0	1.0	0.5	43	0.0	0.0	0	0.033921302578018994	0.0	0.0	0.0	0.0	0.0	0.0	0.0	0.0
0	0.0	0.0	4	0.0	16.15	0	0.04784688995215311	0.0	0.0	0.5	0.0	0.0	0.0	0.0	0.0
3	0.0	0.0	41	0.0	14.95	0	0.02343566908835247	0.0	0.0	0.0	0.0	0.0	0.0	0.035153503632528706	0.0
0	0.0	0.0	0	0.0	16.27	0	0.030665440049064706	0.0	0.0	1.0	0.0	0.0	0.0	0.0	0.0
1	0.0	0.0	0	0.0	10.5	0	0.0	1.7857142857142856	0.0	0.0	0.0	0.0	0.0	0.0	0.0
1	0.0	0.0	0	0.0	9.5	0	0.0	0.16722408026755853	0.0	0.0	0.0	0.0	0.0	0.0	0.0
3	0.0	0.0	18	0.0	14.13	0	1.0	0.0	0.0	0.0	0.0	0.0	0.0	0.0	0.0
3	0.0	0.0	0	0.03125	16.59	0	0.0	0.04887585532746823	0.0	0.0	0.0	0.0	0.0	0.0	0.0
3	0.5	1.0	51	0.0	88.48	0	0.03429943405933802	0.0	0.0	0.25	0.0	0.0	0.0	0.0	0.0
1	0.0	0.0	43	0.0	15.32	0	0.01941370607649	0.0	0.0	0.5	0.0	0.0	0.0	0.0	0.0
1	0.0	0.0	17	0.0	12.2	0	0.10141987829614606	0.0	0.0	0.0	0.0	0.0	0.0	0.0	0.0
0	0.0	0.0	32	0.509090909090909	0.0	1	1.1235955056179776	0.2989536621823617	0.0	0.25	0.0	0.0	0.0	0.0	0.22421524663677128
1	0.0	0.0	73	0.1111111111111111	5.08	0	1.2987012987012987	0.0	0.0	0.0	0.0	0.0	0.0	0.0	0.0
0	0.0	1.0	17	0.1025641025641025	19.5	0	0.0	0.052521008403361345	1.0	2.0	0.0	0.0	0.0	0.0	0.052521008403361345
0	0.0	0.0	27	0.2244897959183673	0.0	0	0.0	0.12987012987012986	0.0	1.0	0.0	0.0	0.0	0.0	0.0
2	0.0	0.0	41	0.0	13.9	0	0.0	1.1111111111111112	0.0	0.0	0.0	0.0	0.0	0.0	0.31746031746031744
10	0.0	0.0	23	0.0	16.44	0	0.0	0.02486325211337643	0.0	0.0	0.0	0.0	0.0	0.0	0.0
2	0.0	0.0	1	0.0	16.6	0	0.02785515320334262	0.0	0.0	0.0	0.0	0.0	0.0	0.0	0.0
1	0.0	0.0	1	0.0	16.23	0	0.0	0.02662406815761448	0.0	0.0	0.0	0.0	0.0	0.0	0.0
1	0.0	1.0	26	0.0	22.0	0	0.055991041433370664	0.0	0.0	0.0	0.0	0.0	0.0	0.055991041433370664	0.0
1	0.0	0.0	5	0.0	22.0	0	0.19493177387914232	0.0	0.0	0.5	0.0	0.0	0.0	0.0	0.0
0	0.0	0.0	18	0.0	0.0	0	0.0	0.3225806451612903	0.0	0.0	0.0	0.0	0.0	0.0	0.0
2	0.0	0.0	42	0.0	12.17	1	1.2875536480686696	0.0	0.0	0.5	0.0	0.0	0.0	0.5364806866952789	0.17462165308498254
3	0.0	0.0	2	0.0	16.51	0	0.02911208151382824	0.0	0.0	0.0	0.0	0.0	0.0	0.0	0.0
5	0.0	0.0	40	0.0	14.61	0	0.02513826043237808	0.0	0.0	0.5	0.0	0.0	0.0	0.02513826043237808	0.0
4	0.0	0.0	2	0.0	16.69	0	0.0	0.030693677102516883	0.0	0.0	0.0	0.0	0.0	0.0	0.0
4	0.0	0.0	39	0.0	14.04	0	0.06854009595613433	0.0	0.0	0.0	0.0	0.0	0.0	0.0	0.0
1	0.0	0.0	0	0.0	17.63	0	0.0	0.9259259259259258	0.0	0.0	0.0	0.0	0.0	0.0	0.0
1	0.0	0.0	51	0.0121951219512195	12.41	0	0.0	0.03443526170798898	0.0	0.5	0.0	0.0	0.0	0.0	0.0
1	0.0	0.0	35	0.0	13.44	0	0.0	0.10775862068965518	0.0	10.5	0.0	0.0	0.0	0.0	0.0
1	1.0	0.0	19	0.0333333333333333	12.5	0	0.025393600812595226	0.0	0.0	0.0	0.0	0.0	0.0	0.025393600812595226	0.0
1	0.0	0.0	32	0.0	9.5	0	0.0796812749003984	0.0	0.0	0.0	0.0	0.0	0.0	0.0	0.0
2	0.0	0.0	0	0.0	16.53	0	0.0	0.07163323782234957	0.0	0.0	0.0	0.0	0.0	0.0	0.0
2	0.0	0.0	19	0.0714285714285714	15.7	0	0.0	0.047036688617121354	0.0	0.5	0.0	0.0	0.0	0.0	0.023518344308560677
1	0.0	0.0	16	0.0	6.75	0	0.9090909090909091	0.0	0.0	0.0	0.0	0.0	0.0	0.0	0.0
1	0.0	0.0	15	0.0	11.0	0	0.22026431718061673	0.0	0.0	0.5	0.0	0.0	0.0	0.0	0.0
3	0.0	0.0	3	0.0	16.29	0	0.030797659377887282	0.0	0.0	0.0	0.0	0.0	0.0	0.0	0.0
6	0.0	0.0	44	0.0568181818181818	14.63	0	0.09596928982725528	0.0	0.0	1.0	0.0	0.0	0.0	0.0	0.0
0	0.5	1.0	22	0.0	30.88	0	0.0	0.1002004008016032	0.0	0.0	0.0	0.0	0.0	0.0	0.1002004008016032
1	0.0	0.0	39	0.0	14.86	0	0.028587764436821043	0.0	0.0	1.0	0.0	0.0	0.0	0.0	0.0
2	0.0	0.0	43	0.0649350649350649	15.56	0	0.0	0.034728251432540366	0.0	0.0	0.0	0.0	0.0	0.017448961786773687	0.0
1	0.0	0.0	39	0.0	14.44	0	0.029299736302373276	0.0	0.0	0.0	0.0	0.0	0.0	0.0	0.0
3	0.0	0.0	44	0.0	6.54	0	0.12658227848101264	0.0	0.0	0.5	0.0	0.0	0.0	0.0	0.0
0	0.0	0.0	41	0.0120481927710843	0.0	0	0.0	0.046598322460391424	0.0	0.0	0.0	0.0	0.0	0.0	0.0
2	0.0	0.0	46	0.0	13.9	0	0.02254283137962128	0.0	0.0	0.0	0.0	0.0	0.0	0.0	0.012130033964095099
2	0.0	0.0	39	0.0	15.27	0	0.025094102885821833	0.0	0.0	0.0	0.0	0.0	0.0	0.012547051442910916	0.0
2	0.0	0.0	20	0.0	38.78	0	0.033647375504710635	0.0	0.0	0.0	0.0	0.0	0.0	0.0	0.0
0	0.0	0.0	14	0.0	0.0	0	0.08635578583765112	0.0	0.0	0.0	0.0	0.0	0.0	0.0	0.0
2	0.0	0.0	31	0.0	15.21	0	0.032658393207054215	0.0	0.0	0.0	0.0	0.0	0.0	0.032658393207054215	0.0
1	0.0	0.0	38	0.0	8.49	0	0.0	0.025893319523562924	0.0	0.0	0.0	0.0	0.0	0.0	0.0
0	0.0	0.0	19	0.0	0.0	0	0.022271714922048998	0.0	0.0	0.0	0.0	0.0	0.0	0.0	0.0
1	0.0	0.0	28	0.0185185185185185	1.89	0	0.042283298097251586	0.050761421319796954	0.0	0.0	0.0	0.0	0.0	0.042283298097251586	0.0
1	0.0	0.0	20	0.0	15.48	0	0.0	0.04690431519699812	0.0	0.0	0.0	0.0	0.0	0.0	0.02345215759849906
2	0.0	0.0	39	0.0	5.97	0	0.0	0.2173913043478261	0.0	0.5	0.0	0.0	0.0	0.0	0.0
0	0.3333333333333333	0.0	2	0.0	27.09	0	0.09946949602122016	0.0	0.0	0.0	0.0	0.0	0.0	0.0	0.0
0	0.0	0.0	0	0.0	16.83	0	0.0	0.2508361204013378	0.0	0.0	0.0	0.0	0.0	0.0	0.0
0	0.0	0.0	1	0.25	18.7	0	0.0	0.03961965134706815	0.0	1.0	0.0	0.0	0.0	0.0	0.0
3	0.0	0.0	5	0.0988372093023255	17.07	0	0.0	0.12658227848101264	0.0	0.0	0.0	0.0	0.0	0.0	0.0
0	0.0	0.0	33	0.0	14.92	0	0.03563791874554526	0.0	0.0	0.0	0.0	0.0	0.0	0.01781895937277263	0.0
1	0.0	0.0	16	0.0	9.5	0	0.5376344086021505	0.0	0.0	0.0	0.0	0.0	0.0	0.0	0.0
0	0.0	0.0	16	0.0	16.32	0	0.015309246785058177	0.0	0.0	0.0	0.0	0.0	0.0	0.0	0.0
1	0.0	0.0	36	0.0666666666666666	2.5	0	0.0	1.0309278350515465	0.0	0.0	0.0	0.0	0.0	0.0	0.5154639175257733
1	0.0	0.0	0	0.0	16.53	0	0.0	0.11363636363636363	0.0	0.0	0.0	0.0	0.0	0.0	0.0
5	0.0	0.0	32	0.130718954248366	15.01	0	0.037091988130563795	0.0	0.0	0.0	0.0	0.0	0.0	0.0	0.0
5	0.3333333333333333	0.0	30	0.0050251256281407	26.49	0	0.052521008403361345	0.0	0.0	0.0	0.0	0.0	0.0	0.0	0.0
1	0.0	0.0	40	0.0	8.69	1	0.0	1.841359773371105	0.0	0.46153846153846156	0.0	0.0	0.0	0.0	0.0
1	0.0	0.0	26	0.0	15.66	0	0.0	0.011470520761642579	0.0	0.0	0.0	0.0	0.0	0.0	0.0
1	0.0	0.0	57	0.1085271317829457	22.63	0	0.06609385327164573	0.0	0.0	1.0	0.0	0.0	0.0	0.033046926635822864	0.0
0	0.0	0.0	16	0.0	0.0	0	0.026925148088314484	0.0	0.0	0.0	0.0	0.0	0.0	0.0	0.0
4	0.0	0.0	18	0.0076923076923076	15.68	0	0.02885170225043278	0.0	0.0	0.0	0.0	0.0	0.0	0.0	0.0
0	0.5	0.0	15	0.1392405063291139	0.0	1	0.03855050115651503	1.6129032258064515	0.08333333333333333	1.0833333333333333	0.16129032258064516	0.0	0.5	0.0	0.0
0	0.0	0.0	18	0.04	0.0	0	0.1798561151079137	0.0	0.0	0.0	0.0	0.0	0.0	0.0	0.0
1	0.0	0.0	48	0.0	6.12	0	0.07173601147776183	0.0	0.0	0.0	0.0	0.0	0.0	0.0	0.0
2	0.0	0.0	22	0.0	13.23	0	0.08368200836820085	0.0	0.0	0.5	0.0	0.0	0.0	0.0	0.0
1	0.0	0.0	44	0.04	7.89	0	0.0	0.0945179584120983	0.0	0.0	0.0	0.0	0.0	0.0	0.0
1	0.0	1.0	26	0.0	19.5	0	0.0	0.07751937984496124	0.0	0.5	0.0	0.0	0.0	0.0	0.03875968992248062
1	0.0	0.0	2	0.0	16.62	0	0.0	0.03356831151393085	0.0	1.0	0.0	0.0	0.0	0.0	0.0
0	0.0	0.0	32	0.0	0.0	0	0.05803830528148578	0.0	0.0	0.0	0.0	0.0	0.0	0.0	0.0
0	0.0	0.0	44	0.0714285714285714	0.0	0	0.0	0.2710027100271003	0.0	0.0	0.0	0.0	0.0	0.0	0.0
0	0.0	0.0	0	0.1176470588235294	17.93	0	0.12853470437017994	0.0	0.0	1.0	0.0	0.0	0.0	0.0	0.0
1	0.0	0.0	1	0.0	18.02	0	0.06337135614702155	0.0	0.0	5.0	0.0	0.0	0.0	0.0	0.0
1	0.0	1.0	23	0.0	20.74	0	0.042936882782310004	0.0	0.0	0.5	0.0	0.0	0.0	0.021468441391155002	0.0
2	0.0	0.0	35	0.0	16.03	0	0.0	0.024654832347140037	0.0	0.0	0.0	0.0	0.0	0.0	0.0
2	0.0	0.0	0	0.0	16.86	0	0.0	0.09225092250922509	0.0	0.0	0.0	0.0	0.0	0.0	0.0
5	0.0	0.0	1	0.019047619047619	16.75	0	0.0	0.032690421706440015	0.0	0.0	0.0	0.0	0.0	0.0	0.0
1	0.0	0.0	14	0.0	14.12	0	0.0	0.1016260162601626	0.0	0.0	0.0	0.0	0.0	0.0	0.0
6	0.0	0.0	54	0.0	10.94	0	0.05170630816959669	0.0	0.0	0.0	0.0	0.0	0.0	0.0	0.0
0	1.0	1.0	24	0.4375	0.0	1	9.375	0.0	0.0	1.0	0.0	0.0	0.0	0.0	0.0
0	0.0	1.0	5	0.064	36.86	0	0.08210180623973727	0.0	0.0	0.5	0.0	0.0	0.0	0.0	0.0
2	0.0	0.0	35	0.0	15.18	0	0.0	0.1053740779768177	0.0	0.0	0.0	0.0	0.0	0.0	0.0
2	0.0	0.0	0	0.1620111731843575	16.42	0	0.0	0.03728560775540641	0.0	0.0	0.0	0.0	0.0	0.0	0.0
0	0.0	0.0	16	0.0	0.0	0	0.0	0.13850415512465375	0.0	0.0	0.0	0.0	0.0	0.0	0.0
1	0.0	0.0	16	0.0	11.16	0	0.13850415512465375	0.0	0.0	0.0	0.0	0.0	0.0	0.0	0.0
3	0.0	0.0	22	0.0	15.59	0	0.029647198339756896	0.0	0.0	0.0	0.0	0.0	0.0	0.0	0.0
1	0.0	0.0	16	0.0	4.89	0	50.0	0.0	0.0	0.0	0.0	0.0	0.0	0.0	0.0
2	0.0	0.0	45	0.0	15.49	0	0.0	0.025766555011594947	0.0	0.0	0.0	0.0	0.0	0.008103727714748784	0.025766555011594947
2	0.0	0.0	2	0.2478632478632478	16.67	0	0.027548209366391185	0.0	0.0	1.0	0.0	0.0	0.0	0.0	0.0
2	0.0	0.0	0	0.0	16.33	0	0.0	0.09560229445506692	0.0	0.5	0.0	0.0	0.0	0.0	0.0
1	0.0	0.0	0	0.0	13.11	0	0.0	0.0	0.0	0.0	0.0	0.0	0.0	0.0	0.0
0	0.0	0.0	21	0.0	0.0	0	1.5625	0.0	0.0	0.0	0.0	0.0	0.0	0.0	0.0
0	0.0	0.0	17	0.1	0.0	0	0.17605633802816903	0.0	0.0	0.0	0.0	0.0	0.0	0.0	0.0
4	0.0	0.0	18	0.0	16.25	0	0.0	0.023741690408357077	0.0	0.5	0.0	0.0	0.0	0.0	0.0
1	0.0	0.0	25	0.0769230769230769	0.5	1	0.9433962264150942	0.0	0.0	3.0	0.0	0.0	0.0	0.0	0.16583747927031509
0	1.0	0.0	21	0.0	0.0	0	0.5464480874316939	0.0	0.0	1.0	0.0	0.0	0.0	0.0	0.0
1	0.0	0.0	19	0.0	5.95	0	0.36496350364963503	0.0	0.0	0.0	0.0	0.0	0.0	0.36496350364963503	0.0
4	0.0	0.0	15	0.0954545454545454	16.4	0	0.0	0.05047955577990914	0.0	0.0	0.0	0.0	0.0	0.0	0.0
3	0.0	0.0	40	0.1142857142857142	21.22	0	0.046146746654360866	0.0	0.0	0.0	0.0	0.0	0.0	0.0	0.020383204239706482
2	0.0	0.0	73	0.0	13.18	0	0.0	0.020876826722338204	0.0	0.0	0.0	0.0	0.0	0.0	0.0
2	0.0	0.0	27	0.0	14.86	0	0.04149377593360996	0.0	0.0	0.5	0.0	0.0	0.0	0.06224066390041493	0.0
3	0.0	0.0	0	0.0	16.25	0	0.0	0.011052166224580016	0.0	0.0	0.0	0.0	0.0	0.0	0.0
3	0.0	0.0	16	0.037174721189591	16.24	0	0.02115506663845991	0.0	0.0	0.5	0.0	0.0	0.0	0.0	0.0
2	0.0	0.0	25	0.0	9.19	0	0.11792452830188678	0.0	0.0	0.5	0.0	0.0	0.0	0.0	0.0
1	0.0	0.0	19	0.0	9.8	0	0.0	0.6172839506172839	0.0	0.0	0.0	0.0	0.0	0.0	0.0
2	0.0	0.0	0	0.1428571428571428	21.96	0	0.0	0.9677419354838709	0.0	0.0	0.0	0.0	0.0	0.0	0.0
3	0.0	0.0	3	0.0909090909090909	16.6	0	0.05530973451327434	0.0	0.0	2.0	0.0	0.0	0.0	0.0	0.0
3	0.3333333333333333	0.5	33	0.0	18.81	0	0.0	0.03473428273706148	0.0	0.0	0.0	0.0	0.0	0.0	0.0
1	0.0	0.0	0	0.1538461538461538	17.13	0	0.0	2.5	0.0	2.5	0.0	0.0	0.0	0.0	0.0
2	0.0	0.0	58	0.0	9.88	0	0.04849660523763336	0.0	0.0	0.0	0.0	0.0	0.0	0.0	0.0
1	0.0	0.0	0	0.0	16.78	0	0.0	0.4846526655896607	0.0	0.16666666666666666	0.0	0.0	0.0	0.0	0.0
0	0.0	1.0	8	0.4	0.0	1	50.0	0.0	0.0	1.0	0.0	0.0	0.0	0.0	0.0
4	0.0	0.0	48	0.0	14.09	0	0.030003000300030006	0.0	0.0	0.0	0.0	0.0	0.0	0.0	0.014285714285714285
4	0.0	0.0	27	0.0094339622641509	16.35	0	0.013335111348179758	0.0	0.0	0.0	0.0	0.0	0.0	0.0	0.0
2	1.0	0.5	0	0.0	17.34	0	0.09165902841429881	0.0	0.0	0.0	0.0	0.0	0.0	0.0	0.0
5	0.0	0.0	19	0.125	6.04	0	0.0	0.6024096385542169	0.0	0.5	0.0	0.0	0.0	0.0	0.0
1	0.0	0.0	0	0.0	9.5	0	0.0	0.24875621890547267	0.0	0.0	0.0	0.0	0.0	0.0	0.0
1	0.0	0.0	16	0.1666666666666666	5.6	0	8.333333333333334	0.0	0.0	0.0	0.0	0.0	0.0	0.0	0.0
1	0.0	0.0	29	0.0	9.5	0	0.47058823529411764	0.0	0.0	0.0	0.0	0.0	0.0	0.0	0.0
0	0.0	0.0	11	0.25	0.0	0	0.0	1.6666666666666665	0.0	0.6666666666666666	0.0	0.0	0.0	0.0	0.0
3	0.0	0.0	0	0.0	16.01	0	0.031496062992125984	0.0	0.0	0.0	0.0	0.0	0.0	0.0	0.0
2	0.0	0.0	1	0.0	16.68	0	1.3513513513513513	0.0	0.0	0.0	0.0	0.0	0.0	0.0	0.0
2	0.0	0.0	19	0.0	16.08	0	0.0	0.042354934349851756	0.0	0.5	0.0	0.0	0.0	0.0	0.0
1	0.0	0.0	60	0.0	9.5	0	1.675977653631285	0.0	0.0	0.08333333333333333	0.0	0.0	0.0	0.0	0.0
2	0.0	0.0	2	0.0686274509803921	16.8	0	0.0	0.04032258064516129	0.0	0.0	0.0	0.0	0.0	0.0	0.0
2	0.5	0.0	23	0.0	16.11	0	0.0	0.18450184501845018	0.0	0.0	0.0	0.0	0.0	0.0	0.2767527675276753
2	0.0	0.0	0	0.3809523809523809	17.33	0	0.0	0.08802816901408451	0.0	0.0	0.0	0.0	0.0	0.0	0.0
3	0.0	0.0	74	0.0	13.37	0	0.021267545725223307	0.0	0.0	1.0	0.0	0.0	0.0	0.0	0.011831519167061051
1	0.0	0.0	0	0.0	16.31	0	0.0	0.15910898965791567	0.0	0.0	0.0	0.0	0.0	0.0	0.0
1	0.0	0.0	80	0.0	9.43	0	0.0	0.1440922190201729	0.0	0.5	0.0	0.0	0.0	0.0	0.0
1	0.0	0.0	34	0.0	5.29	0	0.0	0.4	0.0	0.0	0.0	0.0	0.0	0.0	0.4
3	0.0	0.0	0	0.0	21.13	0	0.0	0.19011406844106465	0.0	0.5	0.0	0.0	0.0	0.0	0.0
0	0.0	0.0	17	0.0	37.08	0	0.16556291390728478	0.0	0.0	0.0	0.0	0.0	0.0	0.0	0.0
1	0.0	0.0	46	0.0454545454545454	12.34	0	0.04192872117400419	0.0	0.0	0.0	0.0	0.0	0.0	0.0	0.0
1	0.0	0.0	0	0.0	9.5	0	0.0	0.8620689655172414	0.0	0.3333333333333333	0.0	0.0	0.0	0.0	0.0
2	0.0	0.0	5	0.4078947368421052	16.86	0	0.0	0.12820512820512822	0.0	1.0	0.0	0.0	0.0	0.0	0.0
1	0.0	0.0	0	0.0	10.0	0	0.0	4.032258064516129	0.0	0.2	0.0	0.0	0.0	0.0	0.0
2	0.0	0.0	22	0.0	5.79	0	0.6666666666666666	0.0	0.0	0.0	0.0	0.0	0.0	0.0	0.0
1	0.0	0.0	38	0.0	6.52	0	0.15873015873015872	0.0	0.0	0.0	0.0	0.0	0.0	0.07936507936507936	0.0
1	0.0	0.0	0	0.4	17.02	0	0.0	0.4385964912280702	0.0	0.0	0.0	0.0	0.0	0.0	0.0
0	0.0	0.0	0	0.1428571428571428	17.37	0	0.0	2.6315789473684212	0.0	0.0	0.0	0.0	0.0	0.0	0.0
1	0.0	0.0	28	0.0	15.26	0	0.032626427406199025	0.0	0.0	0.0	0.0	0.0	0.0	0.016313213703099513	0.0
0	0.0	0.0	18	0.0	0.0	0	0.11049723756906077	0.0	0.0	0.0	0.0	0.0	0.0	0.0	0.0
0	0.0	0.0	34	0.0	0.0	0	0.29069767441860467	0.0	0.0	0.5	0.0	0.0	0.0	0.0	0.0
1	0.0	0.0	46	0.0	19.5	0	0.14388489208633093	0.0	0.0	0.0	0.0	0.0	0.0	0.0	0.0
1	0.0	0.0	15	0.0769230769230769	9.5	0	0.437636761487965	0.0	0.0	0.25	0.0	0.0	0.0	0.0	0.0
0	0.0	0.0	19	0.2777777777777778	0.0	0	0.0	1.5151515151515151	0.0	0.5	0.0	0.0	0.0	0.0	0.0
1	0.0	0.0	43	0.0	11.93	0	0.04288164665523156	0.0	0.0	0.0	0.0	0.0	0.0	0.08576329331046312	0.0
1	0.0	0.0	17	0.0	6.0	1	0.20304568527918782	0.41666666666666663	0.0	0.25	0.0	0.0	0.0	0.20304568527918782	0.0
0	0.0	0.0	0	0.0	16.24	0	0.0273972602739726	0.0	0.0	0.0	0.0	0.0	0.0	0.0	0.0
1	0.0	0.0	0	0.0	17.26	0	0.0	0.7042253521126761	0.0	0.0	0.0	0.0	0.0	0.0	0.0
1	0.0	0.0	42	0.1262135922330097	15.13	0	0.02002803925495694	0.0	0.0	0.0	0.0	0.0	0.0	0.02002803925495694	0.0
3	0.0	0.0	18	0.0454545454545454	16.58	0	0.0	0.01671402306535183	0.0	0.0	0.0	0.0	0.0	0.0	0.0
1	0.0	0.0	23	0.0	9.5	0	0.8474576271186441	0.0	0.0	0.0	0.0	0.0	0.0	0.0	0.0
5	0.0	0.0	37	0.0	15.61	0	0.0	0.029069767441860465	0.0	0.0	0.0	0.0	0.0	0.0	0.0
4	0.0	0.0	16	0.0075187969924812	16.5	0	0.016142050040355124	0.0	0.0	0.0	0.0	0.0	0.0	0.0	0.0
2	0.0	0.0	21	0.0	9.23	0	0.1801801801801802	0.0	0.0	2.0	0.0	0.0	0.0	0.0900900900900901	0.0
2	0.0	0.0	1	0.0306122448979591	16.42	0	0.0	0.023293733985557886	0.0	0.0	0.0	0.0	0.0	0.0	0.0
6	0.0	0.0	23	0.0	15.7	0	0.0	0.03688675765400221	0.0	0.0	0.0	0.0	0.0	0.0	0.0
5	0.0	0.0	33	0.0	9.46	0	0.0	0.10615711252653928	0.0	0.5	0.0	0.0	0.0	0.0	0.0
3	0.0	0.0	73	0.0	5.36	0	0.9174311926605504	0.0	0.0	0.0	0.0	0.0	0.0	0.0	0.0
0	0.0	0.0	0	0.0	16.26	0	0.0	0.014628437682855471	0.0	0.0	0.0	0.0	0.0	0.0	0.0
3	0.0	0.0	1	0.6263736263736264	16.69	0	0.29325513196480935	0.0	0.0	0.0	0.0	0.0	0.0	0.0	0.0
3	0.0	0.0	5	0.0	16.25	0	0.0	0.016358580075249467	0.0	0.0	0.0	0.0	0.0	0.0	0.0
4	0.0	0.0	55	0.0	14.14	0	0.02481389578163772	0.0	0.0	0.0	0.0	0.0	0.0	0.02481389578163772	0.0
3	0.0	0.0	44	0.0	14.87	0	0.027159152634437807	0.0	0.0	2.0	0.0	0.0	0.0	0.027159152634437807	0.0
1	0.0	0.0	18	0.0	12.32	0	0.14430014430014432	0.0	0.0	0.0	0.0	0.0	0.0	0.0	0.0
1	0.0	0.0	0	0.0	16.61	0	0.0	0.17482517482517484	0.0	0.0	0.0	0.0	0.0	0.0	0.0
1	0.0	1.0	3	0.4444444444444444	9.5	0	1.0101010101010102	0.0	0.0	0.5	0.0	0.0	0.0	0.0	0.0
1	0.0	1.0	3	0.0	10.0	0	0.08857395925597875	0.0	0.0	0.0	0.0	0.0	0.0	0.0	0.0
1	0.0	0.0	37	0.0555555555555555	9.34	0	0.2949852507374631	0.0	0.0	0.16666666666666666	0.0	0.0	0.0	0.0	0.0
1	0.0	0.0	21	0.0	15.48	0	0.03424657534246575	0.0	0.0	0.0	0.0	0.0	0.0	0.0	0.0
2	0.0	0.0	61	0.0263157894736842	12.41	0	0.0	0.05170630816959669	0.0	0.0	0.0	0.0	0.0	0.0	0.025853154084798345
2	0.5	0.0	37	0.0648648648648648	5.91	0	0.034048348655090224	0.0	0.0	0.0	0.0	0.0	0.0	0.0	0.0
2	0.0	0.0	28	0.0	15.7	0	0.0	0.05730659025787966	0.0	0.0	0.0	0.0	0.0	0.0	0.02865329512893983
2	0.0	0.0	14	0.0	12.23	0	0.19342359767891684	0.0	0.0	0.0	0.0	0.0	0.0	0.0	0.0
1	0.0	0.0	0	0.1111111111111111	9.5	0	0.0	0.20964360587002098	0.0	0.0	0.0	0.0	0.0	0.0	0.0
2	0.0	0.0	22	0.0	16.11	0	0.020016012810248198	0.0	0.0	0.0	0.0	0.0	0.0	0.0	0.0
0	0.0	1.0	20	0.0	0.0	0	0.05847953216374269	0.0	0.0	0.0	0.0	0.0	0.0	0.05847953216374269	0.0
2	0.0	0.0	23	0.0594059405940594	14.55	0	0.04957858205255329	0.0	0.0	0.0	0.0	0.0	0.0	0.0	0.0
0	0.0	0.0	15	0.0	0.0	0	0.2173913043478261	0.0	0.0	0.0	0.0	0.0	0.0	0.0	0.0
0	0.0	0.0	1	0.375	0.0	0	0.8928571428571428	0.0	0.0	1.0	0.0	0.0	0.0	0.0	0.0
1	0.0	0.0	18	0.0	7.12	0	0.2857142857142857	0.0	0.0	0.0	0.0	0.0	0.0	0.0	0.0
5	0.0	0.0	72	0.0476190476190476	5.19	0	0.1923076923076923	0.0	0.0	0.0	0.0	0.0	0.0	0.0	0.10416666666666667
1	0.0	0.0	20	0.0	8.84	0	0.1858736059479554	0.0	0.0	0.5	0.0	0.0	0.0	0.0	0.0
1	0.0	0.0	15	0.0	9.5	0	0.0	0.08169934640522876	0.0	0.0	0.0	0.0	0.0	0.0	0.08169934640522876
1	0.0	0.0	0	0.1052631578947368	24.5	0	0.0	0.13157894736842105	0.0	0.0	0.0	0.0	0.0	0.0	0.0
1	0.0	0.0	19	0.0	9.5	0	0.0684931506849315	0.0	0.0	0.0	0.0	0.0	0.0	0.0	0.0
1	0.0	0.0	31	0.0	13.67	0	0.027739251040221916	0.0	0.0	0.0	0.0	0.0	0.0	0.0	0.0
1	0.0	0.0	16	0.0	13.75	0	0.09900990099009901	0.0	0.0	0.5	0.0	0.0	0.0	0.0	0.0
1	0.0	0.0	37	0.0	5.63	0	0.6329113924050632	0.0	0.0	0.25	0.0	0.0	0.0	0.0	0.0
6	0.0	0.0	47	0.0355029585798816	14.56	0	0.0	0.05924170616113744	0.0	0.0	0.0	0.0	0.0	0.0	0.02962085308056872
0	0.0	0.0	2	0.1804511278195488	17.76	0	0.021612275772638856	0.0	1.0	11.0	0.0	0.0	0.0	0.0	0.0
1	0.0	0.0	0	0.0	18.93	0	0.2544529262086514	0.0	0.0	2.5	0.0	0.0	0.0	0.0	0.0
3	0.0	0.0	24	0.0682730923694779	16.53	0	0.0	0.026089225150013044	0.0	3.0	0.0	0.0	0.0	0.0	0.026089225150013044
7	1.0	0.3333333333333333	48	0.0	110.57	0	0.01823819077147547	0.0	0.0	0.0	0.0	0.0	0.0	0.0	0.00833472245374229
2	0.0	0.0	20	0.0	8.52	0	0.0	0.1488095238095238	0.0	0.5	0.0	0.0	0.0	0.0	0.0
6	0.0	0.0	15	0.0	15.77	0	0.02462447672986949	0.0	0.0	0.5	0.0	0.0	0.0	0.0	0.0
1	0.0	0.0	24	0.0	5.72	0	0.23809523809523808	0.0	0.0	0.0	0.0	0.0	0.0	0.0	0.0
2	0.0	0.0	18	0.072992700729927	7.97	0	0.0	0.14641288433382138	0.0	0.16666666666666666	0.0	0.0	0.0	0.0	0.0
1	0.0	0.0	0	0.0	14.84	0	0.0	4.761904761904762	0.0	0.0	0.0	0.0	0.0	0.0	0.0
2	0.3333333333333333	0.0	53	0.1194029850746268	38.87	1	0.0	1.058761249338274	0.025	0.475	0.026469031233456855	0.0	0.0	0.039603960396039604	0.0
0	0.0	0.0	17	0.0	0.0	0	0.0	0.10775862068965518	0.0	0.5	0.0	0.0	0.0	0.0	0.0
0	0.0	0.0	19	0.0	0.0	0	0.0	1.0638297872340425	0.0	0.0	0.0	0.0	0.0	0.0	1.0638297872340425
0	1.0	0.0	20	0.0	0.0	0	0.0	0.05827505827505827	0.0	0.0	0.0	0.0	0.0	0.0	0.05827505827505827
0	0.0	0.0	17	0.0	0.0	0	0.3246753246753247	0.0	0.0	0.5	0.0	0.0	0.0	0.0	0.0
1	0.0	0.0	0	0.0	17.8	0	0.0	0.6172839506172839	0.0	0.0	0.0	0.0	0.0	0.0	0.0
1	0.0	0.0	0	0.0	14.73	0	0.0	1.0204081632653061	0.0	0.0	0.0	0.0	0.0	0.0	0.0
2	0.0	0.0	24	0.0	9.53	0	0.0	2.3255813953488373	0.0	0.0	0.0	0.0	0.0	0.0	1.1627906976744187
0	0.0	0.0	19	0.0	15.05	0	0.09910802775024777	0.0	0.0	0.5	0.0	0.0	0.0	0.09910802775024777	0.0
3	0.0	0.0	17	0.0	6.35	0	0.5263157894736842	0.0	0.0	0.0	0.0	0.0	0.0	0.0	0.0
1	0.0	0.0	48	0.1666666666666666	11.69	1	0.18281535648994515	0.3484320557491289	0.0	0.3333333333333333	0.0	0.0	0.0	0.18281535648994515	0.2613240418118467
1	1.0	0.5	35	0.0	14.61	0	0.0	0.1488095238095238	0.0	0.25	0.0	0.0	0.0	0.0	0.03720238095238095
6	0.0	0.0	37	0.0	15.35	0	0.0	0.02413127413127413	0.0	0.0	0.0	0.0	0.0	0.0	0.02413127413127413
0	0.0	0.0	38	0.0350877192982456	14.07	0	0.0	0.028409090909090908	0.0	0.5	0.0	0.0	0.0	0.026737967914438502	0.028409090909090908
1	0.0	0.0	9	0.3513513513513513	11.31	0	0.78125	0.0	0.0	0.5	0.0	0.0	0.0	0.0	0.0
0	0.0	0.0	19	0.0	0.0	0	0.0	0.048007681228996645	0.0	0.0	0.0	0.0	0.0	0.0	0.0
1	0.0	0.0	78	0.0	5.58	0	0.0945179584120983	0.0	0.0	0.0	0.0	0.0	0.0	0.0	0.0
1	0.0	0.0	23	0.2307692307692307	6.05	0	0.27624309392265195	0.0	0.0	1.0	0.0	0.0	0.0	0.0	0.0
8	0.0	0.0	1	0.0	16.82	0	0.0	0.027586206896551724	0.0	2.0	0.0	0.0	0.0	0.0	0.0
5	0.0	0.0	26	0.0	15.95	0	0.0	0.033200531208499334	0.0	0.0	0.0	0.0	0.0	0.0	0.0
1	0.0	0.0	26	0.2252252252252252	15.65	0	0.0	0.019770660340055358	1.0	0.0	0.0	0.0	0.0	0.0	0.0
0	0.0	0.0	31	0.0142857142857142	14.76	0	0.0	0.09652509652509653	0.0	1.0	0.0	0.0	0.0	0.0	0.0
2	0.0	0.0	43	0.0	14.57	0	0.0	0.02531645569620253	0.0	0.0	0.0	0.0	0.0	0.0	0.012658227848101266
0	0.0	0.0	21	0.0	0.0	0	0.49504950495049505	0.0	0.0	0.0	0.0	0.0	0.0	0.49504950495049505	0.0
0	0.0	0.0	30	0.0	0.0	0	0.10438413361169102	0.0	0.0	0.0	0.0	0.0	0.0	0.0	0.0
0	0.0	0.0	0	0.0	16.02	0	0.0	0.18214936247723132	0.0	0.5	0.0	0.0	0.0	0.0	0.0
1	0.0	0.0	1	0.0	16.52	0	0.2617801047120419	0.0	0.0	0.0	0.0	0.0	0.0	0.0	0.0
2	0.0	0.0	11	0.2402597402597402	16.45	0	0.13507429085997297	0.0	0.0	0.6666666666666666	0.0	0.0	0.0	0.0	0.0
1	1.0	0.5	53	0.0	40.37	1	2.0935960591133007	0.31806615776081426	0.0	0.4090909090909091	0.0	0.0	0.0	1.8472906403940887	0.0
2	0.0	0.0	1	0.0	16.59	0	0.0	0.06720430107526881	0.0	0.0	0.0	0.0	0.0	0.0	0.0
3	1.0	1.0	33	0.0	13.09	0	0.037243947858472994	0.0	0.0	0.0	0.0	0.0	0.0	0.0	0.0
3	0.0	0.0	29	0.0	7.32	0	0.18726591760299627	0.0	0.0	0.0	0.0	0.0	0.0	0.0	0.0
5	0.0	0.0	21	0.0551181102362204	15.37	0	0.23529411764705882	0.0	0.0	0.0	0.0	0.0	0.0	0.0	0.0
3	0.0	0.0	59	0.0352112676056338	15.04	0	0.017105713308244952	0.0	0.0	0.0	0.0	0.0	0.0	0.0	0.008241305422778967
1	0.0	0.0	65	0.5161290322580645	10.0	0	1.639344262295082	0.0	0.0	4.5	0.0	0.0	0.0	0.0	0.0
0	0.0	0.0	26	0.0	0.0	1	0.7352941176470588	0.0	0.0	0.5	0.0	0.0	0.0	0.551470588235294	0.0
3	0.0	0.0	42	0.0	5.86	0	0.0	0.18181818181818182	0.0	0.0	0.0	0.0	0.0	0.0	0.0
1	0.0	0.0	0	0.034090909090909	19.33	0	0.0	0.136986301369863	0.0	0.0	0.0	0.0	0.0	0.0	0.0
0	0.0	0.0	34	0.0	15.43	0	0.0	0.023860653781913627	0.0	0.0	0.0	0.0	0.0	0.0	0.011930326890956813
2	0.5	1.0	68	0.0129032258064516	36.65	1	1.890359168241966	0.0581170089112747	0.0	0.4883720930232558	0.0	0.0	0.0	0.04725897920604915	0.0581170089112747
1	0.0	0.0	77	0.2	9.2	0	0.0	0.12135922330097088	1.0	3.0	0.0	0.0	0.0	0.0	0.0
2	0.0	0.0	38	0.0816326530612244	14.41	0	0.0	0.02935995302407516	0.0	0.0	0.0	0.0	0.0	0.0	0.0
2	0.0	0.0	0	0.0	15.87	0	0.0	0.14771048744460857	0.0	0.0	0.0	0.0	0.0	0.0	0.0
0	0.0	0.0	18	0.0	0.0	1	0.0	0.0	0.0	1.0	0.0	0.0	0.0	0.0	0.0
2	0.0	0.0	31	0.0	14.83	0	0.0	0.0333555703802535	0.0	0.0	0.0	0.0	0.0	0.0	0.0
3	0.0	0.0	29	0.0	15.52	0	0.0	0.028026905829596414	0.0	0.0	0.0	0.0	0.0	0.0	0.0
5	0.0	0.0	30	0.0	15.46	0	0.02531645569620253	0.0	0.0	0.0	0.0	0.0	0.0	0.0	0.0
3	0.0	0.0	32	0.0	15.24	0	0.035236081747709654	0.0	0.0	0.0	0.0	0.0	0.0	0.035236081747709654	0.0
2	0.0	0.0	0	0.0	16.24	0	0.0	0.02413127413127413	0.0	0.0	0.0	0.0	0.0	0.0	0.0
0	0.0	0.0	29	0.0	15.74	0	0.0	0.02345215759849906	0.0	0.5	0.0	0.0	0.0	0.0	0.01172607879924953
1	0.0	0.0	0	0.0	16.72	0	0.0	0.1706484641638225	0.0	0.5	0.0	0.0	0.0	0.0	0.0
2	0.0	0.0	0	0.0	16.59	0	0.04748338081671415	0.0	0.0	0.0	0.0	0.0	0.0	0.0	0.0
1	0.0	0.0	43	0.0	14.84	0	0.06151953245155337	0.0	0.0	0.0	0.0	0.0	0.0	0.06151953245155337	0.0
3	0.0	0.0	0	0.1428571428571428	13.35	0	0.0	2.5	0.0	0.0	0.0	0.0	0.0	0.0	0.0
1	0.0	0.0	17	0.0	9.5	0	0.14084507042253522	0.0	0.0	0.0	0.0	0.0	0.0	0.0	0.0
6	0.0	0.0	0	0.1139240506329113	16.15	0	0.05370569280343716	0.0	0.0	0.0	0.0	0.0	0.0	0.0	0.0
3	1.0	0.0	11	0.0666666666666666	80.1	1	5.319148936170213	0.0	0.0	0.8	0.0	0.0	0.0	0.0	0.0
3	0.0	0.0	38	0.032520325203252	12.65	0	0.02710027100271003	0.0	0.0	0.0	0.0	0.0	0.0	0.0	0.0
1	0.0	0.0	4	0.1521739130434782	16.35	0	0.13458950201884254	0.0	0.0	1.0	0.0	0.0	0.0	0.0	0.0
2	0.0	0.0	2	0.0	16.71	0	0.0	3.571428571428571	0.0	0.0	0.0	0.0	0.0	0.0	0.0
2	0.0	0.0	0	0.3225806451612903	16.75	0	0.0	0.045207956600361664	0.0	0.0	0.0	0.0	0.0	0.0	0.0
6	0.0	0.0	39	0.0	15.28	0	0.022177866489243733	0.0	0.0	0.0	0.0	0.0	0.0	0.011088933244621867	0.012635835228708618
7	0.0	0.0	79	0.3823529411764705	4.92	0	1.923076923076923	0.0	0.0	0.25	0.0	0.0	0.0	0.0	0.0
2	0.0	0.0	17	0.032258064516129	14.61	0	0.0	0.08710801393728222	0.0	0.0	0.0	0.0	0.0	0.0	0.0
0	0.0	0.0	7	0.2580645161290322	16.8	0	0.04653327128897162	0.0	1.0	0.5	0.0	0.0	0.0	0.0	0.0
2	0.0	0.0	56	0.11904761904761901	9.39	0	0.0	0.2577319587628866	0.0	0.0	0.0	0.0	0.0	0.0	0.0
1	1.0	0.0	40	0.0	0.5	0	0.10548523206751054	0.0	0.0	0.0	0.0	0.0	0.0	0.05274261603375527	0.0
0	0.0	0.0	18	0.3333333333333333	0.0	0	0.5555555555555556	0.0	0.0	0.0	0.0	0.0	0.0	0.5555555555555556	0.0
0	0.0	0.0	20	0.0	0.0	0	2.6315789473684212	0.0	0.0	0.0	0.0	0.0	0.0	0.0	0.0
2	0.0	0.0	41	0.0	10.05	0	0.05896226415094339	0.0	0.0	0.0	0.0	0.0	0.0	0.0	0.0
6	0.0	0.0	1	0.0	16.32	0	0.0	0.06884681583476764	0.0	0.0	0.0	0.0	0.0	0.0	0.0
0	0.0	0.0	20	0.0666666666666666	12.36	1	1.0317460317460319	0.0	0.0	0.46153846153846156	0.0	0.0	0.0	0.0	0.0
0	0.0	0.0	17	0.1413612565445026	0.0	0	0.027785495971103084	0.0	0.0	0.0	0.0	0.0	0.0	0.0	0.0
4	0.0	0.0	46	0.0	15.33	0	0.0	0.010141987829614604	0.0	0.0	0.0	0.0	0.0	0.019275250578257516	0.010141987829614604
1	0.0	0.0	5	0.0	23.0	0	0.25380710659898476	0.0	0.0	0.0	0.0	0.0	0.0	0.0	0.0
1	0.0	0.0	39	0.0	0.52	1	3.095238095238095	0.0	0.0	0.23076923076923078	0.0	0.0	0.0	1.3095238095238095	0.024703557312252968
3	1.0	1.0	29	0.0461538461538461	9.02	1	0.5941770647653001	0.0	0.0	1.1	0.0	0.0	0.0	0.0	0.045289855072463775
1	0.0	0.0	0	0.0	9.5	0	0.0	0.057240984544934176	0.0	0.0	0.0	0.0	0.0	0.0	0.0
2	0.0	0.0	50	0.0138888888888888	9.46	0	0.032829940906106365	0.0	0.0	0.5	0.0	0.0	0.0	0.0	0.0
0	0.0	0.0	8	0.0	0.0	0	0.4347826086956522	0.0	0.0	1.0	0.0	0.0	0.0	0.0	0.0
4	1.0	0.0	41	0.0	9.5	0	0.0	0.029205607476635514	0.0	0.0	0.0	0.0	0.0	0.0	0.014602803738317757
2	0.0	0.0	0	0.0	16.31	0	0.0	0.14245014245014245	0.0	0.0	0.0	0.0	0.0	0.0	0.0
5	0.0	0.0	21	0.0	10.5	0	0.13054830287206265	0.0	0.0	0.0	0.0	0.0	0.0	0.0	0.0
1	0.0	0.0	19	0.0	9.31	0	0.26019080659150046	0.0	0.0	0.3333333333333333	0.0	0.0	0.0	0.0	0.0
1	0.0	0.0	47	0.0	13.09	0	0.0411522633744856	0.0	0.0	0.0	0.0	0.0	0.0	0.0	0.0
0	0.0	0.0	20	0.0	0.0	0	0.0	0.35714285714285715	0.0	0.5	0.0	0.0	0.0	0.0	0.0
1	0.0	1.0	2	0.0	11.0	0	0.0	0.05007511266900351	0.0	0.0	0.0	0.0	0.0	0.0	0.0
2	0.0	0.0	27	0.0188679245283018	15.51	0	0.0	0.026997840172786176	0.0	0.0	0.0	0.0	0.0	0.014289797084881393	0.0
1	0.0	0.0	0	0.0	16.88	0	0.0	0.13262599469496023	0.0	0.5	0.0	0.0	0.0	0.0	0.0
4	0.0	0.0	39	0.0	15.31	0	0.0	0.022644927536231887	0.0	0.5	0.0	0.0	0.0	0.0	0.0
1	0.0	0.0	68	0.0714285714285714	0.43	1	2.04778156996587	0.0	0.0	0.75	0.0	0.0	0.0	0.0	0.17857142857142858
0	0.0	1.0	36	0.0	0.0	0	0.02345765892563922	0.0	0.0	0.5	0.0	0.0	0.0	0.0	0.0
1	0.0	0.0	16	0.05	2.5	0	0.0	0.06657789613848203	0.0	0.0	0.0	0.0	0.0	0.0	0.0
1	0.0	0.0	43	0.0	21.0	0	0.0	0.023030861354214647	0.0	0.0	0.0	0.0	0.0	0.0	0.0
2	0.0	0.0	25	0.074074074074074	15.99	0	0.0	0.010964912280701754	0.0	0.0	0.0	0.0	0.0	0.0	0.010964912280701754
1	0.0	0.0	6	0.0	15.1	0	0.0	0.2183406113537118	0.0	0.0	0.0	0.0	0.0	0.0	0.0
3	0.0	0.0	47	0.0	14.71	0	0.0	0.02836074872376631	0.0	0.5	0.0	0.0	0.0	0.0	0.014180374361883154
1	0.0	0.0	18	0.0	10.0	0	0.25641025641025644	0.0	0.0	0.5	0.0	0.0	0.0	0.0	0.0
5	0.0	0.0	28	0.0	20.51	0	0.07448789571694599	0.0	0.0	0.0	0.0	0.0	0.0	0.0	0.0
4	0.0	0.0	37	0.0710382513661202	15.0	0	0.0	0.023849272597185785	0.0	0.0	0.0	0.0	0.0	0.0	0.0
1	1.0	0.3333333333333333	44	0.0106951871657754	0.5	0	0.015817779183802595	0.0	0.0	0.0	0.0	0.0	0.0	0.0	0.0
2	0.0	0.0	41	0.0	20.12	0	0.30864197530864196	0.0	0.0	0.0	0.0	0.0	0.0	0.0	0.0
2	0.0	0.0	14	0.0854271356783919	16.32	0	0.02652519893899204	0.0	0.0	0.0	0.0	0.0	0.0	0.0	0.0
3	0.0	0.0	42	0.0	8.54	0	0.08025682182985554	0.0	0.0	0.0	0.0	0.0	0.0	0.04012841091492777	0.0
5	0.0	0.0	19	0.125	6.15	0	0.0	0.5649717514124294	0.0	0.5	0.0	0.0	0.0	0.0	0.0
3	0.0	0.0	29	0.0	15.48	0	0.028328611898017	0.0	0.0	0.0	0.0	0.0	0.0	0.0	0.0
0	0.5	1.0	24	0.0	0.0	0	0.0	0.1111111111111111	0.0	0.3333333333333333	0.0	0.0	0.0	0.0	0.037037037037037035
3	0.0	0.0	1	0.0	16.41	0	0.0	0.022696323195642305	0.0	0.0	0.0	0.0	0.0	0.0	0.0
1	0.0	0.0	18	0.0	5.14	0	50.0	0.0	0.0	0.0	0.0	0.0	0.0	0.0	0.0
3	0.0	0.0	19	0.0368098159509202	16.03	0	0.057937427578215524	0.0	0.0	0.0	0.0	0.0	0.0	0.0	0.0
3	0.0	0.0	0	0.0	17.0	0	0.0	0.3125	0.0	0.5	0.0	0.0	0.0	0.0	0.0
0	0.0	0.0	16	0.0	0.0	0	0.20964360587002098	0.0	0.0	0.0	0.0	0.0	0.0	0.0	0.0
4	0.0	0.0	51	0.0615384615384615	14.15	0	0.0	0.04935834155972359	0.0	0.0	0.0	0.0	0.0	0.0	0.0
0	0.0	1.0	19	0.0	0.0	0	0.0	0.06765899864682003	0.0	0.0	0.0	0.0	0.0	0.0	0.0
1	0.0	0.0	5	0.0088888888888888	16.3	0	0.024551927326295117	0.0	0.0	0.5	0.0	0.0	0.0	0.0	0.0
1	0.0	0.0	43	0.055	14.74	0	0.06449532408900355	0.0	0.0	0.0	0.0	0.0	0.0	0.06449532408900355	0.0
0	0.0	0.0	0	0.1290322580645161	16.85	0	0.0	0.037064492216456635	0.0	2.0	0.0	0.0	0.0	0.0	0.0
0	0.0	0.0	42	0.1764705882352941	0.0	0	0.27322404371584696	0.0	0.0	0.0	0.0	0.0	0.0	0.0	0.0
4	0.0	0.0	76	0.1	4.91	0	0.0	0.2808988764044944	0.0	0.5	0.0	0.0	0.0	0.0	0.1404494382022472
0	1.0	0.0	38	0.0	0.0	0	0.0	0.11904761904761904	0.0	0.0	0.0	0.0	0.0	0.0	0.0
4	0.0	0.0	68	0.0461538461538461	13.3	0	0.026652452025586353	0.0	0.0	0.0	0.0	0.0	0.0	0.0	0.0
2	0.0	1.0	41	0.0	19.98	1	0.3464203233256351	0.0	0.0	1.0	0.0	0.0	0.0	0.11547344110854503	0.0
0	0.0	0.0	11	0.0	0.0	0	0.0	0.3067484662576687	0.0	1.0	0.0	0.0	0.0	0.0	0.0
3	0.0	0.0	0	0.0714285714285714	17.5	0	0.0	0.3968253968253968	0.0	0.0	0.0	0.0	0.0	0.0	0.0
0	0.0	0.0	11	0.3893129770992366	15.17	0	0.3703703703703704	0.0	1.0	1.0	0.0	0.0	0.0	0.0	0.0
2	0.0	0.0	79	0.0	5.99	0	0.07473841554559042	0.0	0.0	0.0	0.0	0.0	0.0	0.0	0.0
1	0.0	0.0	48	0.0	9.5	0	0.3831417624521073	0.0	0.0	0.0	0.0	0.0	0.0	0.0	0.0
2	1.0	0.0	46	0.0148148148148148	14.67	1	0.0	0.1843506759524785	0.1111111111111111	0.5555555555555556	0.020483408439164276	0.0	1.0	0.0	0.0
2	1.0	0.5	0	0.011049723756905999	12.83	0	0.0	0.024746349913387776	0.0	0.0	0.0	0.0	0.0	0.0	0.0
4	0.0	0.0	56	0.0	10.2	0	0.0	0.04782400765184122	0.0	0.0	0.0	0.0	0.0	0.0	0.0
0	0.0	0.0	16	0.0	0.0	0	2.1739130434782608	0.0	0.0	0.0	0.0	0.0	0.0	0.0	0.0
0	0.0	1.0	42	0.0	0.0	0	0.38910505836575876	0.0	0.0	0.0	0.0	0.0	0.0	0.19455252918287938	0.0
2	0.0	0.0	31	0.0	9.46	0	0.24271844660194175	0.0	0.0	0.0	0.0	0.0	0.0	0.0	0.0
0	0.0	0.0	28	0.0714285714285714	0.0	0	0.0	0.21321961620469082	0.0	0.0	0.0	0.0	0.0	0.0	0.21321961620469082
2	0.0	0.0	17	0.0	15.89	0	0.027472527472527472	0.0	0.0	0.0	0.0	0.0	0.0	0.0	0.0
2	0.0	0.0	0	0.0714285714285714	17.54	0	0.0	9.09090909090909	0.0	0.0	0.0	0.0	0.0	0.0	0.0
0	0.0	0.0	36	0.0	0.0	0	0.4424778761061947	0.0	0.0	0.0	0.0	0.0	0.0	0.0	0.0
1	0.0	0.0	24	0.0	10.0	0	0.27624309392265195	0.0	0.0	0.0	0.0	0.0	0.0	0.0	0.0
3	0.0	0.0	35	0.0	14.96	0	0.0	0.05530973451327434	0.0	0.0	0.0	0.0	0.0	0.0	0.02765486725663717
0	0.0	0.0	39	0.0	12.22	0	0.0	0.09380863039399624	0.0	0.0	0.0	0.0	0.0	0.0	0.0
1	1.0	0.0	39	0.0	13.42	0	0.0	0.11144130757800891	0.0	0.0	0.0	0.0	0.0	0.0	0.0
1	0.0	0.0	38	0.1948051948051948	1.44	1	0.5192878338278931	0.3246753246753247	0.0	0.7	0.0	0.0	0.0	0.0	0.10822510822510822
2	0.0	0.3333333333333333	32	0.0	38.71	1	0.0	0.7513661202185792	0.0	0.5909090909090909	0.0	0.0	0.0	0.0	0.0
4	0.0	0.0	66	0.0	13.92	0	0.0	0.011253657438667568	0.0	1.0	0.0	0.0	0.0	0.0	0.011253657438667568
1	0.0	0.0	64	0.0	5.06	0	0.7490636704119851	0.0	0.0	0.0	0.0	0.0	0.0	0.0	0.0
5	0.0	0.0	0	0.0	16.4	0	0.0	0.07331378299120234	0.0	0.5	0.0	0.0	0.0	0.0	0.0
1	1.0	0.0	65	0.1666666666666666	9.5	0	0.5434782608695652	0.0	0.0	0.0	0.0	0.0	0.0	0.0	0.0
5	0.0	0.0	2	0.0	16.27	0	0.011335298118340513	0.0	0.0	0.0	0.0	0.0	0.0	0.0	0.0
1	0.0	0.0	18	0.0263157894736842	14.29	0	0.08695652173913043	0.0	0.0	0.0	0.0	0.0	0.0	0.0	0.0
1	0.0	0.0	24	0.0	4.93	0	10.0	0.0	0.0	0.0	0.0	0.0	0.0	0.0	0.0
2	0.0	0.0	30	0.0	15.14	0	0.02927400468384075	0.0	0.0	0.0	0.0	0.0	0.0	0.02927400468384075	0.0
1	0.0	0.0	0	0.0	17.67	0	0.0	0.8474576271186441	0.0	0.0	0.0	0.0	0.0	0.0	0.0
4	0.0	0.0	2	0.0	16.63	0	0.0	0.016371971185330715	0.0	0.0	0.0	0.0	0.0	0.0	0.0
3	0.0	0.0	0	0.0	17.16	0	0.0	0.060753341433778855	0.0	0.0	0.0	0.0	0.0	0.0	0.0
0	0.0	0.0	23	0.5555555555555556	0.0	0	0.0	1.4285714285714286	0.0	0.0	0.0	0.0	0.0	0.0	0.7142857142857143
4	0.0	0.0	57	0.0085836909871244	14.3	0	0.028336639274582034	0.0	0.0	0.5	0.0	0.0	0.0	0.014168319637291017	0.0
1	0.0	0.0	21	0.0	7.06	0	0.14326647564469913	0.0	0.0	0.0	0.0	0.0	0.0	0.0	0.0
1	0.0	0.0	19	0.0	8.96	0	0.0	1.639344262295082	0.0	0.25	0.0	0.0	0.0	0.0	0.0
2	0.0	0.0	16	0.0	13.22	0	0.10416666666666667	0.0	0.0	0.5	0.0	0.0	0.0	0.0	0.0
2	0.5	1.0	16	0.0	27.29	0	0.06839945280437756	0.0	0.0	0.5	0.0	0.0	0.0	0.0	0.0
4	0.0	0.0	53	0.0	11.6	0	0.05307855626326964	0.0	0.0	0.0	0.0	0.0	0.0	0.0	0.0
1	0.0	0.0	0	0.1	17.84	0	0.0	0.3846153846153846	0.0	0.5	0.0	0.0	0.0	0.0	0.0
1	0.0	0.0	0	0.010752688172043001	10.0	0	0.0	0.0217296827466319	0.0	0.0	0.0	0.0	0.0	0.0	0.0
3	0.0	0.0	40	0.0018856065367693	16.81	0	0.0	0.029726516052318668	0.0	0.0	0.0	0.0	0.0	0.0	0.0
0	0.0	0.0	36	0.0	22.81	0	0.9803921568627451	0.0	0.0	0.0	0.0	0.0	0.0	0.49019607843137253	0.0
0	0.0	0.0	14	0.0	0.0	0	0.0	0.029507229271171435	0.0	0.0	0.0	0.0	0.0	0.0	0.0
0	0.0	0.0	21	0.0	0.0	0	0.0	0.0	0.0	0.0	0.0	0.0	0.0	0.0	0.0
1	0.0	0.0	0	0.0	16.78	0	0.0	0.0	0.0	0.0	0.0	0.0	0.0	0.0	0.0
1	0.0	0.0	3	0.0	16.42	0	0.06653359946773121	0.0	0.0	0.0	0.0	0.0	0.0	0.0	0.0
1	0.0	0.0	0	0.0	9.5	0	0.0	0.2298850574712644	0.0	0.0	0.0	0.0	0.0	0.0	0.0
0	0.0	0.0	31	0.0	15.53	0	0.0	0.021929824561403508	0.0	0.5	0.0	0.0	0.0	0.0	0.0
0	0.0	0.0	18	0.0	0.0	0	0.16025641025641024	0.0	0.0	0.5	0.0	0.0	0.0	0.0	0.0
1	0.0	0.0	32	0.0	14.84	0	0.03920031360250882	0.0	0.0	0.0	0.0	0.0	0.0	0.0	0.0
1	0.0	0.0	30	0.0	6.51	0	0.0	0.17543859649122806	0.0	0.0	0.0	0.0	0.0	0.0	0.17543859649122806
2	0.0	0.0	0	0.0	16.62	0	0.0	0.05827505827505827	0.0	0.0	0.0	0.0	0.0	0.0	0.0
3	0.0	0.0	58	0.0	10.65	0	0.0	0.10090817356205853	0.0	0.0	0.0	0.0	0.0	0.0	0.0
2	0.0	0.0	42	0.0	12.33	0	0.03990422984836393	0.0	0.0	0.0	0.0	0.0	0.0	0.019952114924181964	0.0
1	0.0	0.0	42	0.0	15.35	0	0.038654812524159254	0.0	0.0	0.25	0.0	0.0	0.0	0.038654812524159254	0.0
2	0.0	0.0	51	0.03	14.27	0	0.0	0.024838549428713365	0.0	0.0	0.0	0.0	0.0	0.0	0.0
0	0.0	0.0	24	0.0	0.0	1	0.7352941176470588	0.5291005291005292	0.0	0.5	0.0	0.0	0.0	0.0	0.0
6	0.0	0.0	13	0.5658914728682171	16.24	0	0.034106412005457026	0.0	1.0	0.5	0.0	0.0	0.0	0.0	0.0
0	0.0	0.0	18	0.0	0.0	0	1.5625	0.0	0.0	0.0	0.0	0.0	0.0	1.5625	0.0
1	1.0	0.0	0	0.0	9.5	0	0.0	0.13262599469496023	0.0	0.25	0.0	0.0	0.0	0.0	0.0
1	0.0	0.0	15	0.0	5.73	0	1.3157894736842106	0.0	0.0	0.0	0.0	0.0	0.0	0.0	0.0
0	0.0	0.0	3	0.0	36.11	0	0.11337868480725623	0.0	0.0	0.0	0.0	0.0	0.0	0.0	0.0
1	0.0	0.0	15	0.0	14.38	0	0.7246376811594204	0.0	0.0	0.0	0.0	0.0	0.0	0.0	0.0
2	0.0	0.0	74	0.0	6.16	0	0.0831255195344971	0.0	0.0	0.0	0.0	0.0	0.0	0.0	0.0
3	0.0	0.0	0	0.2527472527472527	16.82	0	0.045454545454545456	0.0	0.0	0.0	0.0	0.0	0.0	0.0	0.0
2	0.0	0.0	29	0.0	5.77	0	0.1869158878504673	0.0	0.0	0.0	0.0	0.0	0.0	0.0	0.0
5	0.0	0.0	60	0.0	13.08	0	0.05027652086475616	0.0	0.0	0.0	0.0	0.0	0.0	0.0	0.0
3	0.0	0.0	35	0.0	14.6	0	0.030543677458766034	0.0	0.0	0.0	0.0	0.0	0.0	0.0	0.0
0	0.0	0.0	1	0.0	16.39	0	0.0	0.020916126333403052	0.0	0.0	0.0	0.0	0.0	0.0	0.0
0	0.0	0.0	76	0.0	5.7	0	0.0	0.10964912280701755	0.0	0.0	0.0	0.0	0.0	0.0	0.0
0	0.0	0.0	41	0.0	13.94	0	0.021177467174925878	0.0	0.0	2.0	0.0	0.0	0.0	0.021177467174925878	0.0
0	0.5	1.0	79	0.05633802816901401	5.96	1	0.2021835826930853	0.8035355564483728	0.0	0.4	0.0	0.0	0.0	0.16174686615446826	0.5624748895138609
1	0.0	0.0	0	0.0	17.19	0	0.0	0.3164556962025316	0.0	0.0	0.0	0.0	0.0	0.0	0.0
0	0.0	0.0	53	0.0116279069767441	14.48	1	0.06165228113440198	0.0	0.0	9.0	0.0	0.0	0.0	0.03082614056720099	0.16093092349591484
2	0.0	0.0	34	0.0568720379146919	14.89	0	0.015782828282828284	0.0	0.0	0.0	0.0	0.0	0.0	0.0	0.0
1	0.0	0.0	23	0.1818181818181818	6.57	0	6.25	0.0	0.0	1.0833333333333333	0.0	0.0	0.0	0.0	0.0
2	0.0	0.0	21	0.0	7.07	0	0.4115226337448559	0.0	0.0	0.0	0.0	0.0	0.0	0.0	0.0
1	0.0	0.0	0	0.0	16.38	0	0.0	0.027731558513588463	0.0	0.0	0.0	0.0	0.0	0.0	0.0
5	0.0	0.0	1	0.0	17.04	0	0.0	0.04557885141294439	0.0	0.0	0.0	0.0	0.0	0.0	0.0
2	1.0	0.5	54	0.0	28.21	1	1.3610315186246418	0.5649717514124294	0.0	0.3870967741935484	0.0	0.0	0.0	1.2177650429799427	0.0
1	0.0	0.0	26	0.0	5.63	0	0.4464285714285714	0.0	0.0	0.0	0.0	0.0	0.0	0.0	0.0
0	0.0	0.0	1	0.0098522167487684	16.24	0	0.02849814762040467	0.0	0.0	0.0	0.0	0.0	0.0	0.0	0.0
0	0.0	0.0	18	0.0	0.0	0	0.0	0.06341154090044389	0.0	0.0	0.0	0.0	0.0	0.0	0.0
0	0.0	0.0	19	0.0	0.0	0	0.0	0.2347417840375587	0.0	0.0	0.0	0.0	0.0	0.0	0.2347417840375587
2	0.0	0.0	25	0.0	15.24	0	0.03895597974289053	0.0	0.0	0.5	0.0	0.0	0.0	0.03895597974289053	0.0
4	0.0	0.0	0	0.0	16.87	0	0.0	0.11560693641618497	0.0	0.0	0.0	0.0	0.0	0.0	0.0
1	0.0	0.0	25	0.0	8.85	0	0.09784735812133072	0.0	0.0	0.0	0.0	0.0	0.0	0.0	0.0
0	0.4	0.0	25	0.0	0.0	0	0.0	0.14245014245014245	0.0	0.5	0.0	0.0	0.0	0.0	0.0
1	0.0	0.0	39	0.0	5.87	0	0.18867924528301888	0.0	0.0	0.0	0.0	0.0	0.0	0.0	0.10121457489878542
1	1.0	0.0	37	0.0	0.43	1	1.0204081632653061	0.0	0.0	0.375	0.0	0.0	0.0	0.0	0.04748338081671415
2	0.0	0.0	24	0.2413793103448276	7.64	0	0.19607843137254904	0.0	0.0	2.5	0.0	0.0	0.0	0.0	0.19379844961240308
1	0.0	0.0	43	0.04	16.45	1	7.317073170731708	0.0	0.0	0.6666666666666666	0.0	0.0	0.0	0.0	0.0
3	0.0	0.0	2	0.3223684210526316	17.02	0	0.0	0.10504201680672269	0.0	0.5	0.0	0.0	0.0	0.0	0.0
1	0.0	0.0	0	0.0	16.46	0	0.0	0.21186440677966104	0.0	0.0	0.0	0.0	0.0	0.0	0.0
7	0.0	0.0	17	0.0	16.05	0	0.03268507926131721	0.0	0.0	0.0	0.0	0.0	0.0	0.0	0.0
0	0.0	0.0	21	0.0256410256410256	0.0	0	0.0	0.4166666666666667	0.0	0.0	0.0	0.0	0.0	0.0	0.0
1	0.0	0.0	18	0.0566037735849056	8.5	0	0.0	0.057870370370370364	0.0	0.0	0.0	0.0	0.0	0.0	0.0
3	0.0	0.0	31	0.0	5.23	0	0.0	0.5434782608695652	0.0	0.0	0.0	0.0	0.0	0.0	0.0
2	0.0	0.0	2	0.0	18.25	0	0.0	0.032175032175032175	0.0	20.0	0.0	0.0	0.0	0.0	0.0
1	0.0	0.0	0	0.0	9.5	0	0.0	0.20242914979757085	0.0	0.0	0.0	0.0	0.0	0.0	0.0
3	1.0	0.5	51	0.0	19.73	0	0.13956734124214934	0.0	0.0	0.0	0.0	0.0	0.0	0.034891835310537335	0.0
4	0.0	0.0	15	0.0	18.25	0	0.0	0.04616805170821791	0.0	0.0	0.0	0.0	0.0	0.0	0.0
1	0.0	0.0	29	0.1578947368421052	14.83	0	0.15600624024961	0.0	0.0	0.0	0.0	0.0	0.0	0.0	0.0
3	0.0	0.0	1	0.0	16.14	0	0.11547344110854503	0.0	0.0	0.0	0.0	0.0	0.0	0.0	0.0
3	1.0	0.0	7	0.0217391304347826	22.65	0	0.0	0.049103854652590234	0.0	0.0	0.0	0.0	0.0	0.0	0.0
2	0.0	0.0	51	0.1463414634146341	8.6	0	0.0	0.0792393026941363	0.0	6.0	0.0	0.0	0.0	0.0	0.0792393026941363
0	0.0	0.0	0	0.0	16.96	0	0.6944444444444444	0.0	0.0	0.0	0.0	0.0	0.0	0.0	0.0
0	0.0	0.0	28	0.1363636363636363	0.0	1	0.0	2.314814814814815	0.0	0.6	0.0	0.0	0.0	0.0	0.0
4	0.0	0.0	17	0.0103092783505154	16.07	0	0.0	0.034818941504178275	0.0	0.5	0.0	0.0	0.0	0.0	0.0
1	1.0	1.0	14	0.0	0.94	0	0.06211180124223602	0.0	0.0	0.5	0.0	0.0	0.0	0.0	0.0
3	0.0	0.0	17	0.0	15.94	0	0.0	0.018328445747800584	0.0	0.0	0.0	0.0	0.0	0.0	0.0
4	0.0	0.0	16	0.0232558139534883	16.17	0	0.0	0.020362451639177357	0.0	0.0	0.0	0.0	0.0	0.0	0.0
1	0.0	0.0	0	0.1384615384615384	16.63	0	0.0	0.1310615989515072	0.0	0.0	0.0	0.0	0.0	0.0	0.0
5	0.0	0.0	1	0.0	16.86	0	0.13513513513513511	0.0	0.0	2.0	0.0	0.0	0.0	0.0	0.0
4	0.0	0.0	54	0.0169491525423728	11.69	0	0.0	0.0341180484476288	0.0	0.0	0.0	0.0	0.0	0.0	0.0
0	0.0	0.0	36	0.0	14.31	0	0.0	0.034234851078397806	0.0	0.0	0.0	0.0	0.0	0.0	0.0
3	0.0	0.0	0	0.2696629213483146	16.51	0	0.0	0.11904761904761904	0.0	0.5	0.0	0.0	0.0	0.0	0.0
0	1.0	0.0	42	0.0	0.0	0	0.0	0.15384615384615385	0.0	0.0	0.0	0.0	0.0	0.0	0.07692307692307693
1	0.0	0.0	1	0.0	16.95	0	0.0	0.05934718100890207	0.0	0.0	0.0	0.0	0.0	0.0	0.0
0	0.0	0.0	18	0.0	0.0	0	0.0	1.0638297872340425	0.0	0.0	0.0	0.0	0.0	0.0	0.0
1	0.0	0.0	21	0.0	9.5	0	0.3846153846153846	0.0	0.0	0.25	0.0	0.0	0.0	0.0	0.0
1	0.0	0.0	0	0.0	10.0	0	0.0	0.06369426751592357	0.0	0.0	0.0	0.0	0.0	0.0	0.0
3	0.0	0.0	2	0.032258064516129	16.34	0	0.016361256544502618	0.0	0.0	0.0	0.0	0.0	0.0	0.0	0.0
4	0.0	0.0	28	0.1298076923076923	15.05	0	0.03424657534246575	0.0	0.0	0.0	0.0	0.0	0.0	0.0	0.0
0	0.0	0.0	27	0.0	0.0	0	0.3787878787878788	0.0	0.0	0.5	0.0	0.0	0.0	0.3787878787878788	0.0
3	0.0	0.0	74	0.0	9.98	0	0.04035512510088781	0.0	0.0	0.0	0.0	0.0	0.0	0.0	0.0
0	0.0	1.0	17	0.0	0.0	0	0.078003120124805	0.0	0.0	0.0	0.0	0.0	0.0	0.0	0.0
3	0.0	0.0	11	0.1586206896551724	17.04	0	0.0	0.021853146853146856	0.0	6.0	0.0	0.0	0.0	0.0	0.0
2	0.0	0.0	5	0.0	16.32	0	0.25252525252525254	0.0	0.0	0.0	0.0	0.0	0.0	0.0	0.0
0	0.0	0.0	30	0.0	0.0	0	0.22624434389140272	0.0	0.0	0.0	0.0	0.0	0.0	0.22624434389140272	0.0
5	0.0	0.0	28	0.0	16.2	0	0.0	0.0562957402889848	0.0	0.0	0.0	0.0	0.0	0.0	0.009382623381497467
1	0.0	0.0	0	0.0	10.5	0	0.0	0.16339869281045752	0.0	0.0	0.0	0.0	0.0	0.0	0.0
1	0.0	0.0	19	0.299492385786802	21.66	0	0.0	0.043859649122807015	0.0	0.0	0.0	0.0	0.0	0.0	0.0
2	0.0	0.0	0	0.0	8.22	0	0.045372050816696916	0.0	0.0	0.0	0.0	0.0	0.0	0.0	0.0
2	0.0	0.0	1	0.0	16.22	0	0.014731879787860933	0.0	0.0	0.0	0.0	0.0	0.0	0.0	0.0
4	0.0	0.0	23	0.075	15.78	0	0.031555695803092455	0.0	0.0	0.0	0.0	0.0	0.0	0.0	0.0
0	0.0	0.0	15	0.0	0.0	0	0.0	1.5625	0.0	0.0	0.0	0.0	0.0	0.0	0.0
1	0.0	0.0	20	0.0	16.41	0	0.0	0.10245901639344263	0.0	0.0	0.0	0.0	0.0	0.0	0.0
3	0.0	0.0	40	0.0	13.03	0	0.05868544600938967	0.0	0.0	0.0	0.0	0.0	0.0	0.05868544600938967	0.03455425017277125
0	0.0	0.0	22	0.2	0.0	0	0.7352941176470588	0.0	0.0	0.0	0.0	0.0	0.0	0.7352941176470588	0.0
1	1.0	0.0	18	0.0	13.0	0	0.0	0.04621072088724584	0.0	0.0	0.0	0.0	0.0	0.0	0.04621072088724584
4	1.0	1.0	0	0.0245398773006134	16.21	0	0.0	0.029205607476635514	0.0	0.0	0.0	0.0	0.0	0.0	0.0
2	0.0	0.0	13	0.0	11.67	0	0.35842293906810035	0.0	0.0	1.0	0.0	0.0	0.0	0.35842293906810035	0.0
1	1.0	0.0	2	0.0	18.0	0	0.0	0.07524454477050414	0.0	0.0	0.0	0.0	0.0	0.0	0.0
3	0.0	0.0	54	0.054054054054054	5.88	0	0.0	0.056818181818181816	0.0	0.0	0.0	0.0	0.0	0.0	0.0
5	0.0	0.0	45	0.0	15.29	0	0.02108370229812355	0.0	0.0	0.0	0.0	0.0	0.0	0.0	0.0
0	0.0	0.0	0	0.0	24.59	0	0.0	1.2096774193548387	0.0	0.0	0.0	0.0	0.0	0.0	0.0
0	0.0	0.0	42	0.0	0.0	0	0.0	0.4672897196261682	0.0	0.0	0.0	0.0	0.0	0.0	0.2336448598130841
1	0.0	0.0	16	0.0	9.5	0	0.30120481927710846	0.0	0.0	0.5	0.0	0.0	0.0	0.0	0.0
5	0.0	0.0	7	0.0	16.72	0	0.0	0.04784688995215311	0.0	0.0	0.0	0.0	0.0	0.0	0.0
3	0.0	0.0	43	0.0	12.73	0	0.0	0.06997900629811057	0.0	0.0	0.0	0.0	0.0	0.017053206002728513	0.0
1	0.0	0.0	0	0.0	9.5	0	0.0	0.4065040650406504	0.0	0.0	0.0	0.0	0.0	0.0	0.0
1	0.0	0.0	36	0.0	14.53	0	0.03987240829346093	0.0	0.0	0.0	0.0	0.0	0.0	0.0	0.0
3	0.0	0.0	28	0.0288461538461538	15.73	0	0.0663129973474801	0.0	0.0	0.16666666666666666	0.0	0.0	0.0	0.0	0.0
3	0.0	0.0	1	0.0	22.65	0	0.0	0.09930486593843098	0.0	0.0	0.0	0.0	0.0	0.0	0.0
2	0.0	0.0	22	0.0	11.26	0	0.0	0.10683760683760685	0.0	0.0	0.0	0.0	0.0	0.0	0.0
1	0.0	0.0	0	0.0	11.0	0	0.0	0.0	0.0	0.0	0.0	0.0	0.0	0.0	0.0
0	1.0	0.0	23	0.0512820512820512	0.0	1	0.8426966292134831	0.0	0.0	1.0	0.0	0.0	0.0	0.0	0.0
1	0.0	0.0	21	0.0	7.97	0	0.18656716417910446	0.0	0.0	0.0	0.0	0.0	0.0	0.0	0.0
1	0.0	0.0	0	0.0	12.56	0	0.0	0.0	0.0	0.0	0.0	0.0	0.0	0.0	0.0
0	1.0	0.0	14	0.0	0.0	0	0.0	0.046511627906976744	0.0	0.0	0.0	0.0	0.0	0.0	0.0
2	0.0	0.0	1	0.0	16.55	0	0.0	0.03641660597232338	0.0	0.0	0.0	0.0	0.0	0.0	0.0
3	0.0	0.0	44	0.0	14.71	0	0.09920634920634921	0.0	0.0	0.16666666666666666	0.0	0.0	0.0	0.0	0.0
1	0.0	0.0	1	0.0	16.1	0	0.03990422984836393	0.0	0.0	0.0	0.0	0.0	0.0	0.0	0.0
0	0.3333333333333333	0.5	40	0.0	43.57	0	0.0	0.06772773450728073	0.0	0.0	0.0	0.0	0.0	0.025773195876288662	0.0
2	0.0	0.0	26	0.0952380952380952	6.13	0	0.2898550724637681	0.0	0.0	0.0	0.0	0.0	0.0	0.2898550724637681	0.0
3	0.0	0.0	1	0.0153846153846153	16.74	0	0.0	0.08038585209003216	0.0	0.0	0.0	0.0	0.0	0.0	0.0
1	0.0	0.0	20	0.0	1.0	0	0.0	0.10384215991692626	0.0	0.0	0.0	0.0	0.0	0.0	0.10384215991692626
2	0.0	0.0	0	0.0	16.54	0	0.0	0.16501650165016502	0.0	0.5	0.0	0.0	0.0	0.0	0.0
6	0.0	0.0	10	0.1237785016286645	16.13	0	0.0	0.014142271248762552	0.0	1.5	0.0	0.0	0.0	0.0	0.0
2	0.0	0.0	19	0.1843971631205673	18.65	0	0.03475842891901286	0.0	0.0	0.5	0.0	0.0	0.0	0.0	0.0
3	0.0	0.0	45	0.0	15.45	0	0.0	0.012618296529968454	0.0	0.0	0.0	0.0	0.0	0.052029136316337155	0.0
1	0.0	0.5	66	0.0661157024793388	10.85	1	0.11668611435239207	0.8645533141210374	0.0	0.5882352941176471	0.0	0.0	0.0	0.058343057176196034	0.6628242074927954
5	0.0	0.0	44	0.0	12.52	0	0.0255885363357216	0.0	0.0	1.0	0.0	0.0	0.0	0.0255885363357216	0.03541076487252125
4	0.0	0.0	43	0.0711462450592885	15.67	0	0.0	0.07524454477050414	0.0	0.5	0.0	0.0	0.0	0.0	0.018811136192626036
3	1.0	0.0	2	0.0	14.35	0	0.0	0.06451612903225806	0.0	0.25	0.0	0.0	0.0	0.0	0.0
1	0.0	0.0	26	0.0	9.5	0	0.8333333333333334	0.0	0.0	0.0	0.0	0.0	0.0	0.0	0.0
6	0.0	0.0	6	0.1046511627906976	16.22	0	0.0	0.025106703489831787	0.0	0.0	0.0	0.0	0.0	0.0	0.0
3	0.0	0.0	0	0.0	16.63	0	0.02564102564102564	0.0	0.0	0.0	0.0	0.0	0.0	0.0	0.0
1	0.0	0.0	43	0.0	15.25	0	0.0	0.020475020475020474	0.0	0.0	0.0	0.0	0.0	0.0	0.0
1	0.0	1.0	47	0.1416666666666666	4.24	0	0.0	0.5263157894736842	0.0	0.0	0.0	0.0	0.0	0.0	0.5263157894736842
3	0.0	0.0	14	0.0344827586206896	8.57	0	1.0	0.0	0.0	0.0	0.0	0.0	0.0	0.0	0.0
1	0.0	0.0	20	0.0	9.4	0	0.0	0.30557677616501144	0.0	0.0	0.0	0.0	0.0	0.0	0.0
2	0.0	0.0	46	0.0	14.25	0	0.02969121140142518	0.0	0.0	0.0	0.0	0.0	0.0	0.01484560570071259	0.0
0	0.0	1.0	19	0.2702702702702703	0.0	0	0.17006802721088435	0.0	0.0	0.0	0.0	0.0	0.0	0.0	0.0
2	0.0	0.0	49	0.1578947368421052	16.21	0	0.0	0.13717421124828533	0.0	0.0	0.0	0.0	0.0	0.0	0.13717421124828533
3	0.0	0.0	1	0.0	17.01	0	0.0	0.10638297872340426	0.0	0.0	0.0	0.0	0.0	0.0	0.0
1	0.0	0.0	18	0.0058823529411764	15.82	0	0.023025558369790467	0.0	0.0	0.0	0.0	0.0	0.0	0.023025558369790467	0.0
2	0.0	0.0	48	0.0	1.03	1	0.6430868167202572	0.0	0.0	1.0625	0.0	0.0	0.0	0.0	0.16169601149838306
1	0.0	0.0	25	0.0	15.66	0	0.02254791431792559	0.0	0.0	0.0	0.0	0.0	0.0	0.0	0.0
6	0.0	0.0	54	0.0	10.05	0	0.06188118811881188	0.0	0.0	0.0	0.0	0.0	0.0	0.0	0.0
0	0.0	0.0	30	0.0	0.0	0	0.2695417789757412	0.0	0.0	0.0	0.0	0.0	0.0	0.0	0.0
1	0.0	0.0	23	0.0	10.73	0	0.09416195856873824	0.0	0.0	0.0	0.0	0.0	0.0	0.0	0.0
1	0.0	0.0	14	0.0	8.4	0	0.30120481927710846	0.0	0.0	0.0	0.0	0.0	0.0	0.0	0.0
5	0.0	0.0	19	0.0555555555555555	16.25	0	0.0	0.019091256204658267	0.0	0.0	0.0	0.0	0.0	0.0	0.0
10	0.0	0.0	46	0.0	15.29	0	0.0	0.00959140610013428	0.0	0.0	0.0	0.0	0.0	0.010212418300653595	0.0
2	0.0	0.0	17	0.0	8.18	0	0.0	1.0204081632653061	0.0	0.0	0.0	0.0	0.0	0.0	0.0
2	0.0	0.0	1	0.028037383177569996	16.82	0	0.0	0.018782870022539443	0.0	0.0	0.0	0.0	0.0	0.0	0.0
4	0.0	0.0	31	0.0086580086580086	14.8	0	0.0449034575662326	0.0	0.0	0.0	0.0	0.0	0.0	0.0	0.0
1	0.0	0.0	0	0.0	10.0	0	0.0	7.142857142857142	0.0	0.0	0.0	0.0	0.0	0.0	0.0
1	0.0	0.0	14	0.0	15.99	0	0.027404768429706766	0.0	0.0	0.0	0.0	0.0	0.0	0.0	0.0
0	0.0	0.0	40	0.0	0.0	0	0.0	1.1494252873563218	0.0	0.0	0.0	0.0	0.0	0.0	0.5747126436781609
2	0.0	0.0	14	0.1487603305785124	16.03	0	0.041701417848206836	0.0	0.0	0.0	0.0	0.0	0.0	0.0	0.0
0	0.0	0.0	18	0.0	0.0	0	0.0	0.07012622720897616	0.0	0.0	0.0	0.0	0.0	0.0	0.07012622720897616
7	0.0	0.0	38	0.0121212121212121	13.8	0	0.046061722708429294	0.0	0.0	0.0	0.0	0.0	0.0	0.046061722708429294	0.0
0	0.0	0.0	0	0.0273972602739726	16.46	0	0.0	0.07654037504783774	0.0	0.0	0.0	0.0	0.0	0.0	0.0
3	0.0	0.0	47	0.0	10.9	0	0.0463821892393321	0.0	0.0	0.0	0.0	0.0	0.0	0.0	0.0
1	0.0	0.0	53	0.0	6.79	0	0.20903010033444813	0.0	0.0	0.0	0.0	0.0	0.0	0.0	0.0
0	0.0	0.0	2	0.1679389312977099	16.51	0	0.03702332469455757	0.0	0.0	0.0	0.0	0.0	0.0	0.0	0.0
4	0.0	0.0	36	0.1146788990825688	14.82	0	0.02656042496679947	0.0	0.0	0.0	0.0	0.0	0.0	0.0	0.0
3	0.0	0.0	37	0.0	10.62	0	0.12383900928792571	0.0	0.0	0.0	0.0	0.0	0.0	0.0	0.0
2	0.0	0.0	49	0.0238095238095238	26.39	0	0.0	0.22801302931596093	0.0	0.14285714285714285	0.0	0.0	0.0	0.0	0.0
5	0.0	0.0	40	0.0	6.15	0	0.0	0.14662756598240467	0.0	0.0	0.0	0.0	0.0	0.0	0.0
2	0.0	0.0	23	0.0	15.01	0	0.0	0.058343057176196034	0.0	0.0	0.0	0.0	0.0	0.0	0.0
0	0.0	0.0	19	0.0	0.0	0	0.19569471624266144	0.0	0.0	0.0	0.0	0.0	0.0	0.0	0.0
3	0.0	0.0	0	0.0	18.25	0	0.0	0.32679738562091504	0.0	3.0	0.0	0.0	0.0	0.0	0.0
10	0.0	0.0	30	0.0	15.98	0	0.0	0.01760253476500616	0.0	0.0	0.0	0.0	0.0	0.0	0.00880126738250308
1	0.0	0.0	35	0.0	5.61	0	0.20746887966804978	0.0	0.0	0.0	0.0	0.0	0.0	0.0	0.0
2	0.0	0.0	5	0.0	12.25	0	0.0	0.09505703422053233	0.0	1.0	0.0	0.0	0.0	0.0	0.0
1	0.0	0.0	26	0.0	4.91	0	0.6097560975609756	0.0	0.0	0.5	0.0	0.0	0.0	0.0	0.0
0	0.0	0.0	18	0.0	0.0	0	0.038654812524159254	0.0	0.0	0.0	0.0	0.0	0.0	0.0	0.0
2	1.0	1.0	17	0.0	15.25	0	0.0	0.033489618218352314	0.0	0.0	0.0	0.0	0.0	0.0	0.0
1	0.0	0.0	2	0.0	16.18	0	0.13175230566534915	0.0	0.0	0.0	0.0	0.0	0.0	0.0	0.0
1	0.0	0.0	28	0.0	15.75	0	0.01815541031227306	0.0	0.0	0.0	0.0	0.0	0.0	0.0	0.0
0	0.0	0.0	14	0.0571428571428571	0.0	1	0.14662756598240467	0.9029345372460498	0.0	0.5384615384615384	0.0	0.0	0.0	0.0	0.0
1	0.0	0.0	39	0.0	0.43	1	0.0	1.4778325123152711	0.0	0.8333333333333334	0.0	0.0	0.0	0.0	0.0
0	0.0	0.0	0	0.0	16.55	0	0.0	0.2304147465437788	0.0	0.0	0.0	0.0	0.0	0.0	0.0
2	0.0	0.0	44	0.0	6.87	0	0.10845986984815617	0.0	0.0	0.0	0.0	0.0	0.0	0.0	0.0
2	0.0	0.0	0	0.0	16.52	0	0.0	0.07980845969672785	0.0	0.0	0.0	0.0	0.0	0.0	0.0
1	1.0	0.0	17	0.0	10.5	0	0.42016806722689076	0.0	0.0	0.5	0.0	0.0	0.0	0.0	0.0
0	0.0	0.0	37	0.0547945205479452	0.0	0	0.0	0.06644518272425248	0.0	0.0	0.0	0.0	0.0	0.0	0.03322259136212624
0	0.0	0.0	16	0.0	0.0	0	0.0998003992015968	0.0	0.0	0.0	0.0	0.0	0.0	0.0	0.0
6	0.0	0.0	43	0.0	10.86	0	0.0	0.04844961240310077	0.0	0.0	0.0	0.0	0.0	0.0	0.0
1	1.0	1.0	47	0.0	3.77	0	0.0	0.05837711617046118	0.0	0.0	0.0	0.0	0.0	0.0	0.02918855808523059
6	0.0	0.0	44	0.0	15.38	0	0.017652250661959402	0.0	0.0	0.0	0.0	0.0	0.0	0.0	0.0
1	0.0	0.0	16	0.1481481481481481	14.31	0	0.08103727714748785	0.0	0.0	0.5	0.0	0.0	0.0	0.0	0.0
0	0.0	0.0	2	0.5	0.0	0	0.0	0.44052863436123346	0.0	0.0	0.0	0.0	0.0	0.0	0.0
2	0.0	0.0	52	0.0	8.3	0	0.10615711252653928	0.0	0.0	0.0	0.0	0.0	0.0	0.05307855626326964	0.0
4	0.0	0.0	0	0.1923076923076923	16.47	0	0.0	0.2232142857142857	0.0	0.0	0.0	0.0	0.0	0.0	0.0
1	0.0	0.0	42	0.0	0.93	1	1.0	0.0	0.0	0.5	0.0	0.0	0.0	0.45454545454545453	0.17039922103213243
0	0.0	0.0	24	0.0	0.0	0	0.0	0.14124293785310735	0.0	0.0	0.0	0.0	0.0	0.0	0.14124293785310735
2	0.0	0.0	18	0.0425531914893617	11.89	0	0.11273957158962797	0.0	0.0	0.5	0.0	0.0	0.0	0.0	0.0
2	0.0	0.0	33	0.0	6.48	0	0.16835016835016833	0.0	0.0	0.0	0.0	0.0	0.0	0.0	0.0
1	0.0	0.0	18	0.0	12.94	0	0.11350737797956867	0.0	0.0	0.5	0.0	0.0	0.0	0.0	0.0
0	0.0	0.0	59	0.0	15.36	0	0.013313806417254694	0.0	0.0	0.0	0.0	0.0	0.0	0.0	0.0
1	0.0	0.0	28	0.0	5.43	0	1.2048192771084338	0.0	0.0	0.0	0.0	0.0	0.0	0.0	0.0
1	0.0	0.0	0	0.08	16.98	0	0.0	0.4587155963302752	0.0	0.0	0.0	0.0	0.0	0.0	0.0
0	0.0	0.0	1	0.054054054054054	18.02	0	0.02399232245681382	0.0	0.0	0.5	0.0	0.0	0.0	0.0	0.0
3	0.0	0.0	2	0.0	24.32	0	0.0	0.12987012987012986	0.0	0.5	0.0	0.0	0.0	0.0	0.0
4	0.0	0.0	39	0.0	15.25	0	0.024055809477988934	0.0	0.0	0.0	0.0	0.0	0.0	0.0	0.008999280057595392
5	0.0	0.0	31	0.0	11.65	0	0.08410428931875526	0.0	0.0	0.0	0.0	0.0	0.0	0.0	0.02849002849002849
1	0.0	0.0	21	0.0	11.8	0	0.0	0.7653061224489796	0.0	0.3333333333333333	0.0	0.0	0.0	0.0	0.25510204081632654
6	0.0	0.0	41	0.016	12.87	0	0.05649717514124294	0.0	0.0	0.0	0.0	0.0	0.0	0.0	0.017562346329469618
4	0.0	0.0	22	0.4054054054054054	16.2	0	0.0	0.01827151470856934	0.0	0.0	0.0	0.0	0.0	0.0	0.0
2	0.0	1.0	41	0.0	21.31	0	0.0	0.21645021645021645	0.0	1.0	0.0	0.0	0.0	0.0	0.0
0	0.0	0.0	38	0.0588235294117647	9.5	0	0.24630541871921185	0.0	0.0	1.0	0.0	0.0	0.0	0.0	0.0
1	0.0	0.0	36	0.0142857142857142	17.5	0	0.0	0.043898156277436345	0.0	0.0	0.0	0.0	0.0	0.0	0.0
4	0.0	0.0	67	0.0	13.65	0	0.0	0.3703703703703704	0.0	0.0	0.0	0.0	0.0	0.0	0.0
2	0.0	0.0	33	0.0	14.07	0	0.0	0.2976190476190476	0.0	0.0	0.0	0.0	0.0	0.0	0.1488095238095238
4	0.0	0.0	17	0.0	15.39	0	0.05227391531625719	0.0	0.0	0.0	0.0	0.0	0.0	0.05227391531625719	0.0
3	0.0	0.0	38	0.1967213114754098	15.67	0	0.018083182640144666	0.0	1.0	2.5	0.0	0.0	0.0	0.0	0.06084575600851841
0	0.0	0.0	17	0.0	0.0	0	0.0	0.1072961373390558	0.0	0.0	0.0	0.0	0.0	0.0	0.0
2	0.0	0.0	24	0.0476190476190476	9.46	0	0.0	0.25	0.0	1.0	0.0	0.0	0.0	0.0	0.125
0	0.0	0.0	18	0.0	0.0	1	2.6315789473684212	0.2976190476190476	0.0	1.0	0.0	0.0	0.0	0.0	0.0
1	0.0	0.0	37	0.2227979274611398	15.04	0	0.0	0.052521008403361345	0.0	0.0	0.0	0.0	0.0	0.0	0.0
0	0.0	0.0	30	0.0	15.39	0	0.0	0.01349527665317139	0.0	2.0	0.0	0.0	0.0	0.0	0.0
1	0.0	0.0	25	0.0070921985815602	15.95	0	0.022104332449160033	0.0	0.0	0.0	0.0	0.0	0.0	0.0	0.022722108611679163
0	0.0	0.0	19	0.1176470588235294	0.0	0	0.2635046113306983	0.0	0.0	0.0	0.0	0.0	0.0	0.06587615283267458	0.0
3	0.0	0.0	28	0.0	7.05	0	0.16778523489932887	0.0	0.0	0.5	0.0	0.0	0.0	0.0	0.0
3	0.0	0.0	38	0.0139372822299651	15.28	0	0.022426553038797935	0.0	0.0	0.5	0.0	0.0	0.0	0.0	0.0
2	0.0	0.0	1	0.0	16.25	0	0.0	0.036589828027808274	0.0	0.5	0.0	0.0	0.0	0.0	0.0
8	0.0	0.0	0	0.0229007633587786	16.36	0	0.025786487880350695	0.0	0.0	0.0	0.0	0.0	0.0	0.0	0.0
2	0.0	0.0	42	0.0	14.45	0	0.03430531732418525	0.012425447316103379	0.0	0.0	0.0	0.0	0.0	0.0	0.0
1	0.0	0.0	0	0.0	16.97	0	0.0	0.5338078291814946	0.0	0.16666666666666666	0.0	0.0	0.0	0.0	0.0
2	0.0	0.0	57	0.0	12.42	1	2.941176470588235	0.0	0.0	0.25	0.0	0.0	0.0	0.0	0.0
2	0.0	0.0	1	0.0	16.36	0	0.03290556103981573	0.0	0.0	0.0	0.0	0.0	0.0	0.0	0.0
4	0.0	0.0	50	0.0	13.37	0	0.04156275976724855	0.0	0.0	0.0	0.0	0.0	0.0	0.0	0.0
3	0.0	0.0	15	0.0	16.37	0	0.02328830926874709	0.0	0.0	0.0	0.0	0.0	0.0	0.0	0.0
1	0.0	0.0	1	0.0	16.25	0	0.07032348804500703	0.0	0.0	0.5	0.0	0.0	0.0	0.0	0.0
0	0.0	0.0	0	0.0	17.53	0	0.06915629322268325	0.0	0.0	2.0	0.0	0.0	0.0	0.0	0.0
3	0.0	0.0	39	0.0	12.54	0	0.02774694783573807	0.0	0.0	0.0	0.0	0.0	0.0	0.0	0.0
0	1.0	0.0	29	0.0	0.0	0	0.0	0.15723270440251574	0.0	0.0	0.0	0.0	0.0	0.0	0.0
2	0.0	0.0	30	0.25	15.29	0	0.030902348578491966	0.0	0.0	0.0	0.0	0.0	0.0	0.015451174289245983	0.0
6	0.0	0.0	34	0.0	17.52	0	0.026511134676564158	0.0	0.0	26.5	0.0	0.0	0.0	0.0	0.0
5	0.0	0.0	0	0.0	16.68	0	0.0	0.022532672374943667	0.0	0.0	0.0	0.0	0.0	0.0	0.0
2	0.0	0.0	1	0.0151515151515151	16.17	0	0.04748338081671415	0.0	0.0	0.0	0.0	0.0	0.0	0.0	0.0
3	0.0	0.0	40	0.0	10.42	0	0.06067961165048544	0.0	0.0	0.5	0.0	0.0	0.0	0.06067961165048544	0.0
0	0.0	1.0	21	0.0	0.0	0	0.3731343283582089	0.0	0.0	0.0	0.0	0.0	0.0	0.0	0.0
1	1.0	0.0	31	0.0	21.59	1	1.0731052984574112	0.12702445220704986	0.0	0.3	0.0	0.0	0.0	0.0	0.12702445220704986
1	0.0	0.0	0	0.0	16.06	0	0.0	0.6289308176100629	0.0	0.0	0.0	0.0	0.0	0.0	0.0
4	0.0	0.0	17	0.0	15.95	0	0.03141690229343387	0.0	0.0	0.5	0.0	0.0	0.0	0.0	0.0
4	0.0	0.0	69	0.0	5.92	0	0.0	0.0966183574879227	0.0	0.0	0.0	0.0	0.0	0.0	0.0
3	1.0	0.0	0	0.0	15.5	0	0.0	0.26490066225165565	0.0	0.0	0.0	0.0	0.0	0.0	0.0
0	0.0	0.0	42	0.0	14.64	0	0.0	0.044365572315882874	0.0	0.0	0.0	0.0	0.0	0.0	0.0
1	0.0	0.0	0	0.0	16.46	0	0.0	0.32679738562091504	0.0	0.5	0.0	0.0	0.0	0.0	0.0
2	0.0	0.0	0	0.0086206896551724	11.53	0	0.0	0.023304591004427874	0.0	0.0	0.0	0.0	0.0	0.0	0.0
1	0.0	0.0	0	0.0	9.5	0	0.0	0.3105590062111801	0.0	0.0	0.0	0.0	0.0	0.0	0.0
5	0.0	0.0	47	0.0267857142857142	14.56	0	0.0	0.02239140170174653	0.0	0.0	0.0	0.0	0.0	0.014766686355581808	0.02239140170174653
0	0.0	0.0	0	0.2142857142857142	17.28	0	0.0	1.7857142857142856	0.0	0.0	0.0	0.0	0.0	0.0	0.0
2	0.0	0.0	0	0.0	16.34	0	0.06313131313131314	0.0	0.0	0.0	0.0	0.0	0.0	0.0	0.0
4	0.0	0.0	22	0.0	16.19	0	0.0	0.03450655624568668	0.0	0.0	0.0	0.0	0.0	0.019508388607101055	0.03450655624568668
2	1.0	0.0	51	0.0	7.93	0	0.12987012987012986	0.0	0.0	0.0	0.0	0.0	0.0	0.0	0.1126126126126126
1	0.0	0.0	27	0.0	9.5	0	0.10822510822510822	0.0	0.0	0.0	0.0	0.0	0.0	0.0	0.0
3	0.0	0.0	59	0.2222222222222222	6.54	0	0.10121457489878542	0.0	0.0	0.0	0.0	0.0	0.0	0.0	0.0
1	0.0	0.0	23	0.0909090909090909	9.5	0	0.1002004008016032	0.0	0.0	0.5	0.0	0.0	0.0	0.0	0.0
4	0.0	0.0	0	0.0093896713615023	16.25	0	0.0	0.02879355024474518	0.0	0.5	0.0	0.0	0.0	0.0	0.0
2	0.0	0.0	36	0.0	15.63	0	0.0	0.03221649484536083	0.0	0.0	0.0	0.0	0.0	0.0	0.0
2	0.0	0.0	2	0.5652173913043478	17.14	0	0.0	0.2849002849002849	0.0	1.0	0.0	0.0	0.0	0.0	0.0
2	0.0	0.0	55	0.0	7.64	0	0.0	0.0792393026941363	0.0	1.0	0.0	0.0	0.0	0.0	0.0
3	0.0	0.5	50	0.0	11.76	0	0.050761421319796954	0.0	0.0	0.5	0.0	0.0	0.0	0.0	0.0
2	0.0	0.0	17	0.0	7.41	0	0.08298755186721991	0.0	0.0	0.0	0.0	0.0	0.0	0.0	0.0
3	0.0	0.0	34	0.0	15.59	0	0.0	0.028058361391694726	0.0	0.0	0.0	0.0	0.0	0.0	0.028058361391694726
1	0.0	0.0	0	0.0	17.17	0	0.0	0.23809523809523808	0.0	0.0	0.0	0.0	0.0	0.0	0.0
0	0.0	0.0	18	0.0	0.0	0	0.0	10.0	0.0	0.0	0.0	0.0	0.0	0.0	0.0
1	0.0	0.0	22	0.0520833333333333	16.01	0	0.0	0.0425531914893617	0.0	0.0	0.0	0.0	0.0	0.0	0.0
1	0.0	0.0	0	0.1224489795918367	17.37	0	0.0	0.7766990291262136	0.0	0.0	0.0	0.0	0.0	0.0	0.0
3	0.0	0.0	44	0.0	15.68	0	0.0	0.02627430373095113	0.0	0.5	0.0	0.0	0.0	0.0	0.0
2	0.0	0.0	18	0.0	15.93	0	0.019073049780659927	0.0	0.0	0.0	0.0	0.0	0.0	0.0	0.0
4	0.0	0.0	49	0.0	15.17	0	0.0	0.04627487274409996	0.0	0.0	0.0	0.0	0.0	0.008785802143735724	0.0
0	0.0	0.0	19	0.0	0.0	0	0.0	0.15673981191222572	0.0	0.0	0.0	0.0	0.0	0.0	0.15673981191222572
2	0.0	0.0	34	0.0	11.3	0	0.08650519031141868	0.0	0.0	0.0	0.0	0.0	0.0	0.08650519031141868	0.0
3	0.0	0.0	37	0.0	15.54	0	0.019098548510313215	0.0	0.0	0.0	0.0	0.0	0.0	0.0	0.006256256256256256
1	0.0	0.0	0	0.0	11.79	0	0.2610966057441253	0.0	0.0	0.5	0.0	0.0	0.0	0.0	0.0
3	0.0	0.0	0	0.0	17.12	0	0.0	0.20491803278688525	0.0	0.0	0.0	0.0	0.0	0.0	0.0
1	1.0	1.0	1	0.1764705882352941	8.01	0	0.0	0.05485463521667581	0.0	0.0	0.0	0.0	0.0	0.0	0.0
1	0.0	0.0	20	0.0	13.87	0	0.08873114463176575	0.0	0.0	0.5	0.0	0.0	0.0	0.0	0.0
0	0.0	0.0	25	0.0	28.34	0	0.0	0.5602240896358543	0.0	0.0	0.0	0.0	0.0	0.0	0.0
3	0.0	0.0	24	0.0	6.36	0	0.0	0.07874015748031496	0.0	0.0	0.0	0.0	0.0	0.0	0.0
0	0.0	0.0	19	0.0	0.0	0	0.0	0.42016806722689076	0.0	0.0	0.0	0.0	0.0	0.0	0.0
2	0.0	0.0	23	0.024390243902439	12.95	0	0.11061946902654868	0.0	0.0	0.0	0.0	0.0	0.0	0.0	0.03004807692307692
0	0.0	0.0	36	0.0	0.0	0	0.3731343283582089	0.0	0.0	0.0	0.0	0.0	0.0	0.0	0.0
2	0.0	0.0	8	0.25	16.04	0	0.05963029218843172	0.0	0.0	1.0	0.0	0.0	0.0	0.0	0.0
5	0.0	0.0	35	0.0	15.58	0	0.021399529210357374	0.0	0.0	0.0	0.0	0.0	0.0	0.0	0.0
1	0.0	0.0	0	0.0	16.94	0	0.0	0.09784735812133072	0.0	1.0	0.0	0.0	0.0	0.0	0.0
1	0.0	0.0	0	0.0	10.0	0	0.0	0.11547344110854503	0.0	0.0	0.0	0.0	0.0	0.0	0.0
2	0.0	0.0	37	0.0	14.23	0	0.0	0.0522466039707419	0.0	0.0	0.0	0.0	0.0	0.0	0.02612330198537095
0	0.0	0.0	22	0.0	0.0	0	0.18181818181818182	0.0	0.0	0.0	0.0	0.0	0.0	0.0	0.0
3	0.0	0.0	0	0.0175438596491228	16.67	0	0.0	0.5099439061703213	0.0	0.0	0.0	0.0	0.0	0.0	0.0
8	0.0	0.0	39	0.0117647058823529	14.91	0	0.024521824423737126	0.0	0.0	0.5	0.0	0.0	0.0	0.0	0.0
3	0.0	0.0	47	0.0	14.88	0	0.0	0.028097780275358242	0.0	0.0	0.0	0.0	0.0	0.0	0.0
3	0.0	0.0	0	0.0	16.31	0	0.0	0.012823800974608873	0.0	0.0	0.0	0.0	0.0	0.0	0.0
0	0.0	0.0	23	0.0835913312693498	16.44	0	0.0	0.021473051320592657	0.0	0.5	0.0	0.0	0.0	0.0	0.0
1	0.0	0.0	43	0.0	7.41	0	0.0608272506082725	0.0	0.0	0.0	0.0	0.0	0.0	0.0608272506082725	0.0
3	0.0	0.0	28	0.0263157894736842	14.73	0	0.0	0.04873294346978558	0.0	0.0	0.0	0.0	0.0	0.0	0.0
1	0.0	0.0	31	0.0416666666666666	8.22	0	0.09633911368015413	0.0	0.0	0.5	0.0	0.0	0.0	0.0	0.0
2	0.0	0.0	17	0.0	8.59	0	0.1557632398753894	0.0	0.0	0.0	0.0	0.0	0.0	0.0	0.0
2	0.0	0.0	34	0.0	15.41	0	0.02560163850486431	0.0	0.0	0.0	0.0	0.0	0.0	0.0	0.0
0	0.0	0.0	0	0.0	16.72	0	0.0	0.14749262536873156	0.0	0.0	0.0	0.0	0.0	0.0	0.0
2	0.0	0.0	0	0.0	11.22	0	0.03620564808110065	0.0	0.0	0.0	0.0	0.0	0.0	0.0	0.0
4	0.0	0.0	36	0.0	15.57	0	0.022878059940517045	0.0	0.0	1.0	0.0	0.0	0.0	0.011439029970258523	0.03293807641633729
1	0.0	0.0	52	0.0	6.13	0	0.0	0.7407407407407407	0.0	0.5	0.0	0.0	0.0	0.0	0.7407407407407407
0	0.0	0.0	16	0.0	0.0	0	0.10141987829614606	0.0	0.0	0.0	0.0	0.0	0.0	0.10141987829614606	0.0
0	0.0	0.0	6	0.0	6.99	1	1.7857142857142856	0.0	0.0	1.0	0.0	0.0	0.0	0.0	0.0
1	0.0	0.0	33	0.1111111111111111	1.89	0	0.30864197530864196	0.0	0.0	0.0	0.0	0.0	0.0	0.0	0.0
3	0.0	0.0	46	0.0	22.81	0	0.0	0.7194244604316548	0.0	0.5	0.0	0.0	0.0	0.0	0.3597122302158274
1	0.0	0.0	22	0.0	9.5	0	50.0	0.0	0.0	0.0	0.0	0.0	0.0	0.0	0.0
0	1.0	0.0	26	0.0256410256410256	0.0	0	0.0	0.05730659025787966	0.0	0.0	0.0	0.0	0.0	0.0	0.05730659025787966
20	0.0	0.0	10	0.00836820083682	16.33	0	0.0	0.011022927689594356	0.0	5.0	0.0	0.0	0.0	0.0	0.0
4	0.0	0.0	33	0.0	15.3	0	0.054010261949770454	0.0	0.0	0.0	0.0	0.0	0.0	0.013502565487442613	0.0
0	0.0	0.0	21	0.0	0.0	0	0.20242914979757085	0.0	0.0	0.0	0.0	0.0	0.0	0.0	0.0
1	0.0	0.0	0	0.0	17.34	0	0.0	0.4807692307692307	0.0	0.0	0.0	0.0	0.0	0.0	0.0
1	0.0	0.0	31	0.0	6.0	0	0.4065040650406504	0.0	0.0	0.0	0.0	0.0	0.0	0.2032520325203252	0.0
1	0.0	0.0	0	0.0	10.0	0	0.0	0.16233766233766234	0.0	0.5	0.0	0.0	0.0	0.0	0.0
1	0.0	0.0	19	0.2352941176470588	6.35	0	0.11682242990654206	0.0	0.0	1.0	0.0	0.0	0.0	0.0	0.0
0	0.0	0.0	45	0.0105820105820105	14.18	1	0.11729222520107238	0.36363636363636365	0.0	0.6	0.0	0.0	0.0	0.08378016085790885	0.020202020202020204
1	1.0	0.0	0	0.0	14.5	0	0.0	0.044543429844097995	0.0	1.0	0.0	0.0	0.0	0.0	0.0
1	0.0	0.0	19	0.0	5.08	0	1.8867924528301885	0.0	0.0	0.0	0.0	0.0	0.0	0.0	0.0
4	0.0	0.0	36	0.0266666666666666	15.33	0	0.0	0.06489292667099286	0.0	1.5	0.0	0.0	0.0	0.0	0.0
4	0.0	0.0	44	0.0	12.38	0	0.0	0.04338394793926247	0.0	1.0	0.0	0.0	0.0	0.0	0.0
2	0.0	0.0	28	0.0	16.32	0	0.0	0.015586034912718205	0.0	0.0	0.0	0.0	0.0	0.005592215635834918	0.015586034912718205
1	0.0	0.0	1	0.0	16.0	0	0.027144408251900107	0.0	0.0	0.0	0.0	0.0	0.0	0.0	0.0
5	0.0	0.0	34	0.16	16.5	0	0.05927682276229994	0.0	0.0	4.0	0.0	0.0	0.0	0.009879470460383323	0.0
1	0.0	0.0	0	0.125	17.32	0	0.0	1.3513513513513513	0.0	0.0	0.0	0.0	0.0	0.0	0.0
2	0.0	0.0	44	0.0	15.5	0	0.01783803068141277	0.0	0.0	0.5	0.0	0.0	0.0	0.0	0.0
3	0.0	0.0	2	0.1538461538461538	17.27	0	0.0	1.574803149606299	0.0	0.6666666666666666	0.0	0.0	0.0	0.0	0.0
2	0.0	0.0	0	0.0	16.79	0	0.0	0.17605633802816903	0.0	0.0	0.0	0.0	0.0	0.0	0.0
0	0.0	0.0	33	0.0	0.0	0	0.0	3.3333333333333335	0.0	0.0	0.0	0.0	0.0	0.0	3.3333333333333335
3	0.0	0.3333333333333333	46	0.0	4.36	0	0.0	0.03056234718826406	0.0	0.0	0.0	0.0	0.0	0.0	0.0
3	0.0	0.0	35	0.0	14.29	0	0.0	0.04646840148698885	0.0	0.0	0.0	0.0	0.0	0.0	0.04646840148698885
1	0.0	0.0	45	0.0	15.54	0	0.024813895781637715	0.0	0.0	0.0	0.0	0.0	0.0	0.0	0.018982536066818528
1	0.0	0.0	0	0.1486486486486486	16.19	0	0.04019292604501608	0.0	0.0	0.0	0.0	0.0	0.0	0.0	0.0
2	0.0	0.0	0	0.0	16.43	0	0.0	0.10121457489878542	0.0	0.5	0.0	0.0	0.0	0.0	0.0
2	0.0	0.0	79	0.0333333333333333	15.92	0	0.0	0.3488372093023256	0.0	0.0	0.0	0.0	0.0	0.0	0.0
1	0.0	0.0	6	0.0	14.69	0	0.16722408026755853	0.0	0.0	1.0	0.0	0.0	0.0	0.0	0.0
1	0.0	1.0	25	0.048780487804878	11.38	1	0.5208333333333333	0.48192771084337344	0.2	0.7333333333333333	0.0	0.04734848484848485	0.0	0.0	0.24096385542168672
2	0.0	0.0	33	0.0	19.75	0	0.025906735751295335	0.0	0.0	0.0	0.0	0.0	0.0	0.0	0.0
3	0.0	0.0	59	0.0103092783505154	12.82	0	0.03443526170798898	0.0	0.0	0.0	0.0	0.0	0.0	0.0	0.0
2	0.0	0.0	22	0.0198675496688741	16.3	0	0.0	0.017373175816539264	0.0	0.0	0.0	0.0	0.0	0.0	0.017373175816539264
3	0.0	0.0	22	0.0	8.5	0	0.2222222222222222	0.0	0.0	0.0	0.0	0.0	0.0	0.0	0.0
0	0.0	0.0	41	0.3333333333333333	4.79	1	0.0	1.3888888888888888	0.5	1.0	0.0	0.0	0.0	0.0	1.3888888888888888
1	0.0	0.0	0	0.0304878048780487	17.09	0	0.0	0.025303643724696356	0.0	1.0	0.0	0.0	0.0	0.0	0.0
0	0.0	0.0	46	0.08	0.0	1	3.278688524590164	0.0	0.0	0.25	0.0	0.0	0.0	0.4098360655737705	0.0
4	0.0	0.0	4	0.0983606557377049	16.58	0	0.0	0.2604166666666667	0.0	0.25	0.0	0.0	0.0	0.0	0.0
4	0.0	0.0	23	0.0	15.65	0	0.3546099290780142	0.0	0.0	0.0	0.0	0.0	0.0	0.0	0.0
0	0.0	0.0	28	0.0	0.0	1	12.5	0.0	0.0	1.0	0.0	0.0	0.0	9.375	0.0
7	0.0	1.0	2	0.0590717299578059	33.96	0	0.0	0.23898941618299763	0.0	0.14285714285714285	0.0	0.0	0.0	0.0	0.0
7	0.0	0.0	32	0.0	15.38	0	0.0	0.025188916876574305	0.0	0.0	0.0	0.0	0.0	0.0	0.025188916876574305
1	0.0	0.0	1	0.0	22.5	0	0.11235955056179775	0.0	0.0	0.0	0.0	0.0	0.0	0.0	0.0
3	0.0	0.0	29	0.0	14.96	0	0.0	0.02753303964757709	0.0	0.0	0.0	0.0	0.0	0.0	0.0
4	0.0	0.0	17	0.0	16.18	0	0.02598752598752599	0.0	0.0	0.0	0.0	0.0	0.0	0.0	0.0
1	0.0	0.0	0	0.0	9.5	0	0.0	0.18867924528301888	0.0	0.0	0.0	0.0	0.0	0.0	0.0
0	0.0	0.0	19	0.0	0.0	0	0.0	0.24390243902439027	0.0	0.5	0.0	0.0	0.0	0.0	0.0
1	0.0	0.0	20	0.0	0.47	0	0.056338028169014086	0.0	0.0	0.0	0.0	0.0	0.0	0.0	0.0
2	0.0	0.0	20	0.1666666666666666	9.2	0	0.0	0.3676470588235294	0.0	0.0	0.0	0.0	0.0	0.0	0.3676470588235294
2	0.0	0.0	1	0.0555555555555555	22.37	0	0.267379679144385	0.0	0.0	0.5	0.0	0.0	0.0	0.0	0.0
2	0.0	0.0	36	0.0	9.73	0	0.0	0.07122507122507123	0.0	0.0	0.0	0.0	0.0	0.0	0.0
6	0.0	0.0	56	0.0	14.63	0	0.024021138601969732	0.0	0.0	0.0	0.0	0.0	0.0	0.012010569300984866	0.00998801438274071
8	0.0	0.0	61	0.0079681274900398	14.42	0	0.0	0.023501762632197415	0.0	0.0	0.0	0.0	0.0	0.0	0.011750881316098707
3	0.0	0.0	0	0.0	16.84	0	0.0	0.09606147934678194	0.0	0.0	0.0	0.0	0.0	0.0	0.0
5	0.0	0.0	40	0.0	15.8	0	0.0	0.011690437222352116	0.0	1.0	0.0	0.0	0.0	0.0	0.0
6	0.0	0.0	0	0.0	16.71	0	0.0	0.025252525252525252	0.0	0.0	0.0	0.0	0.0	0.0	0.0
2	0.0	0.0	0	0.0	16.61	0	0.0	0.03026634382566586	0.0	0.0	0.0	0.0	0.0	0.0	0.0
2	1.0	0.3333333333333333	7	0.0421052631578947	37.25	0	0.0	0.315955766192733	0.0	0.0	0.0	0.0	0.0	0.0	0.0
3	0.0	0.0	1	0.0	27.31	0	0.19157088122605365	0.0	0.0	0.0	0.0	0.0	0.0	0.0	0.0
0	0.0	0.0	18	0.0	0.0	0	1.1904761904761905	0.0	0.0	0.0	0.0	0.0	0.0	0.0	0.0
9	0.0	0.0	40	0.0408163265306122	15.43	0	0.0	0.023820867079561697	0.0	0.0	0.0	0.0	0.0	0.0	0.0
0	0.0	0.0	19	0.0	0.0	0	0.08257638315441784	0.12919896640826872	0.0	0.0	0.0	0.0	0.0	0.08257638315441784	0.0
0	0.0	0.0	10	0.05	27.07	1	0.0	3.1645569620253164	0.0	1.2	0.0	0.0	0.0	0.0	0.0
4	1.0	1.0	40	0.0	28.33	0	0.058122638767800064	0.0	0.0	0.0	0.0	0.0	0.0	0.014530659691950016	0.0
1	0.0	0.0	35	0.0	15.49	0	0.0	0.016249593760155997	0.0	0.0	0.0	0.0	0.0	0.02059732234809475	0.0
1	0.0	0.0	6	0.0	15.27	0	0.2040816326530612	0.0	0.0	1.5	0.0	0.0	0.0	0.0	0.0
5	0.0	0.0	42	0.0098039215686274	16.17	0	0.02344116268166901	0.0	0.0	0.0	0.0	0.0	0.0	0.0	0.013908205841446452
5	0.0	0.0	23	0.0	5.97	0	0.0	0.5617977528089888	0.0	0.0	0.0	0.0	0.0	0.0	0.0
0	0.0	0.0	14	0.14457831325301201	15.79	0	0.0	0.036845983787767135	0.0	0.0	0.0	0.0	0.0	0.0	0.0
2	0.0	0.0	39	0.1458333333333333	14.13	0	0.03770739064856712	0.0	0.0	0.0	0.0	0.0	0.0	0.05656108597285068	0.0
2	0.0	0.0	17	0.0	16.34	0	0.10706638115631692	0.0	0.0	0.0	0.0	0.0	0.0	0.0	0.0
2	0.0	0.0	24	0.0	15.54	0	0.01675603217158177	0.0	0.0	0.0	0.0	0.0	0.0	0.03351206434316354	0.0
0	0.0	0.0	17	0.0	0.0	0	0.0	1.5625	0.0	0.0	0.0	0.0	0.0	0.0	0.0
5	0.0	0.0	15	0.0	16.86	0	0.0	0.32397408207343414	0.0	0.16666666666666666	0.0	0.0	0.0	0.0	0.0
1	0.0	1.0	0	0.0	11.0	0	0.03710575139146568	0.0	0.0	0.0	0.0	0.0	0.0	0.0	0.0
0	0.0	0.0	0	0.0	16.41	0	0.049164208456243856	0.0	0.0	2.0	0.0	0.0	0.0	0.0	0.0
1	0.0	0.0	2	0.0	16.12	0	0.02945508100147275	0.0	0.0	0.0	0.0	0.0	0.0	0.0	0.0
5	0.0	0.0	30	0.0	10.77	0	0.0	0.08123476848090982	0.0	0.0	0.0	0.0	0.0	0.0	0.04061738424045491
2	0.0	0.0	36	0.0	13.07	0	0.0	0.10834236186348863	0.0	0.5	0.0	0.0	0.0	0.0	0.0
2	0.0	0.0	1	0.0	17.88	0	0.0	0.09041591320072333	0.0	2.5	0.0	0.0	0.0	0.0	0.0
3	0.0	0.0	37	0.2875	6.23	0	0.0	0.3194888178913738	0.0	0.0	0.0	0.0	0.0	0.0	0.07987220447284345
2	0.0	0.0	17	0.0	22.4	0	0.0	0.07936507936507936	0.0	0.0	0.0	0.0	0.0	0.0	0.0
1	0.0	0.0	0	0.0343347639484978	16.82	0	0.0	0.018477457501847747	0.0	6.0	0.0	0.0	0.0	0.0	0.0
0	0.0	0.0	29	0.0	6.19	0	0.3048780487804878	0.0	0.0	0.0	0.0	0.0	0.0	0.1524390243902439	0.0
0	0.0	0.0	39	0.0	14.62	0	0.03571428571428571	0.0	0.0	0.0	0.0	0.0	0.0	0.017857142857142856	0.0
1	0.0	0.0	0	0.0	16.44	0	0.0	0.12254901960784313	0.0	0.5	0.0	0.0	0.0	0.0	0.0
1	0.0	0.0	0	0.0	17.17	0	0.0	0.4385964912280702	0.0	0.5	0.0	0.0	0.0	0.0	0.0
1	0.0	0.0	1	0.0833333333333333	16.73	0	0.0	0.11547344110854503	0.0	0.0	0.0	0.0	0.0	0.0	0.0
2	0.0	0.0	33	0.0	15.69	0	0.02064409578860446	0.0	0.0	0.0	0.0	0.0	0.0	0.0	0.0
0	0.0	0.0	2	0.0	16.59	0	0.019305019305019305	0.0	0.0	0.0	0.0	0.0	0.0	0.0	0.0
1	0.0	0.0	20	0.1538461538461538	5.46	0	0.0	0.7246376811594204	0.0	0.0	0.0	0.0	0.0	0.0	0.0
0	0.0	0.0	41	0.0	0.0	0	0.0	0.4048582995951417	0.0	0.5	0.0	0.0	0.0	0.0	0.20242914979757085
0	0.0	0.0	23	0.0	0.0	1	5.0	0.0	0.0	1.0	0.0	0.0	0.0	2.5	0.0
2	0.0	0.0	5	0.0	14.69	0	0.136986301369863	0.0	0.0	2.0	0.0	0.0	0.0	0.0	0.0
2	0.0	0.0	31	0.0	13.52	0	0.0	0.06353240152477764	0.0	0.0	0.0	0.0	0.0	0.0	0.0
0	0.0	0.0	14	0.0	0.0	1	1.1904761904761905	0.7142857142857143	0.0	0.5	0.0	0.0	0.0	1.1904761904761905	0.0
6	0.0	0.0	17	0.1391752577319587	16.25	0	0.0	0.0408997955010225	0.0	0.0	0.0	0.0	0.0	0.0	0.0
0	0.0	0.0	41	0.0	0.0	0	1.0416666666666667	0.0	0.0	0.0	0.0	0.0	0.0	0.0	0.0
2	1.0	0.5	0	0.0	53.35	0	0.0	0.08507018290089323	0.0	0.25	0.0	0.0	0.0	0.0	0.0
0	0.0	0.0	40	0.0	14.99	0	0.01349527665317139	0.0	0.0	0.0	0.0	0.0	0.0	0.0	0.0
1	0.0	0.0	0	0.028169014084507005	16.43	0	0.0	0.045433893684688774	0.0	0.0	0.0	0.0	0.0	0.0	0.0
0	0.0	0.0	19	0.2	0.0	1	1.3888888888888888	0.2232142857142857	0.0	0.5	0.0	0.0	0.0	1.3888888888888888	0.2232142857142857
2	1.0	1.0	33	0.0	29.57	0	0.03210272873194222	0.0	0.0	0.0	0.0	0.0	0.0	0.01605136436597111	0.0
1	0.0	0.0	17	0.1363636363636363	11.86	0	0.0	0.12077294685990339	0.0	0.0	0.0	0.0	0.0	0.0	0.0
2	0.0	0.0	30	0.0333333333333333	10.02	0	0.08849557522123894	0.0	0.0	1.0	0.0	0.0	0.0	0.0	0.0
2	0.0	0.0	20	0.4814814814814814	7.79	0	0.23255813953488372	0.0	0.0	0.0	0.0	0.0	0.0	0.0	0.0
5	0.0	0.0	34	0.0	16.24	0	0.0	0.03210272873194222	0.0	0.0	0.0	0.0	0.0	0.006715916722632639	0.0
1	0.0	0.0	0	0.1	16.84	0	0.0	0.18214936247723132	0.0	0.0	0.0	0.0	0.0	0.0	0.0
1	0.0	0.0	0	0.0	17.46	0	0.0	0.970873786407767	0.0	0.5	0.0	0.0	0.0	0.0	0.0
1	0.0	0.0	1	0.4505494505494505	17.21	0	0.0	0.15174506828528073	0.0	1.0	0.0	0.0	0.0	0.0	0.0
1	0.0	0.0	16	0.0	10.0	0	2.380952380952381	0.0	0.0	0.0	0.0	0.0	0.0	0.0	0.0
0	0.0	0.0	0	0.0	16.67	0	0.0	0.04892367906066536	0.0	0.5	0.0	0.0	0.0	0.0	0.0
2	0.0	0.0	25	0.0	15.75	0	0.0	0.041911148365465216	0.0	0.0	0.0	0.0	0.0	0.0	0.0
0	0.0	0.0	16	0.0	0.0	0	0.0749063670411985	0.0	0.0	0.0	0.0	0.0	0.0	0.0	0.0
0	0.0	0.0	31	0.2065217391304347	0.0	0	0.0	0.07396449704142012	0.0	0.0	0.0	0.0	0.0	0.0	0.07396449704142012
0	1.0	0.0	23	0.0	0.0	0	0.0	0.20833333333333334	0.0	0.0	0.0	0.0	0.0	0.0	0.0
1	0.0	0.0	19	0.1777777777777777	20.74	0	0.05003752814610958	0.0	0.0	1.0	0.0	0.0	0.0	0.0	0.0
1	0.0	0.0	25	0.0	7.79	0	1.25	0.0	0.0	1.1666666666666667	0.0	0.0	0.0	0.0	0.0
0	0.0	0.5	33	0.0	0.0	0	0.02174858634188778	0.0	0.0	1.0	0.0	0.0	0.0	0.0	0.0
1	0.0	0.0	0	0.0099009900990099	16.78	0	0.0	0.031220730565095223	0.0	0.0	0.0	0.0	0.0	0.0	0.0
2	0.0	0.0	16	0.0	10.5	0	0.04355400696864111	0.0	0.0	0.0	0.0	0.0	0.0	0.0	0.0
1	1.0	0.0	46	0.1452991452991453	60.23	1	0.0710732054015636	1.4285714285714286	0.0	0.7727272727272727	0.0	0.0	0.0	0.0	0.0
1	0.0	0.0	33	0.0	8.37	0	0.0	0.09940357852882703	0.0	0.0	0.0	0.0	0.0	0.0	0.049701789264413515
0	0.0	0.0	24	0.2259887005649717	15.6	0	0.08090614886731393	0.0	0.0	2.0	0.0	0.0	0.0	0.12135922330097088	0.0
4	1.0	0.0	42	0.171875	21.2	0	0.050188205771643665	0.0	0.0	0.0	0.0	0.0	0.0	0.0	0.0
1	1.0	1.0	29	0.0914285714285714	20.74	0	0.023685457129322598	0.03995205753096284	0.0	0.0	0.0	0.0	0.0	0.0	0.0
3	0.0	0.0	44	0.0825242718446602	14.74	0	0.0	0.03378378378378378	0.0	0.0	0.0	0.0	0.0	0.011246063877642825	0.0
2	0.0	0.0	33	0.0	15.51	0	0.0	0.014819205690574985	0.0	0.0	0.0	0.0	0.0	0.0	0.014819205690574985
1	0.0	0.0	2	0.0079365079365079	16.17	0	0.02960331557134399	0.0	0.0	0.0	0.0	0.0	0.0	0.0	0.0
0	0.0	0.0	5	0.0491803278688524	16.11	0	0.056274620146314014	0.0	0.0	0.0	0.0	0.0	0.0	0.0	0.0
2	0.0	0.0	42	0.0	15.52	0	0.0	0.020833333333333332	0.0	0.5	0.0	0.0	0.0	0.0	0.0
2	0.0	0.0	15	0.0112359550561797	16.31	0	0.028473804100227793	0.0	0.0	0.0	0.0	0.0	0.0	0.0	0.0
0	0.0	0.0	39	0.0	0.0	0	0.1278772378516624	0.0	0.0	0.5	0.0	0.0	0.0	0.0639386189258312	0.0
1	1.0	1.0	4	0.0405405405405405	9.5	0	0.09337068160597571	0.0	0.0	0.0	0.0	0.0	0.0	0.0	0.0
3	0.0	0.0	4	0.0	16.06	0	0.1529051987767584	0.0	0.0	0.0	0.0	0.0	0.0	0.0	0.0
0	1.0	1.0	33	0.0	0.0	0	0.12277470841006753	0.0	0.0	0.0	0.0	0.0	0.0	0.0	0.0
0	0.0	0.0	8	0.3466666666666667	0.0	0	0.0	0.06422607578676942	0.0	2.0	0.0	0.0	0.0	0.0	0.0
0	0.0	0.0	21	0.0	0.0	0	0.0	0.33112582781456956	0.0	0.0	0.0	0.0	0.0	0.0	0.0
2	0.0	0.0	15	0.0625	10.34	0	0.20491803278688525	0.0	0.0	0.5	0.0	0.0	0.0	0.0	0.0
2	0.0	0.0	37	0.0384615384615384	15.12	0	0.03323363243602526	0.0	0.0	0.0	0.0	0.0	0.0	0.0	0.0
0	0.0	0.0	23	0.0	0.0	0	0.0	0.03354579000335458	0.0	0.0	0.0	0.0	0.0	0.0	0.0
1	0.0	0.0	47	0.0377358490566037	8.59	0	0.0	0.09615384615384615	0.0	0.0	0.0	0.0	0.0	0.0	0.04807692307692307
4	0.0	0.0	53	0.0	11.34	0	0.02523977788995457	0.0	0.0	2.0	0.0	0.0	0.0	0.0	0.0
0	1.0	0.0	16	0.0	0.0	0	0.0	0.5494505494505494	0.0	0.0	0.0	0.0	0.0	0.0	0.2747252747252747
2	0.0	0.0	1	0.0909090909090909	15.25	0	0.4098360655737705	0.0	0.0	1.0	0.0	0.0	0.0	0.0	0.0
2	0.5	0.5	0	0.0	13.67	0	0.06903693476009666	0.0	0.0	0.25	0.0	0.0	0.0	0.0	0.0
0	0.0	0.0	4	0.0	16.92	0	0.022872827081427266	0.0	0.0	0.0	0.0	0.0	0.0	0.0	0.0
3	0.0	0.0	47	0.0	12.94	0	0.02449779519843214	0.0	0.0	0.0	0.0	0.0	0.0	0.0	0.0
5	0.0	0.0	30	0.0	15.79	0	0.021150592216582064	0.0	0.0	0.0	0.0	0.0	0.0	0.010575296108291032	0.0
2	1.0	0.0	30	0.0424528301886792	2.18	0	0.0	0.04784688995215311	0.0	0.0	0.0	0.0	0.0	0.0	0.023923444976076555
1	0.0	0.0	0	0.0	9.5	0	0.0	0.5319148936170213	0.0	0.0	0.0	0.0	0.0	0.0	0.0
3	0.0	0.0	39	0.0	5.27	0	0.32679738562091504	0.0	0.0	0.0	0.0	0.0	0.0	0.0	0.0
4	0.0	0.0	18	0.0	15.67	0	0.0	0.04032258064516129	0.0	0.0	0.0	0.0	0.0	0.0	0.0
1	0.0	0.0	30	0.0	12.52	0	0.0	0.07587253414264036	0.0	0.0	0.0	0.0	0.0	0.0	0.0
0	0.0	0.0	22	0.073170731707317	0.0	0	0.5050505050505051	0.0	0.0	0.0	0.0	0.0	0.0	0.0	0.0
1	0.0	0.0	27	0.0	10.0	0	0.30864197530864196	0.0	0.0	0.0	0.0	0.0	0.0	0.0	0.0
1	0.0	0.0	51	0.0	4.72	0	2.5	0.0	0.0	0.0	0.0	0.0	0.0	0.0	0.0
1	0.0	0.0	25	0.0	15.2	0	0.0	0.028985507246376812	0.0	0.0	0.0	0.0	0.0	0.04764173415912339	0.0
0	0.0	0.0	18	0.0	0.0	0	0.0	0.13192612137203166	0.0	0.0	0.0	0.0	0.0	0.0	0.13192612137203166
1	0.0	0.0	12	0.0	8.01	0	0.0	0.25380710659898476	0.0	1.0	0.0	0.0	0.0	0.0	0.0
2	0.0	0.0	1	0.0	16.67	0	0.024009603841536616	0.0	0.0	0.5	0.0	0.0	0.0	0.0	0.0
1	0.0	0.0	24	0.25	20.74	0	0.0	0.3048780487804878	0.0	0.0	0.0	0.0	0.0	0.0	0.0
1	0.0	0.0	0	0.0	10.0	0	0.0	0.37593984962406013	0.0	0.5	0.0	0.0	0.0	0.0	0.0
1	0.0	0.0	0	0.0	17.39	0	0.0	0.26881720430107525	0.0	0.0	0.0	0.0	0.0	0.0	0.0
1	0.0	0.0	5	0.1818181818181818	67.41	1	37.5	0.0	0.0	0.3333333333333333	0.0	0.0	0.0	0.0	0.0
4	0.0	0.0	44	0.0	11.3	0	0.13661202185792348	0.0	0.0	0.0	0.0	0.0	0.0	0.0	0.0
3	0.0	0.0	25	0.0	8.96	0	0.18315018315018314	0.0	0.0	0.0	0.0	0.0	0.0	0.18315018315018314	0.0
3	0.0	0.0	48	0.0138888888888888	15.38	0	0.0	0.01892863903085368	0.0	0.0	0.0	0.0	0.0	0.017064846416382253	0.0
0	0.0	0.0	16	0.0	0.0	0	0.10570824524312895	0.0	0.0	0.0	0.0	0.0	0.0	0.0	0.0
1	0.0	0.0	19	0.0	5.66	0	0.4716981132075471	0.0	0.0	0.5	0.0	0.0	0.0	0.0	0.0
0	0.0	0.0	0	0.1447368421052631	17.19	0	0.032679738562091505	0.0	0.0	2.0	0.0	0.0	0.0	0.0	0.0
0	0.0	0.0	11	0.0	0.0	0	0.19455252918287938	0.0	0.0	0.5	0.0	0.0	0.0	0.0	0.0
1	0.0	0.0	0	0.0	9.5	0	0.0	0.10384215991692626	0.0	0.0	0.0	0.0	0.0	0.0	0.0
1	0.0	0.0	5	0.0	16.5	0	0.28860028860028863	0.0	0.0	0.0	0.0	0.0	0.0	0.0	0.0
4	0.0	0.0	17	0.0	15.08	0	0.0	0.042105263157894736	0.0	0.0	0.0	0.0	0.0	0.0	0.0
1	0.0	0.0	0	0.0	9.5	0	0.0	0.0	0.0	0.0	0.0	0.0	0.0	0.0	0.0
1	0.0	0.0	22	0.0	15.54	0	0.031735956839098696	0.0	0.0	0.5	0.0	0.0	0.0	0.0	0.0
3	0.0	0.0	19	0.0	9.45	0	1.4285714285714286	0.0	0.0	0.0	0.0	0.0	0.0	0.0	0.0
1	0.0	0.0	18	0.0	7.2	0	0.7352941176470588	0.0	0.0	0.5	0.0	0.0	0.0	0.0	0.0
3	0.0	0.0	4	0.0	15.94	0	0.1694915254237288	0.0	0.0	0.5	0.0	0.0	0.0	0.0	0.0
5	0.0	0.0	47	0.0	11.13	0	0.0	0.05125576627370579	0.0	0.5	0.0	0.0	0.0	0.0	0.0
1	0.0	0.0	15	0.0084745762711864	16.17	0	0.02127659574468085	0.0	0.0	0.0	0.0	0.0	0.0	0.0	0.0
2	0.6666666666666666	1.0	51	0.0437956204379562	39.5	0	0.07122507122507123	0.0	0.0	0.0	0.0	0.0	0.0	0.0	0.0
1	0.0	0.0	40	0.0903225806451612	12.46	0	0.0	0.1958863858961802	0.0	0.25	0.0	0.0	0.0	0.0	0.0979431929480901
2	0.0	0.0	16	0.25	6.74	0	0.0	0.390625	0.0	1.0	0.0	0.0	0.0	0.0	0.0
3	0.0	0.0	38	0.0	15.25	0	0.021181952976064393	0.0	0.0	0.5	0.0	0.0	0.0	0.0	0.0
0	0.0	0.0	16	0.2696629213483146	15.47	0	0.021017234131988232	0.0	0.0	0.0	0.0	0.0	0.0	0.0	0.0
0	0.0	0.0	1	0.1034482758620689	16.68	0	0.0	0.13089005235602094	0.0	0.0	0.0	0.0	0.0	0.0	0.0
1	0.0	0.0	22	0.0	16.2	0	0.016305233980107615	0.0	0.0	0.0	0.0	0.0	0.0	0.016305233980107615	0.0
3	0.0	0.0	0	0.0	17.05	0	0.0	0.47619047619047616	0.0	0.0	0.0	0.0	0.0	0.0	0.0
1	0.0	0.0	0	0.0	11.0	0	0.0	0.5154639175257733	0.0	0.5	0.0	0.0	0.0	0.0	0.0
4	0.0	0.0	36	0.0229885057471264	15.18	0	0.0	0.03532320734722713	0.0	0.0	0.0	0.0	0.0	0.01147842056932966	0.017661603673613566
4	0.0	0.0	0	0.018018018018018004	9.06	0	0.0	0.09074410163339383	0.0	0.5	0.0	0.0	0.0	0.0	0.0
3	0.0	0.0	1	0.0	16.58	0	0.028011204481792715	0.0	0.0	0.0	0.0	0.0	0.0	0.0	0.0
0	0.0	0.0	7	0.0	25.4	0	0.0	0.14925373134328357	0.0	0.0	0.0	0.0	0.0	0.0	0.0
0	0.0	0.0	11	0.25	0.0	0	0.5882352941176471	0.0	0.0	1.0	0.0	0.0	0.0	0.5882352941176471	0.0
1	0.0	0.0	0	0.1538461538461538	17.26	0	0.0	3.9473684210526314	0.0	0.0	0.0	0.0	0.0	0.0	0.0
3	0.0	0.0	37	0.0	13.43	0	0.11435105774728417	0.0	0.0	1.5	0.0	0.0	0.0	0.0	0.0
3	0.0	0.0	23	0.0	15.72	0	0.028910089621277824	0.0	0.0	0.0	0.0	0.0	0.0	0.0	0.02051702913418137
5	0.0	0.0	0	0.0	16.29	0	0.012339585389930897	0.0	0.0	0.0	0.0	0.0	0.0	0.0	0.0
1	0.0	0.0	0	0.0	17.1	0	0.0	0.22624434389140272	0.0	0.0	0.0	0.0	0.0	0.0	0.0
4	0.0	0.0	43	0.0192307692307692	12.67	0	0.04149377593360996	0.0	0.0	0.0	0.0	0.0	0.0	0.0	0.04539264639128461
0	0.0	0.0	17	0.1	0.0	0	0.0	0.4166666666666667	0.0	0.0	0.0	0.0	0.0	0.0	0.4166666666666667
6	0.0	0.0	5	0.0	16.46	0	0.0	0.12468827930174564	0.0	0.0	0.0	0.0	0.0	0.0	0.0
4	0.0	0.0	48	0.0	14.51	0	0.0	0.02652519893899204	0.0	0.5	0.0	0.0	0.0	0.0	0.01326259946949602
1	0.0	0.0	45	0.0736196319018405	14.5	0	0.0	0.0818330605564648	0.0	0.0	0.0	0.0	0.0	0.0	0.0818330605564648
1	0.0	0.0	23	0.0	5.5	0	0.0819672131147541	0.0	0.0	0.5	0.0	0.0	0.0	0.0819672131147541	0.0
1	0.0	0.0	35	0.0	13.02	0	0.0	0.0594883997620464	0.0	1.0	0.0	0.0	0.0	0.0	0.0594883997620464
5	0.0	0.0	30	0.0	15.58	0	0.0	0.02541942043721403	0.0	1.0	0.0	0.0	0.0	0.0	0.0
4	0.0	0.0	30	0.0	15.77	0	0.03391555027980329	0.0	0.0	0.25	0.0	0.0	0.0	0.0	0.0
1	0.0	0.0	35	0.1111111111111111	4.71	0	0.6211180124223602	0.0	0.0	0.0	0.0	0.0	0.0	0.0	0.0
0	0.0	0.0	14	0.0	0.0	0	0.0	0.1811594202898551	0.0	1.0	0.0	0.0	0.0	0.0	0.1811594202898551
0	0.0	0.0	2	0.0	16.39	0	0.032690421706440015	0.0	0.0	0.0	0.0	0.0	0.0	0.0	0.0
1	0.0	0.0	0	0.0	17.28	0	0.0	0.6097560975609756	0.0	0.0	0.0	0.0	0.0	0.0	0.0
4	0.0	0.0	33	0.0	15.86	0	0.017809439002671415	0.0	0.0	0.0	0.0	0.0	0.0	0.0	0.0
3	0.0	0.0	0	0.0	16.08	0	0.03961965134706815	0.0	0.0	0.0	0.0	0.0	0.0	0.0	0.0
6	0.0	0.0	43	0.0454545454545454	6.14	0	0.5102040816326531	0.0	0.0	0.5	0.0	0.0	0.0	0.0	0.0
0	0.0	0.0	20	0.3043478260869565	0.0	0	0.49019607843137253	0.0	0.0	0.0	0.0	0.0	0.0	0.49019607843137253	0.0
1	0.0	0.0	78	0.0	8.96	0	0.16778523489932887	0.0	0.0	0.0	0.0	0.0	0.0	0.0	0.0
2	0.0	0.0	24	0.1871345029239766	15.14	0	0.043346337234503686	0.0	0.0	0.5	0.0	0.0	0.0	0.0	0.0
2	0.0	0.0	52	0.0	10.5	0	0.20703933747412007	0.0	0.0	1.0	0.0	0.0	0.0	0.0	0.0
2	0.0	0.0	1	0.0	16.68	0	0.07374631268436578	0.0	0.0	0.5	0.0	0.0	0.0	0.0	0.0
0	0.0	0.0	11	0.0188679245283018	0.0	0	0.0	0.09165902841429881	0.0	2.0	0.0	0.0	0.0	0.0	0.09165902841429881
0	0.0	0.0	22	0.0	15.27	0	0.03687315634218289	0.0	0.0	0.0	0.0	0.0	0.0	0.0	0.0
1	0.0	0.0	77	0.0	9.31	0	0.5769230769230769	0.0	0.0	0.16666666666666666	0.0	0.0	0.0	0.0	0.0
1	0.0	1.0	0	0.0	9.5	0	0.0	0.08410428931875526	0.0	1.0	0.0	0.0	0.0	0.0	0.0
1	0.25	1.0	44	0.0	21.5	0	0.0	0.0651890482398957	0.0	0.5	0.0	0.0	0.0	0.0	0.0
0	0.0	0.0	38	0.0408163265306122	7.41	0	0.09017132551848513	0.0	0.0	0.0	0.0	0.0	0.0	0.04508566275924256	0.0
0	0.0	0.0	2	0.0202020202020202	16.59	0	0.0	0.029256875365710942	0.0	0.0	0.0	0.0	0.0	0.0	0.0
3	0.0	0.0	20	0.0714285714285714	6.61	0	1.0869565217391304	0.0	0.0	0.25	0.0	0.0	0.0	0.0	0.0
0	0.0	0.0	0	0.0	17.3	0	0.0	1.5151515151515151	0.0	0.0	0.0	0.0	0.0	0.0	0.0
1	0.0	0.0	54	0.2142857142857142	10.5	0	0.8264462809917356	0.0	0.0	0.0	0.0	0.0	0.0	0.0	0.0
0	0.0	1.0	25	0.2352941176470588	0.0	0	0.01740341106856944	0.0	0.0	1.0	0.0	0.0	0.0	0.0	0.0
3	0.0	0.0	0	0.0	16.83	0	0.0	0.10101010101010101	0.0	0.0	0.0	0.0	0.0	0.0	0.0
1	0.0	0.0	0	0.0	17.04	0	0.0	0.25252525252525254	0.0	0.0	0.0	0.0	0.0	0.0	0.0
1	0.0	0.0	22	0.0	9.5	0	0.3787878787878788	0.0	0.0	0.0	0.0	0.0	0.0	0.0	0.0
1	0.0	0.0	37	0.0	6.12	0	0.28901734104046245	0.0	0.0	0.0	0.0	0.0	0.0	0.0	0.0
3	0.0	0.0	32	0.0	22.39	0	0.026954177897574122	0.0	0.0	0.0	0.0	0.0	0.0	0.013477088948787061	0.0
2	0.0	0.0	29	0.225130890052356	14.5	0	0.023820867079561697	0.0	0.0	0.0	0.0	0.0	0.0	0.0	0.0
2	0.0	0.0	33	0.0	6.32	0	0.0	2.9069767441860463	0.0	0.0	0.0	0.0	0.0	0.0	0.0
3	0.0	0.0	69	0.0	6.67	0	0.09099181073703366	0.0	0.0	0.0	0.0	0.0	0.0	0.1364877161055505	0.0
1	0.0	0.0	0	0.0	10.0	0	0.0	0.06426735218508997	0.0	0.0	0.0	0.0	0.0	0.0	0.0
4	0.0	0.0	45	0.0	14.73	0	0.024764735017335313	0.0	0.0	0.0	0.0	0.0	0.0	0.0	0.0
1	0.0	0.0	0	0.0	16.77	0	0.0	0.16420361247947454	0.0	0.0	0.0	0.0	0.0	0.0	0.0
1	0.0	0.0	11	0.0217391304347826	15.76	0	0.03968253968253968	0.0	0.0	2.0	0.0	0.0	0.0	0.0	0.0
2	0.0	0.0	6	0.0	17.19	1	0.0	0.31570639305445936	0.0	1.75	0.0	0.0	0.0	0.0	0.23677979479084452
0	0.0	0.0	1	0.0	16.08	0	0.0	0.019904458598726114	0.0	0.5	0.0	0.0	0.0	0.0	0.0
3	0.0	0.0	43	0.0	15.24	0	0.0	0.0380517503805175	0.0	0.0	0.0	0.0	0.0	0.0	0.01902587519025875
0	0.0	0.0	46	0.014251781472683998	16.0	0	0.0	0.01884303749764462	0.0	0.0	0.0	0.0	0.0	0.005746465923457074	0.02826455624646693
6	0.0	0.0	40	0.0	15.1	0	0.0	0.030807147258163893	0.0	0.5	0.0	0.0	0.0	0.0	0.015403573629081947
6	0.0	0.0	50	0.0106951871657754	14.33	0	0.028661507595299514	0.0	0.0	0.0	0.0	0.0	0.0	0.014330753797649757	0.0
3	0.0	0.0	6	0.008695652173913	16.01	0	0.031625553447185324	0.0	0.0	1.0	0.0	0.0	0.0	0.0	0.0
2	0.0	0.0	40	0.0090497737556561	15.16	0	0.0	0.02416626389560174	0.0	0.0	0.0	0.0	0.0	0.02064409578860446	0.04833252779120348
1	0.0	0.0	1	0.0	16.31	0	0.0	0.016199578810950917	0.0	0.5	0.0	0.0	0.0	0.0	0.0
0	0.0	0.0	0	0.0	17.2	0	0.0	0.02463054187192118	0.0	4.0	0.0	0.0	0.0	0.0	0.0
3	0.0	0.0	51	0.0	6.68	0	0.6329113924050632	0.0	0.0	0.0	0.0	0.0	0.0	0.0	0.0
4	0.0	0.0	42	0.0	5.82	0	0.0	0.15432098765432098	0.0	0.0	0.0	0.0	0.0	0.0	0.0
0	0.0	0.0	15	0.0	0.0	0	0.0	0.24271844660194175	0.0	0.0	0.0	0.0	0.0	0.0	0.0
1	0.0	0.0	0	0.0	16.39	0	0.0	0.2710027100271003	0.0	0.5	0.0	0.0	0.0	0.0	0.0
0	0.0	0.0	19	0.0	0.0	0	0.0	0.07518796992481203	0.0	0.0	0.0	0.0	0.0	0.0	0.0
4	0.0	0.0	34	0.0	13.4	0	0.0	0.0673854447439353	0.0	0.0	0.0	0.0	0.0	0.0	0.0
3	0.0	0.0	22	0.0	10.84	0	0.11402508551881414	0.0	0.0	0.0	0.0	0.0	0.0	0.0	0.0
4	0.0	0.0	22	0.0337837837837837	15.71	0	0.025568908207619534	0.0	0.0	1.0	0.0	0.0	0.0	0.0	0.0
1	0.0	0.0	3	0.054054054054054	19.33	0	0.0	0.3081664098613251	0.0	1.0	0.0	0.0	0.0	0.0	0.0
3	0.0	0.0	33	0.0	12.32	0	0.052410901467505246	0.0	0.0	0.5	0.0	0.0	0.0	0.052410901467505246	0.0
1	0.0	1.0	1	0.0	22.0	0	0.0	0.11148272017837234	0.0	0.5	0.0	0.0	0.0	0.0	0.0
1	0.0	0.0	45	0.023391812865497	3.0	0	0.02698327037236913	0.0	0.0	0.0	0.0	0.0	0.0	0.02698327037236913	0.0
2	0.0	0.0	36	0.0	8.6	0	0.0	0.08787346221441124	0.0	0.0	0.0	0.0	0.0	0.0	0.04393673110720562
3	0.0	0.0	29	0.0	15.54	0	0.0	0.02475860361475613	0.0	0.0	0.0	0.0	0.0	0.0	0.0
1	0.0	0.0	0	0.0	9.5	0	0.0	0.44052863436123346	0.0	0.0	0.0	0.0	0.0	0.0	0.0
2	0.0	0.0	23	0.0	7.31	0	0.0	0.1557632398753894	0.0	0.0	0.0	0.0	0.0	0.0	0.0
3	0.0	0.0	35	0.0	13.96	0	0.06561679790026247	0.0	0.0	0.0	0.0	0.0	0.0	0.0	0.015586034912718205
2	0.0	0.0	15	0.0	10.03	0	0.05405405405405406	0.0	0.0	0.0	0.0	0.0	0.0	0.0	0.0
4	0.0	0.0	44	0.0	6.16	0	0.15060240963855423	0.0	0.0	0.0	0.0	0.0	0.0	0.0	0.0
0	0.0	0.0	18	0.0	0.0	0	0.0	0.07183908045977011	0.0	0.0	0.0	0.0	0.0	0.0	0.0
6	0.0	0.0	36	0.0	15.02	0	0.024154589371980676	0.0	0.0	0.0	0.0	0.0	0.0	0.0	0.0
1	1.0	0.0	0	0.0	9.5	0	0.0	0.11682242990654206	0.0	0.0	0.0	0.0	0.0	0.0	0.0
0	0.0	0.0	22	0.0	0.0	0	0.6493506493506493	0.0	0.0	0.5	0.0	0.0	0.0	0.0	0.0
1	0.0	0.0	0	0.0	16.97	0	0.0	0.3401360544217687	0.0	0.5	0.0	0.0	0.0	0.0	0.0
1	0.0	0.0	32	0.0520833333333333	1.0	0	0.029647198339756896	0.0	0.0	1.0	0.0	0.0	0.0	0.0	0.0
2	0.0	0.0	32	0.2922374429223744	40.33	0	0.020300446609825416	0.04391743522178305	1.0	0.25	0.0	0.0	0.0	0.0	0.0
3	0.0	0.0	1	0.0	16.74	0	0.0	0.08865248226950355	0.0	0.5	0.0	0.0	0.0	0.0	0.0
6	0.0	0.0	41	0.0	14.01	0	0.019387359441644048	0.0	0.0	0.0	0.0	0.0	0.0	0.019387359441644048	0.031007751937984496
1	0.0	0.0	17	0.0	9.5	0	0.2617801047120419	0.0	0.0	1.0	0.0	0.0	0.0	0.0	0.0
4	0.0	0.0	48	0.0572390572390572	15.43	0	0.0	0.017415534656913968	0.0	0.0	0.0	0.0	0.0	0.0	0.008707767328456984
3	0.0	0.0	21	0.1875	7.73	0	0.2747252747252747	0.0	1.0	1.0	0.0	0.0	0.0	0.0	0.0
0	0.0	0.0	19	0.0	0.0	0	0.0	0.4366812227074236	0.0	0.0	0.0	0.0	0.0	0.0	0.4366812227074236
3	0.0	0.0	47	0.0837696335078534	14.67	0	0.0	0.023116042533518264	0.0	6.0	0.0	0.0	0.0	0.0	0.0
6	0.0	0.0	35	0.017391304347826	15.35	0	0.0	0.03289473684210526	0.0	3.0	0.0	0.0	0.0	0.0	0.0
12	0.0	0.0	34	0.0	15.64	0	0.023849272597185785	0.0	0.0	0.0	0.0	0.0	0.0	0.0	0.007639419404125286
1	1.0	0.0	41	0.0	21.0	0	0.0	0.18867924528301888	0.0	0.5	0.0	0.0	0.0	0.0	0.0
2	0.0	0.0	0	0.0	16.48	0	0.0	0.38759689922480617	0.0	0.0	0.0	0.0	0.0	0.0	0.0
3	0.0	0.0	41	0.0204081632653061	11.66	0	0.0502008032128514	0.0	0.0	0.0	0.0	0.0	0.0	0.0502008032128514	0.0
1	0.0	0.0	25	0.0	15.41	0	0.02701242571582928	0.0	0.0	0.0	0.0	0.0	0.0	0.0	0.06535947712418301
1	0.0	0.0	0	0.3333333333333333	11.0	0	0.0	0.0	0.0	0.0	0.0	0.0	0.0	0.0	0.0
3	0.3333333333333333	0.5	49	0.2321428571428571	24.75	0	0.04496402877697842	0.0	0.0	0.0	0.0	0.0	0.0	0.0	0.0
2	0.0	0.0	34	0.0288184438040345	15.68	0	0.016608536787908985	0.0	0.0	0.5	0.0	0.0	0.0	0.0	0.0
0	0.0	0.0	28	0.0	0.0	1	0.45248868778280543	0.68259385665529	0.0	0.25	0.0	0.0	0.0	0.0	0.0
0	1.0	0.0	22	0.0	0.0	0	0.0	0.2604166666666667	0.0	0.0	0.0	0.0	0.0	0.0	0.08680555555555555
0	0.5	0.0	16	0.0	0.0	1	0.8474576271186441	0.0	0.0	1.0	0.0	0.0	0.0	0.8474576271186441	0.0
1	0.0	0.0	0	0.2352941176470588	16.66	0	0.0	0.2136752136752137	0.0	0.5	0.0	0.0	0.0	0.0	0.0
1	0.0	0.0	2	0.0333333333333333	16.12	0	0.052910052910052914	0.0	0.0	0.0	0.0	0.0	0.0	0.0	0.0
1	0.0	0.0	52	0.0	13.28	0	0.01910584638899503	0.0	0.0	0.0	0.0	0.0	0.0	0.0	0.0
0	1.0	0.0	28	0.0	0.0	0	0.0	0.0580046403712297	0.0	0.5	0.0	0.0	0.0	0.0	0.0
0	0.0	0.0	34	0.0	11.8	0	0.0	0.05920663114268798	0.0	0.5	0.0	0.0	0.0	0.0	0.02960331557134399
2	0.0	0.0	52	0.0	6.62	0	0.16891891891891891	0.0	0.0	0.0	0.0	0.0	0.0	0.0	0.0
1	0.0	0.0	28	0.0	15.29	0	0.030030030030030033	0.0	0.0	0.0	0.0	0.0	0.0	0.030030030030030033	0.0
1	0.0	0.0	0	0.0235294117647058	17.86	0	0.0	0.40816326530612246	0.0	1.4	0.0	0.0	0.0	0.0	0.0
1	0.0	0.0	38	0.0	9.5	0	0.07407407407407407	0.0	0.0	0.0	0.0	0.0	0.0	0.0	0.0
3	0.0	0.0	29	0.027027027027027	14.51	0	0.025906735751295335	0.0	0.0	2.0	0.0	0.0	0.0	0.0	0.0
1	0.0	1.0	21	0.1913043478260869	0.68	1	1.0046367851622875	0.0	0.0	1.2307692307692308	0.0	0.0	0.0	0.0	0.0
0	0.0	0.0	42	0.0	14.99	0	0.0	0.029533372711163616	0.0	0.5	0.0	0.0	0.0	0.0	0.029533372711163616
2	0.0	0.0	23	0.0	21.91	0	0.0625	0.0	0.0	0.0	0.0	0.0	0.0	0.0	0.0
1	1.0	0.0	28	0.05	54.89	0	0.2607561929595828	0.0	0.0	0.25	0.0	0.0	0.0	0.0	0.0
7	0.0	0.0	31	0.0	14.11	0	0.12928248222365868	0.0	0.0	0.25	0.0	0.0	0.0	0.0	0.0
1	0.0	0.0	0	0.0	17.93	0	0.0	0.5405405405405405	0.0	1.0	0.0	0.0	0.0	0.0	0.0
1	0.0	0.0	0	0.0	17.69	0	0.0	0.9345794392523364	0.0	0.0	0.0	0.0	0.0	0.0	0.0
1	0.0	0.0	19	0.0	10.0	0	0.5747126436781609	0.0	0.0	0.0	0.0	0.0	0.0	0.0	0.0
1	0.0	0.0	18	0.0	14.39	0	0.0	0.09652509652509653	0.0	0.0	0.0	0.0	0.0	0.0	0.0
1	0.0	0.0	18	0.0	6.69	0	1.4285714285714286	0.0	0.0	0.5	0.0	0.0	0.0	0.0	0.0
2	0.0	0.0	37	0.3033707865168539	10.0	0	0.11876484560570072	0.0	0.0	0.0	0.0	0.0	0.0	0.05938242280285036	0.0
1	0.0	0.0	29	0.0592334494773519	16.0	0	0.0	0.028328611898017	0.0	0.0	0.0	0.0	0.0	0.0	0.0
1	0.0	0.0	2	0.0	16.49	0	0.0	0.15527950310559005	0.0	0.0	0.0	0.0	0.0	0.0	0.0
1	0.0	0.0	24	0.1538461538461538	10.65	0	0.0	0.09140767824497258	0.0	0.5	0.0	0.0	0.0	0.0	0.0
0	0.0	0.0	37	0.0	14.8	0	0.07363770250368189	0.0	0.0	0.0	0.0	0.0	0.0	0.0	0.0
1	0.5	0.0	17	0.0	2.36	0	0.0	0.059844404548174746	0.0	0.0	0.0	0.0	0.0	0.0	0.0
1	0.0	0.0	24	0.0	9.5	0	0.16129032258064516	0.0	0.0	0.0	0.0	0.0	0.0	0.0	0.0
1	0.0	0.0	0	0.0	16.72	0	0.0	0.23255813953488372	0.0	0.0	0.0	0.0	0.0	0.0	0.0
0	0.0	1.0	50	0.0	0.0	0	0.05955926146515784	0.0	0.0	0.0	0.0	0.0	0.0	0.0	0.0
1	0.0	0.0	0	0.0	17.0	0	0.0	0.3846153846153846	0.0	0.0	0.0	0.0	0.0	0.0	0.0
2	1.0	1.0	5	0.1340782122905028	56.99	0	0.0	0.09358914365933552	0.0	0.5	0.0	0.0	0.0	0.0	0.0
1	0.0	0.0	19	0.0	7.55	0	1.0416666666666667	0.0	0.0	0.0	0.0	0.0	0.0	0.0	0.0
3	0.0	0.0	43	0.0	14.94	0	0.0	0.02326663564448581	0.0	0.0	0.0	0.0	0.0	0.0	0.0
1	0.0	0.0	0	0.0	16.67	0	0.042498937526561836	0.0	0.0	0.0	0.0	0.0	0.0	0.0	0.0
3	0.0	0.0	47	0.0	10.21	0	0.0	0.10126582278481013	0.0	0.25	0.0	0.0	0.0	0.0	0.05063291139240506
1	0.0	0.0	44	0.0	9.5	0	0.0931098696461825	0.0	0.0	0.0	0.0	0.0	0.0	0.0	0.0
1	0.0	0.0	37	0.0439560439560439	15.48	0	0.0	0.05213764337851929	0.0	10.0	0.0	0.0	0.0	0.0	0.026068821689259645
1	0.0	0.0	23	0.125	0.35	1	0.0	4.0	0.0	0.8333333333333334	0.0	0.0	0.0	0.0	0.0
0	0.0	1.0	42	0.0	0.0	1	0.7462686567164178	0.0	0.0	1.0	0.0	0.0	0.0	0.0	0.0
2	0.0	0.0	42	0.0	9.01	0	0.07751937984496124	0.0	0.0	0.0	0.0	0.0	0.0	0.0	0.0
0	1.0	0.0	31	0.0	0.0	0	0.0	0.10593220338983052	0.0	0.0	0.0	0.0	0.0	0.0	0.10593220338983052
3	0.0	0.0	80	0.0	5.16	0	0.19493177387914232	0.0	0.0	0.0	0.0	0.0	0.0	0.0	0.0
2	0.0	0.0	32	0.0	15.06	0	0.06666666666666667	0.0	0.0	0.0	0.0	0.0	0.0	0.0	0.0
2	0.0	0.0	3	0.0549450549450549	16.21	0	0.0	0.03056234718826406	0.0	0.0	0.0	0.0	0.0	0.0	0.0
0	0.0	0.0	8	0.0	0.0	0	0.0	0.19607843137254904	0.0	1.0	0.0	0.0	0.0	0.0	0.0
1	0.0	0.0	0	0.0128205128205128	9.5	0	0.0	0.03635041802980734	0.0	0.0	0.0	0.0	0.0	0.0	0.0
2	0.0	0.0	34	0.0405405405405405	13.74	0	0.2252252252252252	0.0	0.0	1.0	0.0	0.0	0.0	0.0	0.0
4	0.0	0.0	48	0.0070921985815602	14.92	0	0.02512562814070352	0.0	0.0	0.0	0.0	0.0	0.0	0.0	0.0
1	0.0	0.0	14	0.0	14.14	0	0.08802816901408451	0.0	0.0	0.0	0.0	0.0	0.0	0.0	0.0
3	0.0	0.0	6	0.1428571428571428	16.31	0	0.3236245954692557	0.0	0.0	0.16666666666666666	0.0	0.0	0.0	0.0	0.0
3	0.0	0.0	49	0.0	11.69	0	0.0	0.025654181631605953	0.0	0.0	0.0	0.0	0.0	0.0	0.025654181631605953
0	0.0	0.0	42	0.0133333333333333	15.79	0	0.0	0.02238638907544213	0.0	0.5	0.0	0.0	0.0	0.0	0.0
12	0.0	0.0	0	0.0172413793103448	17.15	0	0.0	0.056369785794813984	0.0	2.0	0.0	0.0	0.0	0.0	0.0
0	0.0	0.0	22	0.04	0.0	0	0.0	0.1557632398753894	0.0	0.5	0.0	0.0	0.0	0.0	0.1557632398753894
2	1.0	1.0	35	0.0	8.76	1	0.0	0.31695721077654515	0.0	1.5	0.0	0.0	0.0	0.0	0.29054410987849977
2	0.0	0.0	21	0.0	10.34	0	0.0	0.10570824524312895	0.0	0.0	0.0	0.0	0.0	0.0	0.0
3	0.0	0.0	0	0.0	17.2	0	0.0	0.20746887966804978	0.0	0.0	0.0	0.0	0.0	0.0	0.0
2	0.0	0.0	14	0.2	15.78	0	0.0	0.03699593044765076	1.0	0.0	0.0	0.0	0.0	0.0	0.0
0	0.0	0.0	21	0.1328671328671328	0.0	0	0.0	0.062460961898813235	0.0	0.0	0.0	0.0	0.0	0.0	0.031230480949406617
0	0.0	0.0	14	0.034090909090909	0.0	0	0.050658561296859174	0.0	0.0	0.0	0.0	0.0	0.0	0.0	0.0
6	0.0	0.0	22	0.0689655172413793	14.94	0	0.02206531332744925	0.0	0.0	1.0	0.0	0.0	0.0	0.0	0.0
1	0.0	0.0	27	0.0	9.5	0	0.628140703517588	0.0	0.0	0.0	0.0	0.0	0.0	0.0	0.0
0	0.0	0.0	54	0.0	7.43	0	0.28901734104046245	0.0	0.0	0.5	0.0	0.0	0.0	0.0	0.0
0	0.0	0.0	1	0.1428571428571428	0.0	0	0.7246376811594204	0.0	0.0	1.0	0.0	0.0	0.0	0.0	0.0
4	0.0	0.0	0	0.0099009900990099	16.34	0	0.0	0.026932399676811204	0.0	0.5	0.0	0.0	0.0	0.0	0.0
3	0.0	0.0	37	0.0	7.35	0	0.0	0.10311936065996391	0.0	0.0	0.0	0.0	0.0	0.0	0.0
1	0.3333333333333333	0.0	45	0.0212014134275618	14.0	0	0.01733402669440111	0.0	0.0	1.0	0.0	0.0	0.0	0.01733402669440111	0.0
3	0.0	0.0	2	0.0	16.41	0	0.008716875871687587	0.0	0.0	0.0	0.0	0.0	0.0	0.0	0.0
2	0.0	0.0	35	0.0	6.52	0	0.0	0.18867924528301888	0.0	0.0	0.0	0.0	0.0	0.0	0.0
2	0.0	0.0	47	0.0	10.59	0	0.0	0.0591715976331361	0.0	0.0	0.0	0.0	0.0	0.0	0.0
0	0.0	0.0	1	0.2666666666666666	0.0	0	0.30864197530864196	0.0	0.0	2.0	0.0	0.0	0.0	0.0	0.0
2	0.0	0.0	0	0.0	16.77	0	0.0	0.01527650473571647	0.0	0.0	0.0	0.0	0.0	0.0	0.0
5	0.0	1.0	45	0.0	11.45	0	0.015119443604475355	0.017692852087756547	0.0	0.0	0.0	0.0	0.0	0.015119443604475355	0.0
3	0.0	0.0	2	0.0459770114942528	13.46	0	0.03041362530413625	0.03927729772191673	0.0	0.0	0.0	0.0	0.0	0.0	0.0
3	0.0	0.0	14	0.0	15.83	0	0.0321646831778707	0.0	0.0	0.0	0.0	0.0	0.0	0.0	0.0
0	0.0	0.0	1	0.0150375939849624	17.2	0	0.0	0.08787346221441124	0.0	0.0	0.0	0.0	0.0	0.0	0.0
7	0.0	0.0	42	0.0	15.56	0	0.016871941960519655	0.0	0.0	0.0	0.0	0.0	0.0	0.0	0.0
3	0.0	0.0	24	0.0135135135135135	15.29	0	0.0	0.03562522265764161	0.0	0.0	0.0	0.0	0.0	0.0	0.0
5	0.0	0.0	33	0.0	15.09	0	0.0	0.024606299212598423	0.0	0.5	0.0	0.0	0.0	0.0	0.0
1	0.0	0.0	3	0.037037037037037	17.02	0	0.1079913606911447	0.0	0.0	2.0	0.0	0.0	0.0	0.0	0.0
0	0.0	0.0	29	0.0	0.0	0	2.0833333333333335	0.0	0.0	0.0	0.0	0.0	0.0	1.0416666666666667	0.0
4	0.0	0.0	30	0.0	14.87	0	0.04196391103650861	0.0	0.0	0.0	0.0	0.0	0.0	0.0	0.0
3	1.0	1.0	0	0.0	23.51	0	0.0	0.03590664272890485	0.0	0.0	0.0	0.0	0.0	0.0	0.0
4	0.0	0.0	34	0.0	12.21	0	0.07299270072992702	0.0	0.0	0.0	0.0	0.0	0.0	0.0	0.023764258555133082
0	0.0	0.0	48	0.0	14.99	0	0.0	0.024906600249066005	0.0	1.0	0.0	0.0	0.0	0.0	0.0
1	0.0	0.0	49	0.0	7.83	0	0.0	0.07485029940119761	0.0	0.0	0.0	0.0	0.0	0.0	0.037425149700598806
3	0.0	0.0	19	0.0	7.24	0	0.3676470588235294	0.0	0.0	0.5	0.0	0.0	0.0	0.0	0.0
1	0.0	0.0	13	0.0	10.0	0	0.3164556962025316	0.0	0.0	1.5	0.0	0.0	0.0	0.0	0.0
3	0.0	0.0	1	0.0	16.1	0	0.040048057669203045	0.0	0.0	0.0	0.0	0.0	0.0	0.0	0.0
6	0.0	0.0	41	0.0	15.14	0	0.010264832683227263	0.0	0.0	0.0	0.0	0.0	0.0	0.0	0.0324254215304799
0	0.0	0.0	25	0.0	0.0	0	0.0	0.11627906976744186	0.0	0.0	0.0	0.0	0.0	0.0	0.0
0	0.0	1.0	28	0.4307692307692308	0.0	0	0.0	0.15174506828528073	0.0	0.0	0.0	0.0	0.0	0.0	0.0
2	1.0	0.0	0	0.0277777777777777	9.76	0	0.0	0.18083182640144665	0.0	0.5	0.0	0.0	0.0	0.0	0.0
2	0.0	0.0	1	0.0	16.49	0	0.16722408026755853	0.0	0.0	0.0	0.0	0.0	0.0	0.0	0.0
3	0.0	0.0	35	0.0	6.83	0	0.0	0.05336179295624333	0.0	0.5	0.0	0.0	0.0	0.013171759747102213	0.026680896478121666
0	0.0	0.0	1	0.1608040201005025	17.08	0	0.024931438544003988	0.0	0.0	1.0	0.0	0.0	0.0	0.0	0.0
2	1.0	0.0	1	0.16	11.76	0	0.0	0.18726591760299627	0.0	0.0	0.0	0.0	0.0	0.0	0.0
5	0.0	0.0	35	0.0551724137931034	15.59	0	0.0	0.018942981625307824	0.0	5.0	0.0	0.0	0.0	0.0	0.0
3	0.0	0.0	2	0.0476190476190476	16.76	0	0.0	0.12836970474967907	0.0	0.5	0.0	0.0	0.0	0.0	0.0
3	0.0	0.0	28	0.0	6.93	0	0.2724795640326976	0.0	0.0	0.0	0.0	0.0	0.0	0.0	0.0
3	1.0	0.0	75	0.0	8.96	0	0.0	0.031210986267166042	0.0	0.0	0.0	0.0	0.0	0.0	0.0
9	0.0	0.0	39	0.0	15.94	0	0.014727540500736375	0.0	0.0	0.0	0.0	0.0	0.0	0.0	0.0
2	0.0	0.0	0	0.0	9.67	0	0.0	0.037921880925293895	0.0	0.0	0.0	0.0	0.0	0.0	0.0
1	0.0	0.0	36	0.0	8.45	0	0.07473841554559042	0.0	0.0	0.0	0.0	0.0	0.0	0.07473841554559042	0.0
2	0.0	0.0	0	0.0	18.24	0	0.061312078479460456	0.0	0.0	21.0	0.0	0.0	0.0	0.0	0.0
1	0.0	0.0	63	0.0	4.9	0	2.830188679245283	0.0	0.0	0.0	0.0	0.0	0.0	0.0	0.0
0	0.0	1.0	28	0.0	0.0	0	0.0	0.04952947003467063	0.0	0.0	0.0	0.0	0.0	0.0	0.0
1	0.0	0.0	0	0.0	16.81	0	0.0	0.20920502092050208	0.0	0.0	0.0	0.0	0.0	0.0	0.0
0	0.0	1.0	43	0.0	0.0	0	1.1627906976744187	0.0	0.0	0.0	0.0	0.0	0.0	0.0	0.0
1	0.0	0.0	0	0.0	16.58	0	0.0	0.1072961373390558	0.0	0.0	0.0	0.0	0.0	0.0	0.0
2	0.0	0.0	0	0.0446927374301676	16.63	0	0.02377555872563005	0.0	0.0	0.0	0.0	0.0	0.0	0.0	0.0
2	0.0	0.0	15	0.0	8.41	0	0.22675736961451246	0.0	0.0	0.0	0.0	0.0	0.0	0.0	0.0
2	0.0	0.0	7	0.0	16.3	0	0.0	0.1394700139470014	0.0	0.0	0.0	0.0	0.0	0.0	0.0
0	0.0	0.0	15	0.3214285714285714	0.0	0	0.11507479861910243	0.0	0.0	0.0	0.0	0.0	0.0	0.0	0.0
3	0.0	0.0	49	0.1678832116788321	11.69	0	0.07401924500370097	0.0	0.0	1.0	0.0	0.0	0.0	0.037009622501850484	0.0
3	0.0	0.0	48	0.0	12.23	0	0.0	0.03646973012399708	0.0	0.0	0.0	0.0	0.0	0.04574565416285453	0.03646973012399708
1	0.0	0.0	16	0.0	12.25	0	0.11876484560570072	0.0	0.0	0.0	0.0	0.0	0.0	0.0	0.0
0	0.0	1.0	37	0.0	0.0	0	0.0	0.36496350364963503	0.0	0.0	0.0	0.0	0.0	0.0	0.36496350364963503
2	1.0	0.5	41	0.0	9.58	0	0.1582278481012658	0.0	0.0	0.0	0.0	0.0	0.0	0.0791139240506329	0.0
3	0.0	0.0	2	0.23809523809523803	25.84	0	0.0	0.47619047619047616	0.0	0.25	0.0	0.0	0.0	0.0	0.0
5	0.0	0.0	44	0.0	15.64	0	0.0	0.017934002869440458	0.0	0.0	0.0	0.0	0.0	0.007989773090444232	0.008967001434720229
1	0.0	0.0	16	0.0	10.13	0	0.10845986984815617	0.0	0.0	0.0	0.0	0.0	0.0	0.0	0.0
3	0.0	0.0	35	0.2603550295857988	28.98	0	0.0508646998982706	0.0	0.0	0.5	0.0	0.0	0.0	0.0	0.0
1	0.0	0.0	28	0.0756756756756756	15.5	0	0.0	0.024390243902439025	0.0	0.0	0.0	0.0	0.0	0.0	0.0
0	0.0	0.0	23	0.1565217391304348	0.0	0	0.0	0.07739938080495357	0.0	0.0	0.0	0.0	0.0	0.0	0.0
2	0.0	0.0	24	0.2777777777777778	20.04	0	0.2645502645502646	0.0	0.0	1.0	0.0	0.0	0.0	0.0	0.0
1	0.0	0.0	53	0.20576131687242802	14.18	0	0.0	0.03313452617627568	0.0	0.0	0.0	0.0	0.0	0.0	0.0
1	0.0	0.0	45	0.0	13.38	0	0.04591368227731864	0.0	0.0	0.0	0.0	0.0	0.0	0.0	0.0
1	0.0	0.0	63	0.0	15.29	0	0.0	0.01503307276007216	0.0	1.0	0.0	0.0	0.0	0.007267441860465116	0.0
1	1.0	0.0	67	0.064516129032258	0.48	1	1.0729613733905579	0.0	0.0	0.88	0.0	0.0	0.0	0.0	0.06796556411418214
2	0.0	0.0	1	0.0	16.26	0	0.0	0.03551136363636364	0.0	0.0	0.0	0.0	0.0	0.0	0.0
1	0.0	0.0	17	0.0	17.91	0	0.7299270072992701	0.0	0.0	0.0	0.0	0.0	0.0	0.0	0.0
1	0.0	0.0	63	0.0	5.12	0	0.30120481927710846	0.0	0.0	0.0	0.0	0.0	0.0	0.0	0.0
0	0.0	0.0	26	0.0	0.0	0	0.5434782608695652	0.0	0.0	0.0	0.0	0.0	0.0	0.2717391304347826	0.0
1	0.0	0.0	32	0.0	10.5	0	0.7092198581560284	0.0	0.0	0.0	0.0	0.0	0.0	0.0	0.0
1	0.0	0.0	0	0.0	9.5	0	0.0	0.18726591760299627	0.0	0.0	0.0	0.0	0.0	0.0	0.0
1	0.0	0.0	16	0.0	9.5	0	0.641025641025641	0.0	0.0	0.0	0.0	0.0	0.0	0.0	0.0
1	0.0	1.0	0	0.0	9.5	0	0.0	0.14792899408284024	0.0	0.0	0.0	0.0	0.0	0.0	0.0
2	0.0	0.0	51	0.0	13.41	0	0.0	0.027427317608337904	0.0	0.5	0.0	0.0	0.0	0.0	0.0
10	0.0	0.0	74	0.0	5.71	0	0.13351134846461948	0.24330900243309	0.0	0.0	0.0	0.0	0.0	0.0	0.0
2	0.0	0.0	30	0.0	16.01	0	0.0	0.024038461538461536	0.0	0.0	0.0	0.0	0.0	0.0	0.024038461538461536
5	0.0	0.0	42	0.1724137931034483	15.18	0	0.019638648860958365	0.0	0.0	0.0	0.0	0.0	0.0	0.019638648860958365	0.0
2	0.0	0.0	0	0.0	16.68	0	0.0	1.1278195488721805	0.0	0.0	0.0	0.0	0.0	0.0	0.0
3	0.0	0.0	77	0.0	8.49	0	0.03968253968253968	0.0	0.0	0.0	0.0	0.0	0.0	0.0	0.0
2	0.0	0.0	0	0.0	16.8	0	0.0	0.07716049382716049	0.0	0.0	0.0	0.0	0.0	0.0	0.0
1	0.0	0.0	44	0.1117318435754189	13.82	0	0.03812428516965307	0.0	0.0	0.0	0.0	0.0	0.0	0.0	0.0
1	0.0	0.0	0	0.0	16.96	0	0.0	0.7485029940119761	0.0	0.0	0.0	0.0	0.0	0.0	0.0
1	0.0	0.0	19	0.16	6.13	0	0.20242914979757085	0.0	0.0	0.5	0.0	0.0	0.0	0.0	0.0
1	0.0	0.0	1	0.0	16.26	0	0.0	0.04312203536006899	0.0	0.0	0.0	0.0	0.0	0.0	0.0
0	0.0	0.0	4	0.0	14.91	0	0.37037037037037035	0.0	0.0	0.0	0.0	0.0	0.0	0.0	0.0
5	0.0	0.0	40	0.0571428571428571	12.2	0	0.0	0.11682242990654206	0.0	0.0	0.0	0.0	0.0	0.0	0.05841121495327103
0	0.0	0.0	17	0.0	0.0	1	0.0	1.0204081632653061	0.0	1.0	0.0	0.0	0.0	0.0	0.0
3	0.0	0.0	30	0.0	15.28	0	0.037009622501850484	0.0	0.0	0.0	0.0	0.0	0.0	0.0	0.0
1	0.0	0.0	0	0.0	16.41	0	0.0	0.3067484662576687	0.0	0.0	0.0	0.0	0.0	0.0	0.0
0	0.0	0.0	23	0.0	0.0	0	0.0	1.0	0.0	0.0	0.0	0.0	0.0	0.0	1.0
0	0.0	0.0	17	0.3333333333333333	0.0	1	0.4424778761061947	0.0	0.0	1.0	0.0	0.0	0.0	0.0	0.0
0	0.3333333333333333	0.0	47	0.0134228187919463	0.0	1	0.03447087211306446	0.7363092498849516	0.058823529411764705	0.8823529411764706	0.046019328117809476	0.0	0.0	0.03447087211306446	0.0
2	0.0	0.0	16	0.0111111111111111	16.09	0	0.03026634382566586	0.0	0.0	0.0	0.0	0.0	0.0	0.0	0.0
3	0.0	0.0	19	0.0	11.77	0	0.1152073732718894	0.0	0.0	0.0	0.0	0.0	0.0	0.1152073732718894	0.0
0	0.0	0.0	24	0.0	0.0	0	0.4424778761061947	0.0	0.0	0.5	0.0	0.0	0.0	0.4424778761061947	0.0
1	0.0	0.0	38	0.0925925925925925	12.81	0	0.0	0.03816793893129771	0.0	1.0	0.0	0.0	0.0	0.0	0.03816793893129771
1	1.0	0.0	33	0.11650485436893199	13.2	0	0.0	0.06611570247933884	0.0	0.0	0.0	0.0	0.0	0.0	0.0
1	0.0	0.3333333333333333	26	0.058252427184465994	0.66	1	5.833333333333334	0.0	0.0	0.8571428571428571	0.0	0.0	0.0	0.0	0.07704160246533127
1	1.0	0.5	0	0.1243781094527363	40.08	0	0.17094017094017094	0.0	0.0	0.0	0.0	0.0	0.0	0.0	0.0
1	0.0	0.0	2	0.0	22.16	0	0.0	0.390625	0.0	0.0	0.0	0.0	0.0	0.0	0.0
0	0.0	0.0	2	0.2857142857142857	16.4	0	0.0	0.02631578947368421	0.0	2.0	0.0	0.0	0.0	0.0	0.0
3	0.0	0.0	2	0.0	16.05	0	0.0	0.08389261744966443	0.0	0.0	0.0	0.0	0.0	0.0	0.0
0	0.0	0.0	24	0.0	0.0	0	0.02525890376357666	0.0	0.0	0.0	0.0	0.0	0.0	0.02525890376357666	0.0
1	0.0	0.0	75	0.0	9.5	0	0.31446540880503143	0.0	0.0	0.0	0.0	0.0	0.0	0.0	0.0
1	0.0	0.0	19	0.0	4.95	0	3.3333333333333335	0.0	0.0	0.0	0.0	0.0	0.0	0.0	0.0
1	0.0	0.0	35	0.0	15.92	0	0.0	0.023337222870478413	0.0	0.0	0.0	0.0	0.0	0.0	0.0
3	1.0	0.0	35	0.1818181818181818	7.97	0	0.0	0.15723270440251574	0.0	0.0	0.0	0.0	0.0	0.0	0.052410901467505246
2	0.0	0.0	25	0.0	8.89	0	0.35211267605633806	0.0	0.0	0.25	0.0	0.0	0.0	0.0	0.0
0	0.0	0.0	0	0.0	16.57	0	0.0	0.02927400468384075	0.0	0.0	0.0	0.0	0.0	0.0	0.0
0	0.0	0.0	1	0.2248062015503876	26.6	0	0.0	0.0544069640914037	0.0	0.0	0.0	0.0	0.0	0.0	0.0
2	0.0	0.0	51	0.0	8.38	1	0.36496350364963503	0.4504504504504504	0.0	0.5	0.0	0.0	0.0	0.0	0.4504504504504504
11	0.0	0.0	29	0.0	15.59	0	0.024491795248591724	0.0	0.0	0.0	0.0	0.0	0.0	0.0	0.0
0	0.5	0.5	30	0.0	7.79	1	0.15706806282722513	0.5935556811758055	0.0	0.6666666666666666	0.0	0.0	0.0	0.0	0.0
3	0.0	0.0	7	0.0	16.27	0	0.0	0.1091703056768559	0.0	0.0	0.0	0.0	0.0	0.0	0.0
1	0.0	0.0	17	0.0	9.5	0	0.09689922480620154	0.0	0.0	0.0	0.0	0.0	0.0	0.0	0.0
0	0.0	0.0	0	0.0	16.72	0	0.0	0.1020408163265306	0.0	0.0	0.0	0.0	0.0	0.0	0.0
2	0.0	0.0	12	0.0	15.28	0	0.0	0.05393743257820928	0.0	6.0	0.0	0.0	0.0	0.0	0.0
0	0.0	0.0	21	0.0	0.0	0	0.0	0.13280212483399734	0.0	0.0	0.0	0.0	0.0	0.0	0.06640106241699867
1	0.0	0.0	41	0.0	14.65	0	0.0	0.030788177339901482	0.0	0.0	0.0	0.0	0.0	0.0	0.015394088669950741
3	0.0	0.0	0	0.0	16.77	0	0.0	0.3215434083601286	0.0	0.5	0.0	0.0	0.0	0.0	0.0
1	0.0	0.0	0	0.0	10.5	0	0.0	0.2053388090349076	0.0	1.0	0.0	0.0	0.0	0.0	0.0
2	0.0	0.0	2	0.0	10.52	0	1.0989010989010988	0.0	0.0	0.0	0.0	0.0	0.0	0.0	0.0
1	0.0	0.0	11	0.0	14.65	0	0.14285714285714285	0.0	0.0	1.0	0.0	0.0	0.0	0.0	0.0
3	0.0	0.0	27	0.0	16.82	0	0.034387895460797804	0.0	0.0	7.0	0.0	0.0	0.0	0.0	0.0
0	0.0	0.0	21	0.0	0.0	0	0.0	0.17921146953405018	0.0	0.5	0.0	0.0	0.0	0.0	0.17921146953405018
6	0.0	0.0	5	0.0	15.84	0	0.0	0.06119951040391677	0.0	0.0	0.0	0.0	0.0	0.0	0.0
0	0.0	0.0	28	0.0	0.0	0	0.0	0.13661202185792348	0.0	0.0	0.0	0.0	0.0	0.0	0.0
1	0.0	0.0	0	0.0	17.18	0	0.0	0.028457598178713715	0.0	1.0	0.0	0.0	0.0	0.0	0.0
1	0.0	0.0	0	0.0	17.49	0	0.0	0.11668611435239207	0.0	1.5	0.0	0.0	0.0	0.0	0.0
2	0.0	0.0	36	0.0	7.57	0	0.05701254275940707	0.0	0.0	0.0	0.0	0.0	0.0	0.05701254275940707	0.0
0	0.0	0.0	34	0.0	15.65	0	0.019964064683569573	0.0	0.0	0.0	0.0	0.0	0.0	0.0	0.0
1	0.0	0.0	6	0.1965811965811965	12.94	0	0.0	0.17580872011251758	0.0	0.2	0.0	0.0	0.0	0.0	0.0
0	0.0	0.0	0	0.0	17.08	0	0.0	0.3658536585365854	0.0	0.0	0.0	0.0	0.0	0.0	0.0
0	0.0	0.0	15	0.1447368421052631	0.0	0	0.07272727272727272	0.0	0.0	0.0	0.0	0.0	0.0	0.0	0.0
5	0.0	0.0	68	0.0	4.94	0	0.6329113924050632	0.0	0.0	0.0	0.0	0.0	0.0	0.0	0.0
1	0.0	0.0	65	0.1875	5.07	0	0.25380710659898476	0.0	0.0	0.0	0.0	0.0	0.0	0.0	0.0
1	0.0	0.0	5	0.0	8.5	0	0.35842293906810035	0.0	0.0	0.5	0.0	0.0	0.0	0.0	0.0
6	0.0	0.0	45	0.0935960591133004	14.03	0	0.0	0.03779289493575208	0.0	0.5	0.0	0.0	0.0	0.0	0.01889644746787604
0	0.0	0.0	16	0.0	0.0	0	0.0	0.024654832347140037	0.0	0.0	0.0	0.0	0.0	0.0	0.0
0	0.0	0.0	0	0.0	17.4	0	0.0	0.8928571428571428	0.0	0.0	0.0	0.0	0.0	0.0	0.0
1	0.0	0.0	32	0.0	5.93	0	1.4851485148514851	0.0	0.0	0.0	0.0	0.0	0.0	0.0	0.0
1	0.0	0.0	0	0.0	17.29	0	0.0	2.1739130434782608	0.0	0.0	0.0	0.0	0.0	0.0	0.0
3	0.0	0.0	64	0.0	5.25	0	0.0	0.14326647564469913	0.0	0.0	0.0	0.0	0.0	0.0	0.0
6	0.0	0.0	19	0.0	16.31	0	0.0	0.01649892756970797	0.0	0.0	0.0	0.0	0.0	0.0	0.0
0	0.0	0.0	42	0.0	0.0	0	0.10101010101010101	0.0	0.0	0.0	0.0	0.0	0.0	0.10101010101010101	0.0
2	0.0	0.0	65	0.0	5.58	0	0.18248175182481752	0.0	0.0	0.0	0.0	0.0	0.0	0.0	0.0
4	0.0	0.0	37	0.0	18.8	0	0.06565988181221273	0.0	0.0	0.0	0.0	0.0	0.0	0.0	0.0
1	0.0	0.0	16	0.0	9.5	0	0.49504950495049505	0.0	0.0	0.0	0.0	0.0	0.0	0.0	0.0
1	0.0	0.0	34	0.0	15.22	0	0.02446183953033268	0.0	0.0	0.0	0.0	0.0	0.0	0.01223091976516634	0.0
1	0.0	0.0	42	0.0	10.0	0	0.0	0.0831946755407654	0.0	0.0	0.0	0.0	0.0	0.0	0.0831946755407654
2	0.0	0.0	48	0.0	11.02	0	0.03234152652005175	0.0	0.0	0.0	0.0	0.0	0.0	0.03234152652005175	0.0
3	1.0	0.0	47	0.0	32.31	0	0.14204545454545456	0.0	0.0	0.0	0.0	0.0	0.0	0.0	0.0
1	0.0	0.0	48	0.0	10.8	0	0.3278688524590164	0.0	0.0	0.0	0.0	0.0	0.0	0.1639344262295082	0.0
3	0.0	0.0	17	0.0	7.63	0	0.27027027027027023	0.0	0.0	0.0	0.0	0.0	0.0	0.0	0.0
4	0.0	0.0	18	0.0307692307692307	16.16	0	0.024348672997321647	0.0	0.0	0.0	0.0	0.0	0.0	0.024348672997321647	0.0
2	0.0	0.0	0	0.1138211382113821	16.63	0	0.017972681524083392	0.0	0.0	0.0	0.0	0.0	0.0	0.0	0.0
1	0.0	0.0	53	0.0	7.02	0	0.6224066390041494	0.0	0.0	0.0	0.0	0.0	0.0	0.0	0.0
2	0.0	0.0	25	0.0	15.83	0	0.6802721088435374	0.0	0.0	0.0	0.0	0.0	0.0	0.0	0.0
1	0.0	0.0	16	0.0	15.98	0	0.031705770450221944	0.0	0.0	0.0	0.0	0.0	0.0	0.0	0.0
5	0.0	0.0	44	0.0635838150289017	14.34	0	0.10185892538833714	0.0	0.0	0.0	0.0	0.0	0.0	0.0	0.0
2	0.0	0.0	0	0.0	16.76	0	0.0	0.07256894049346879	0.0	0.5	0.0	0.0	0.0	0.0	0.0
5	0.0	0.0	30	0.0	11.13	0	0.07352941176470588	0.0	0.0	0.0	0.0	0.0	0.0	0.0	0.041841004184100423
0	0.0	0.0	24	0.0	0.0	0	0.08904719501335707	0.0	0.0	0.0	0.0	0.0	0.0	0.08904719501335707	0.0
1	0.0	0.0	22	0.0	6.73	0	0.2136752136752137	0.0	0.0	1.0	0.0	0.0	0.0	0.0	0.0
2	0.0	0.0	0	0.0141843971631205	16.36	0	0.0	0.017277125086385625	0.0	0.0	0.0	0.0	0.0	0.0	0.0
0	0.0	0.0	20	0.0	15.17	0	0.0	0.042643923240938165	0.0	0.0	0.0	0.0	0.0	0.0	0.042643923240938165
4	0.0	0.0	0	0.0	16.69	0	0.0	0.03566333808844508	0.0	3.5	0.0	0.0	0.0	0.0	0.0
3	0.0	0.0	35	0.0	15.87	0	0.0	0.023239600278875203	0.0	0.5	0.0	0.0	0.0	0.009154155986818015	0.0
0	0.0	0.0	2	0.0609756097560975	16.15	0	0.05903187721369539	0.0	0.0	0.0	0.0	0.0	0.0	0.0	0.0
2	0.0	0.0	67	0.2642487046632124	11.41	0	0.0	0.031938677738741615	0.0	0.0	0.0	0.0	0.0	0.0	0.0
2	0.0	0.0	1	0.0714285714285714	16.99	0	0.0	0.11641443538998836	0.0	1.0	0.0	0.0	0.0	0.0	0.0
3	0.0	0.0	59	0.0	8.94	0	0.0	0.13054830287206265	0.0	10.0	0.0	0.0	0.0	0.0	0.13054830287206265
4	0.0	0.0	35	0.05063291139240499	16.22	0	0.0681663258350375	0.0	0.0	0.0	0.0	0.0	0.0	0.0	0.0
2	0.0	0.0	34	0.0	8.06	0	0.33557046979865773	0.0	0.0	0.0	0.0	0.0	0.0	0.0	0.0
3	0.0	0.0	2	0.0	16.97	0	0.0	0.03938558487593541	0.0	0.0	0.0	0.0	0.0	0.0	0.0
4	0.0	0.0	41	0.0337078651685393	14.46	0	0.02531645569620253	0.0	0.0	2.0	0.0	0.0	0.0	0.0	0.0
4	0.0	0.0	2	0.0	16.72	0	0.0	0.1636661211129296	0.0	0.0	0.0	0.0	0.0	0.0	0.0
3	0.0	0.0	45	0.0	13.5	0	0.0354735721887194	0.0	0.0	0.5	0.0	0.0	0.0	0.0	0.0
0	0.0	0.0	39	0.0	0.0	0	0.05602240896358543	0.0	0.0	0.5	0.0	0.0	0.0	0.0	0.0
6	0.0	0.0	30	0.0	16.02	0	0.0	0.028702640642939148	0.0	0.5	0.0	0.0	0.0	0.0	0.028702640642939148
6	0.0	0.0	50	0.0231884057971014	15.61	0	0.013819789939192924	0.0	0.0	0.0	0.0	0.0	0.0	0.0	0.0
0	0.0	0.0	5	0.0	16.57	0	0.022629554197782304	0.0	0.0	0.0	0.0	0.0	0.0	0.0	0.0
0	0.0	0.0	25	0.0	0.0	0	0.03720238095238095	0.0	0.0	0.0	0.0	0.0	0.0	0.0	0.0
4	0.0	0.0	35	0.0	10.73	0	0.09633911368015413	0.0	0.0	0.0	0.0	0.0	0.0	0.0	0.0
3	0.0	0.0	22	0.0	15.63	0	0.0	0.027777777777777776	0.0	0.0	0.0	0.0	0.0	0.0	0.0
0	0.0	0.0	16	0.0	0.0	0	0.0	0.2857142857142857	0.0	0.0	0.0	0.0	0.0	0.0	0.0
1	0.0	0.0	1	0.07	16.64	0	0.019204916458613407	0.0	0.0	0.5	0.0	0.0	0.0	0.0	0.0
1	0.0	0.0	18	0.0	14.42	0	0.0	0.0792393026941363	0.0	0.0	0.0	0.0	0.0	0.0	0.0792393026941363
4	0.0	0.0	44	0.0	15.19	0	0.0	0.01790189760114572	0.0	0.0	0.0	0.0	0.0	0.0	0.01790189760114572
0	0.0	0.0	21	0.0714285714285714	0.0	1	1.0344827586206897	0.3968253968253968	0.0	1.0	0.0	0.0	0.0	0.6896551724137931	0.0
2	0.0	0.0	0	0.0	15.51	0	0.0	0.3184713375796178	0.0	1.0	0.0	0.0	0.0	0.0	0.0
0	0.0	1.0	47	0.0588235294117647	0.0	0	0.0	0.04258943781942078	0.0	0.0	0.0	0.0	0.0	0.0	0.02129471890971039
0	0.0	0.0	18	0.0	0.0	0	0.0	0.3225806451612903	0.0	0.0	0.0	0.0	0.0	0.0	0.0
4	0.0	1.0	2	0.0	27.72	0	0.19455252918287938	0.0	0.0	0.0	0.0	0.0	0.0	0.0	0.0
3	1.0	0.0	47	0.0	17.77	0	0.08393956351426972	0.0	0.0	0.0	0.0	0.0	0.0	0.0	0.0
2	0.0	0.0	47	0.0	7.52	0	0.5882352941176471	0.0	0.0	0.0	0.0	0.0	0.0	0.0	0.0
3	0.0	0.0	41	0.0	14.99	0	0.024125452352231604	0.0	0.0	0.0	0.0	0.0	0.0	0.012062726176115802	0.0
3	0.0	0.0	15	0.0434782608695652	11.1	0	0.1592356687898089	0.0	0.0	0.5	0.0	0.0	0.0	0.0	0.0
0	0.0	0.0	47	0.0	14.41	0	0.0	0.021486892995272885	0.0	0.0	0.0	0.0	0.0	0.0	0.010743446497636443
1	0.0	0.0	42	0.0	10.26	0	0.0	0.02641310089804543	0.0	0.0	0.0	0.0	0.0	0.0	0.0
1	0.0	1.0	43	0.0	9.5	0	0.4385964912280702	0.0	0.0	0.0	0.0	0.0	0.0	0.0	0.0
1	0.0	0.0	0	0.0	11.0	0	0.0	0.49504950495049505	0.0	0.0	0.0	0.0	0.0	0.0	0.0
1	0.0	0.0	0	0.0	10.0	0	0.0	0.9433962264150942	0.0	1.0	0.0	0.0	0.0	0.0	0.0
4	0.0	0.0	17	0.19607843137254896	16.21	0	0.0	0.06085192697768763	0.0	3.3333333333333335	0.0	0.0	0.0	0.16286644951140064	0.0
5	0.0	0.0	16	0.0	16.29	0	0.03179650238473768	0.0	0.0	0.25	0.0	0.0	0.0	0.0	0.0
3	0.0	0.0	49	0.1244979919678714	14.72	0	0.019790223629527013	0.0	0.0	0.5	0.0	0.0	0.0	0.0	0.0
1	0.5	0.0	24	0.0	2.5	0	0.06447453255963895	0.0	0.0	0.0	0.0	0.0	0.0	0.0	0.03450655624568668
1	0.0	0.0	17	0.0	7.67	0	0.2645502645502646	0.0	0.0	0.0	0.0	0.0	0.0	0.0	0.0
1	0.0	0.0	0	0.0	16.69	0	0.0	0.10309278350515465	0.0	0.0	0.0	0.0	0.0	0.0	0.0
1	0.0	0.0	0	0.0	16.82	0	0.0	0.5	0.0	0.5	0.0	0.0	0.0	0.0	0.0
3	0.0	0.0	35	0.036697247706422007	15.28	0	0.026219192448872573	0.0	0.0	0.0	0.0	0.0	0.0	0.0	0.0
5	0.0	0.0	42	0.0	15.3	0	0.0	0.02491280518186348	0.0	0.0	0.0	0.0	0.0	0.0	0.0
3	0.0	0.0	13	0.0	16.15	0	0.0	0.04065040650406504	0.0	0.5	0.0	0.0	0.0	0.0	0.0
0	1.0	0.0	20	0.0	0.0	0	0.0	0.2032520325203252	0.0	0.0	0.0	0.0	0.0	0.0	0.0
3	0.0	0.0	33	0.1768707482993197	14.75	0	0.031685678073510776	0.0	0.0	0.0	0.0	0.0	0.0	0.015842839036755388	0.0
1	0.0	0.0	1	0.4107142857142857	16.65	0	0.0	0.07570022710068129	0.0	0.0	0.0	0.0	0.0	0.0	0.0
2	0.0	0.0	17	0.0	15.06	0	0.1026694045174538	0.0	0.0	0.0	0.0	0.0	0.0	0.0	0.0
3	0.0	0.0	37	0.0	14.76	0	0.0	0.03710575139146568	0.0	0.5	0.0	0.0	0.0	0.0	0.01855287569573284
1	0.0	0.0	21	0.0	9.5	0	0.08741258741258742	0.0	0.0	0.0	0.0	0.0	0.0	0.0	0.0
4	0.0	0.0	31	0.0062893081761006	15.6	0	0.053399786400854396	0.0	0.0	0.0	0.0	0.0	0.0	0.0	0.0
0	0.0	0.0	19	0.0	0.0	0	0.0	1.923076923076923	0.0	0.0	0.0	0.0	0.0	0.0	1.923076923076923
1	0.0	0.5	37	0.0416666666666666	16.0	0	0.0851063829787234	0.0	0.0	0.5	0.0	0.0	0.0	0.0425531914893617	0.0
1	0.0	0.0	74	0.1428571428571428	12.21	0	0.0	0.033967391304347824	0.0	1.0	0.0	0.0	0.0	0.0	0.0
0	0.0	0.0	25	0.0	0.0	0	0.0	1.25	0.0	0.0	0.0	0.0	0.0	0.0	1.25
5	0.0	0.0	20	0.0	16.39	0	0.0	0.02975304968759298	0.0	0.0	0.0	0.0	0.0	0.0	0.0
1	0.0	0.0	26	0.0	24.8	0	0.0	0.574712643678161	0.0	0.3333333333333333	0.0	0.0	0.0	0.0	0.19157088122605365
6	0.0	0.0	47	0.0	14.91	0	0.0	0.017605633802816902	0.0	0.0	0.0	0.0	0.0	0.0	0.0
3	0.0	0.0	48	0.0	14.46	0	0.0	0.029612081729345572	0.0	0.0	0.0	0.0	0.0	0.011976047904191617	0.0
0	0.0	0.0	11	0.2417582417582417	16.77	0	0.0	0.11346444780635401	0.0	0.6666666666666666	0.0	0.0	0.0	0.0	0.0
3	0.0	0.0	34	0.0	4.99	0	1.25	0.0	0.0	0.0	0.0	0.0	0.0	0.0	0.0
0	0.0	0.0	4	0.1710526315789473	9.5	0	0.0	0.0514668039114771	0.0	0.0	0.0	0.0	0.0	0.0	0.0
0	0.0	0.0	15	0.0	0.0	0	0.0	0.0326477309826967	0.0	0.0	0.0	0.0	0.0	0.0	0.0
1	0.0	0.0	0	0.0	9.5	0	0.0	0.78125	0.0	0.0	0.0	0.0	0.0	0.0	0.0
1	1.0	0.0	23	0.0	12.0	0	0.5617977528089888	0.0	0.0	0.0	0.0	0.0	0.0	0.0	0.0
1	0.0	0.0	0	0.5	15.35	0	0.0	0.0	0.0	0.5	0.0	0.0	0.0	0.0	0.0
0	0.0	0.0	45	0.0	0.0	0	0.15479876160990713	0.0	0.0	0.0	0.0	0.0	0.0	0.07739938080495357	0.0
0	0.0	1.0	18	0.0	0.0	0	0.08051529790660225	0.0	0.0	0.0	0.0	0.0	0.0	0.0	0.0
3	0.0	0.0	18	0.0	17.57	0	0.07168458781362008	0.0	0.0	0.5	0.0	0.0	0.0	0.0	0.0
0	1.0	0.0	37	0.0	0.0	0	0.02560163850486431	0.0	0.0	0.5	0.0	0.0	0.0	0.012800819252432155	0.0
1	0.0	0.0	0	0.12	16.7	0	0.0	0.2503128911138924	0.0	0.25	0.0	0.0	0.0	0.0	0.0
2	0.0	0.0	41	0.0	14.39	0	0.0	0.024727992087042534	0.0	0.0	0.0	0.0	0.0	0.0	0.012363996043521267
0	0.5	1.0	31	0.2148148148148148	0.0	0	0.0	0.014136273678258413	0.0	0.0	0.0	0.0	0.0	0.0	0.0
3	0.0	1.0	3	0.0869565217391304	17.68	0	0.7042253521126761	0.0	0.0	1.0	0.0	0.0	0.0	0.0	0.0
1	0.0	0.0	36	0.3333333333333333	6.48	0	0.0	0.2	0.0	1.0	0.0	0.0	0.0	0.0	0.0
0	0.0	0.0	18	0.0	0.0	0	0.0	0.12077294685990339	0.0	0.0	0.0	0.0	0.0	0.0	0.0
2	0.0	0.0	41	0.0	12.83	0	0.0	0.125	0.0	0.0	0.0	0.0	0.0	0.0	0.0
2	0.0	0.0	16	0.0	24.14	0	0.19455252918287938	0.0	0.0	0.0	0.0	0.0	0.0	0.0	0.0
1	0.0	0.0	32	0.0	13.8	0	0.0	0.06146281499692686	0.0	0.0	0.0	0.0	0.0	0.0	0.03073140749846343
2	0.0	0.0	18	0.07	15.79	0	0.03477051460361613	0.0	0.0	0.5	0.0	0.0	0.0	0.0	0.0
2	0.0	0.0	43	0.0	14.56	0	0.0341646737273659	0.0	0.0	0.0	0.0	0.0	0.0	0.0	0.0
5	0.0	0.0	1	0.1923076923076923	16.2	0	0.032722513089005235	0.0	0.0	0.0	0.0	0.0	0.0	0.0	0.0
2	0.0	0.0	14	0.0	6.45	0	0.5952380952380952	0.0	0.0	0.0	0.0	0.0	0.0	0.0	0.0
2	0.0	0.0	0	0.0176991150442477	17.13	0	0.0	0.06234413965087282	0.0	0.0	0.0	0.0	0.0	0.0	0.0
4	0.0	0.0	46	0.0	15.39	0	0.0	0.02718499388337638	0.0	0.0	0.0	0.0	0.0	0.0	0.0
3	0.0	0.0	0	0.0	16.26	0	0.0	0.07142857142857142	0.0	0.0	0.0	0.0	0.0	0.0	0.0
1	0.0	0.0	20	0.0	13.5	0	0.1160092807424594	0.0	0.0	0.0	0.0	0.0	0.0	0.0	0.0
1	0.0	0.0	10	0.1935483870967742	15.61	0	0.24570024570024568	0.0	0.0	1.0	0.0	0.0	0.0	0.0	0.0
0	0.0	0.0	0	0.0	17.29	0	0.0	2.7777777777777777	0.0	2.0	0.0	0.0	0.0	0.0	0.0
1	1.0	1.0	55	0.0	19.97	0	0.10416666666666667	0.0	0.0	0.0	0.0	0.0	0.0	0.0	0.0
1	0.0	0.0	30	0.0	14.88	0	0.03116235587410408	0.0	0.0	0.0	0.0	0.0	0.0	0.01558117793705204	0.0
2	0.0	0.0	1	0.0	16.69	0	0.0	0.03146633102580239	0.0	0.0	0.0	0.0	0.0	0.0	0.0
2	0.0	0.0	1	0.0	16.84	0	0.0	0.0501002004008016	0.0	0.0	0.0	0.0	0.0	0.0	0.0
1	0.0	1.0	0	0.0	9.5	0	0.0	0.061050061050061055	0.0	1.0	0.0	0.0	0.0	0.0	0.0
6	0.0	0.0	24	0.0088495575221238	15.83	0	0.0	0.02224199288256228	0.0	0.0	0.0	0.0	0.0	0.0	0.0
3	0.0	0.0	7	0.0	16.55	0	0.03661662394727206	0.0	0.0	0.0	0.0	0.0	0.0	0.0	0.0
0	0.0	0.6666666666666666	21	0.0	0.0	0	0.02860411899313501	0.0	0.0	0.0	0.0	0.0	0.0	0.02860411899313501	0.0
1	0.0	1.0	4	0.1538461538461538	7.54	0	0.0	0.49019607843137253	0.0	0.0	0.0	0.0	0.0	0.0	0.0
0	0.0	0.0	22	0.4045454545454545	15.48	0	0.1017293997965412	0.0	0.0	0.5	0.0	0.0	0.0	0.1017293997965412	0.0
7	0.0	0.0	36	0.1095406360424028	16.06	0	0.012335019119279636	0.0	0.0	0.0	0.0	0.0	0.0	0.012335019119279636	0.013333333333333334
0	0.0	0.0	22	0.0526315789473684	0.0	1	0.0	15.0	0.0	0.5	0.0	0.0	0.0	0.0	0.0
4	0.0	0.0	32	0.0	11.9	0	0.0617283950617284	0.0	0.0	0.0	0.0	0.0	0.0	0.0	0.0
3	0.0	0.0	3	0.0	16.75	0	0.050761421319796954	0.0	0.0	1.0	0.0	0.0	0.0	0.0	0.0
0	0.0	0.0	26	0.0	0.0	0	0.20576131687242796	0.0	0.0	0.0	0.0	0.0	0.0	0.0	0.0
1	0.0	0.0	44	0.1578947368421052	9.5	0	0.35149384885764495	0.0	0.0	0.0	0.0	0.0	0.0	0.0	0.0
2	0.0	0.0	18	0.0	9.7	0	0.0	0.2304147465437788	0.0	0.0	0.0	0.0	0.0	0.0	0.0
3	0.0	0.0	28	0.0	14.73	1	0.0	0.6955177743431221	0.0	1.2222222222222223	0.0	0.0	0.0	0.0	0.5409582689335395
1	1.0	0.0	35	0.0	1.89	0	0.0332723340542339	0.0	0.0	0.0	0.0	0.0	0.0	0.01663616702711695	0.0
0	0.0	0.0	21	0.2222222222222222	0.0	0	0.0	0.9259259259259258	0.0	0.0	0.0	0.0	0.0	0.0	0.0
0	0.0	0.0	29	0.0	0.0	0	0.36496350364963503	0.0	0.0	0.0	0.0	0.0	0.0	0.18248175182481752	0.0
1	0.0	0.0	47	0.0	23.5	0	0.4065040650406504	0.0	0.0	0.0	0.0	0.0	0.0	0.2032520325203252	0.0
1	0.0	0.0	38	0.0606060606060606	8.5	0	0.0	0.11990407673860912	0.0	0.0	0.0	0.0	0.0	0.0	0.0
0	0.0	0.0	24	0.0	0.0	1	50.0	0.0	0.0	1.0	0.0	0.0	0.0	0.0	0.0
0	0.0	0.0	2	0.2727272727272727	16.57	0	0.14084507042253522	0.0	0.0	0.0	0.0	0.0	0.0	0.0	0.0
2	0.0	0.0	0	0.0126582278481012	16.81	0	0.0	0.8333333333333334	0.0	0.0	0.0	0.0	0.0	0.0	0.0
0	0.0	0.0	0	0.1847133757961783	31.46	0	0.0	0.036576444769568395	0.0	0.0	0.0	0.0	0.0	0.0	0.0
4	0.0	0.0	31	0.0	15.6	0	0.0	0.018460402436773122	0.0	0.0	0.0	0.0	0.0	0.0	0.0
2	0.0	0.0	0	0.0	16.25	0	0.0	0.10438413361169102	0.0	0.0	0.0	0.0	0.0	0.0	0.0
1	0.0	0.0	17	0.2708333333333333	15.0	1	0.0	0.24154589371980678	0.0	1.75	0.0	0.0	0.0	0.0	0.0
2	0.3333333333333333	1.0	32	0.0	37.26	0	0.0	0.13636363636363635	0.0	0.0	0.0	0.0	0.0	0.0	0.0
1	0.0	0.0	24	0.0689655172413793	6.62	0	0.22831050228310504	0.0	0.0	0.0	0.0	0.0	0.0	0.0	0.0
1	0.0	0.0	0	0.0	14.74	0	0.0	0.0	0.0	0.0	0.0	0.0	0.0	0.0	0.0
1	0.0	0.0	0	0.0	17.05	0	0.0	0.38759689922480617	0.0	0.5	0.0	0.0	0.0	0.0	0.0
1	0.0	0.0	15	0.0	7.0	0	0.19607843137254904	0.0	0.0	0.0	0.0	0.0	0.0	0.0	0.0
3	0.0	0.0	54	0.0	14.6	0	0.0	0.03379520108144644	0.0	0.0	0.0	0.0	0.0	0.018839487565938208	0.0
1	0.0	0.0	63	0.0	6.78	0	0.09191176470588235	0.0	0.0	0.0	0.0	0.0	0.0	0.0	0.0
0	0.0	0.0	25	0.0	0.0	1	0.0	1.5151515151515151	0.0	0.3333333333333333	0.0	0.0	0.0	0.0	1.0101010101010102
4	0.0	0.0	3	0.2146596858638743	16.08	0	0.039032006245121	0.0	0.0	0.5	0.0	0.0	0.0	0.0	0.0
7	0.0	0.0	46	0.0082644628099173	14.77	0	0.023849272597185785	0.0	0.0	0.0	0.0	0.0	0.0	0.0	0.0
2	1.0	0.5	1	0.0	17.8	0	0.06662225183211193	0.0	0.0	0.0	0.0	0.0	0.0	0.0	0.0
0	0.0	0.0	18	0.0	0.0	1	4.545454545454546	0.0	0.0	0.5	0.0	0.0	0.0	0.0	0.0
1	0.0	0.0	0	0.2	16.95	0	0.0	25.0	0.0	0.0	0.0	0.0	0.0	0.0	0.0
0	0.0	0.0	43	0.2520325203252032	0.0	0	0.0	0.08097165991902834	0.0	0.0	0.0	0.0	0.0	0.0	0.0
3	0.0	0.0	37	0.0	4.87	0	1.7241379310344829	0.0	0.0	0.0	0.0	0.0	0.0	0.0	0.0
0	0.0	0.0	22	0.0	0.0	0	0.0	0.26881720430107525	0.0	0.0	0.0	0.0	0.0	0.0	0.26881720430107525
0	0.0	0.0	2	0.0	16.18	0	0.12004801920768307	0.0	0.0	0.0	0.0	0.0	0.0	0.0	0.0
2	0.0	0.0	51	0.0	54.31	0	0.0	0.06226650062266501	0.0	0.0	0.0	0.0	0.0	0.0	0.0
1	0.0	0.0	0	0.2307692307692307	9.5	0	0.0	0.4716981132075471	0.0	0.0	0.0	0.0	0.0	0.0	0.0
4	0.0	0.0	39	0.0	14.95	0	0.0	0.041305245766212306	0.0	0.5	0.0	0.0	0.0	0.0	0.020652622883106153
5	0.0	0.0	18	0.0	13.31	0	0.07692307692307693	0.0	0.0	0.0	0.0	0.0	0.0	0.0	0.0
0	1.0	0.0	16	0.0	0.0	0	0.07451564828614009	0.0	0.0	0.0	0.0	0.0	0.0	0.0	0.0
1	0.0	0.0	0	0.0	9.5	0	0.0	2.272727272727273	0.0	0.25	0.0	0.0	0.0	0.0	0.0
7	0.0	0.0	41	0.0588235294117647	15.51	0	0.0	0.026659557451346308	0.0	0.0	0.0	0.0	0.0	0.0	0.026659557451346308
1	0.0	0.0	6	0.0	16.26	0	0.029234067433248877	0.0	0.0	0.0	0.0	0.0	0.0	0.0	0.0
4	0.0	0.0	18	0.0177777777777777	16.58	0	0.0	0.013631406761177753	0.0	4.0	0.0	0.0	0.0	0.0	0.0
2	0.0	0.0	0	0.0121951219512195	16.59	0	0.0	0.05107252298263534	0.0	0.0	0.0	0.0	0.0	0.0	0.0
0	0.0	0.0	47	0.0	15.14	0	0.0	0.01661405549094534	0.0	0.5	0.0	0.0	0.0	0.0	0.02492108323641801
3	0.0	0.0	2	0.0	16.16	0	0.0	0.011335298118340513	0.0	0.0	0.0	0.0	0.0	0.0	0.0
1	0.0	0.0	74	0.0	9.5	0	1.1538461538461537	0.0	0.0	0.0	0.0	0.0	0.0	0.0	0.0
4	0.0	0.0	28	0.0	15.81	0	0.01985308715505261	0.0	0.0	0.0	0.0	0.0	0.0	0.0	0.0
0	0.0	0.0	32	0.165680473372781	14.97	0	0.0	0.048239266763145196	0.0	0.0	0.0	0.0	0.0	0.0	0.0
0	0.0	0.0	4	0.0	16.14	0	0.01818512456810329	0.0	0.0	0.0	0.0	0.0	0.0	0.0	0.0
1	1.0	1.0	2	0.2058823529411764	16.97	0	0.0	0.1488095238095238	0.0	0.0	0.0	0.0	0.0	0.0	0.0
0	0.0	0.0	33	0.0	0.0	0	0.15060240963855423	0.0	0.0	0.0	0.0	0.0	0.0	0.0	0.0
2	0.0	0.0	29	0.0	7.89	1	0.0	1.4492753623188408	0.0	1.5	0.0	0.0	0.0	0.0	0.0
0	0.0	0.0	30	0.0	0.0	0	0.0	0.0900900900900901	0.0	0.5	0.0	0.0	0.0	0.0	0.0
0	1.0	0.0	35	0.0	0.0	0	0.19083969465648853	0.0	0.0	1.0	0.0	0.0	0.0	0.0	0.0
0	1.0	1.0	17	0.0	0.0	0	0.0	0.08802816901408451	0.0	1.0	0.0	0.0	0.0	0.0	0.0
1	0.0	0.0	0	0.0	17.17	0	0.0	0.30864197530864196	0.0	0.0	0.0	0.0	0.0	0.0	0.0
3	0.0	0.0	31	0.0106382978723404	15.59	0	0.043898156277436345	0.0	0.0	0.0	0.0	0.0	0.0	0.0	0.0
1	0.0	0.0	30	0.0	15.55	0	0.0	0.016722408026755852	0.0	0.0	0.0	0.0	0.0	0.0	0.016722408026755852
5	0.0	0.0	1	0.0	16.25	0	0.03119151590767311	0.0	0.0	0.5	0.0	0.0	0.0	0.0	0.0
0	0.0	0.0	0	0.0	16.9	0	0.0	0.0350140056022409	0.0	0.0	0.0	0.0	0.0	0.0	0.0
1	0.0	0.0	27	0.0	9.5	0	0.5263157894736842	0.0	0.0	0.25	0.0	0.0	0.0	0.0	0.0
2	0.0	0.0	0	0.2878787878787879	17.6	0	0.0	0.057736720554272515	0.0	5.0	0.0	0.0	0.0	0.0	0.0
1	0.0	1.0	23	0.0101010101010101	21.68	0	0.0	0.022456770716370984	0.0	0.0	0.0	0.0	0.0	0.0	0.022456770716370984
1	0.0	0.0	14	0.0	9.5	0	1.1538461538461537	0.0	0.0	0.0	0.0	0.0	0.0	0.0	0.0
1	0.0	0.0	0	0.0	16.57	0	0.020024028834601523	0.0	0.0	0.0	0.0	0.0	0.0	0.0	0.0
2	0.0	0.0	0	0.0	16.49	0	0.0	0.27027027027027023	0.0	0.0	0.0	0.0	0.0	0.0	0.0
0	0.0	0.0	19	0.0	0.0	0	0.05221932114882507	0.0	0.0	0.0	0.0	0.0	0.0	0.0	0.0
7	0.0	0.0	51	0.0	15.62	0	0.0	0.01545833977430824	0.0	0.5	0.0	0.0	0.0	0.0	0.00772916988715412
7	0.0	0.0	65	0.0	8.39	0	0.04887585532746823	0.0	0.0	5.0	0.0	0.0	0.0	0.0	0.16233766233766234
3	0.0	0.0	0	0.0	16.9	0	0.0	0.27932960893854747	0.0	0.0	0.0	0.0	0.0	0.0	0.0
2	0.0	0.0	5	0.0126984126984126	16.62	0	0.03690717844620779	0.0	0.0	0.0	0.0	0.0	0.0	0.0	0.0
2	0.0	0.0	47	0.1604938271604938	12.78	0	0.0	0.030750307503075027	0.0	0.0	0.0	0.0	0.0	0.0	0.015375153751537514
1	0.0	0.0	1	0.0484848484848484	16.16	0	0.06548788474132286	0.0	0.0	0.0	0.0	0.0	0.0	0.0	0.0
4	0.0	0.0	2	0.2256097560975609	16.67	0	0.0	0.042498937526561836	0.0	0.5	0.0	0.0	0.0	0.0	0.0
3	0.0	0.0	0	0.0	12.43	0	0.0	4.716981132075471	0.0	0.0	0.0	0.0	0.0	0.0	0.0
3	0.0	0.0	0	0.0	16.45	0	0.5263157894736842	0.0	0.0	0.0	0.0	0.0	0.0	0.0	0.0
1	0.0	0.0	24	0.2	14.54	0	0.0	0.12195121951219513	0.0	0.0	0.0	0.0	0.0	0.0	0.06097560975609757
1	0.0	0.0	35	0.0	15.57	0	0.0	0.0395778364116095	0.0	0.16666666666666666	0.0	0.0	0.0	0.0	0.013192612137203167
4	0.0	0.0	32	0.0	8.75	0	0.10111223458038422	0.0	0.0	0.0	0.0	0.0	0.0	0.05055611729019211	0.0
1	0.0	0.0	15	0.3529411764705882	8.63	0	0.3184713375796178	0.0	0.0	0.0	0.0	0.0	0.0	0.0	0.0
3	0.0	0.0	31	0.0	6.05	0	0.0	0.1529051987767584	0.0	0.0	0.0	0.0	0.0	0.0	0.0
1	0.0	0.0	21	0.0833333333333333	15.04	0	0.05219206680584551	0.0	0.0	0.0	0.0	0.0	0.0	0.0	0.0
2	0.0	0.0	2	0.0246913580246913	16.36	0	0.0	0.03679175864606328	0.0	0.0	0.0	0.0	0.0	0.0	0.0
1	0.0	0.0	0	0.0	16.81	0	0.0	0.2949852507374631	0.0	3.0	0.0	0.0	0.0	0.0	0.0
3	0.0	0.0	42	0.1531531531531531	11.87	0	0.057405281285878296	0.0	0.0	0.0	0.0	0.0	0.0	0.0	0.0
2	0.0	0.0	25	0.0	15.26	0	0.03920031360250882	0.0	0.0	1.0	0.0	0.0	0.0	0.0	0.0
10	0.0	0.0	63	0.0	14.51	0	0.02193944712593243	0.0	0.0	0.5	0.0	0.0	0.0	0.0	0.0
0	0.0	0.0	18	0.1538461538461538	0.0	0	0.0	0.5494505494505494	0.0	0.0	0.0	0.0	0.0	0.0	0.0
1	0.0	0.0	11	0.1258992805755395	16.24	0	0.0	0.03925673907354096	0.0	0.6666666666666666	0.0	0.0	0.0	0.0	0.0
2	0.0	0.0	2	0.0634920634920634	17.34	0	0.0	0.1079913606911447	0.0	3.0	0.0	0.0	0.0	0.0	0.0
2	0.0	0.0	43	0.0	5.78	0	0.0	0.3787878787878788	0.0	0.0	0.0	0.0	0.0	0.0	0.0
3	0.0	0.0	0	0.0	17.24	0	0.0	0.21008403361344538	0.0	0.5	0.0	0.0	0.0	0.0	0.0
2	0.0	0.0	42	0.0	14.77	0	0.0	0.029904306220095697	0.0	0.5	0.0	0.0	0.0	0.0	0.0
0	0.0	0.0	17	0.0263157894736842	0.0	0	0.17482517482517484	0.0	0.0	0.0	0.0	0.0	0.0	0.0	0.0
1	0.0	0.0	35	0.0	6.94	0	0.17301038062283736	0.0	0.0	0.0	0.0	0.0	0.0	0.0	0.0
1	0.0	0.0	61	0.0	9.5	0	1.2228260869565217	0.0	0.0	0.0	0.0	0.0	0.0	0.0	0.0
6	0.0	0.0	0	0.02	16.67	0	0.0	0.035385704175513094	0.0	0.0	0.0	0.0	0.0	0.0	0.0
0	0.0	0.0	42	0.0	0.0	0	0.0	0.6944444444444444	0.0	0.0	0.0	0.0	0.0	0.0	0.3472222222222222
2	0.0	0.0	20	0.0	8.04	0	0.2336448598130841	0.0	0.0	0.0	0.0	0.0	0.0	0.2336448598130841	0.0
1	0.0	0.0	0	0.0714285714285714	9.5	0	0.0	0.42372881355932207	0.0	1.0	0.0	0.0	0.0	0.0	0.0
1	1.0	0.0	25	0.0	7.0	0	0.0	0.013885031935573453	0.0	0.0	0.0	0.0	0.0	0.0	0.006942515967786726
0	0.0	0.0	22	0.0	0.0	0	0.0	0.9090909090909091	0.0	0.0	0.0	0.0	0.0	0.0	0.9090909090909091
2	0.0	0.0	19	0.0	6.35	0	0.0	0.2747252747252747	0.0	0.0	0.0	0.0	0.0	0.0	0.0
1	0.0	0.0	0	0.0	16.86	0	0.0	0.3205128205128205	0.0	0.0	0.0	0.0	0.0	0.0	0.0
6	0.0	0.0	18	0.0	15.65	0	0.03204101249599487	0.0	0.0	0.0	0.0	0.0	0.0	0.03204101249599487	0.0
0	0.0	0.0	56	0.0943396226415094	12.41	1	0.6367663344407531	0.07052186177715092	0.0	0.76	0.0	0.0	0.0	0.027685492801771874	0.0
1	0.0	0.0	25	0.0	5.47	0	2.4193548387096775	0.0	0.0	0.0	0.0	0.0	0.0	0.0	0.0
3	0.0	0.0	59	0.0	15.01	0	0.015269506794930525	0.0	0.0	0.0	0.0	0.0	0.0	0.0	0.0
0	0.0	0.0	5	0.0	8.34	0	0.0	1.4925373134328357	0.0	0.0	0.0	0.0	0.0	0.0	0.0
3	0.0	0.0	45	0.0389105058365758	15.04	0	0.012109469605231292	0.0	0.0	0.0	0.0	0.0	0.0	0.012109469605231292	0.0
5	0.0	0.0	52	0.0	15.1	0	0.0205761316872428	0.0	0.0	0.0	0.0	0.0	0.0	0.0	0.0
2	0.0	0.0	48	0.0	13.21	0	0.0	0.020308692120227456	0.0	0.0	0.0	0.0	0.0	0.016056518946692355	0.0
3	0.0	0.0	43	0.0	13.07	0	0.07575757575757576	0.0	0.0	0.5	0.0	0.0	0.0	0.0	0.0
0	0.0	0.0	0	0.0434782608695652	16.91	0	0.0484027105517909	0.0	0.0	2.0	0.0	0.0	0.0	0.0	0.0
3	0.0	0.0	32	0.027906976744186004	15.42	0	0.03855050115651503	0.0	0.0	0.0	0.0	0.0	0.0	0.019275250578257516	0.0
1	0.0	0.0	26	0.0	8.96	0	0.6097560975609756	0.0	0.0	0.0	0.0	0.0	0.0	0.0	0.0
3	0.0	0.0	80	0.0	10.93	0	0.0	0.8177570093457943	0.0	0.0	0.0	0.0	0.0	0.0	0.0
9	0.0	0.0	79	0.0	14.07	0	0.020060180541624874	0.0	0.0	0.0	0.0	0.0	0.0	0.0	0.00771962328238382
0	0.0	0.0	26	0.0	0.0	1	0.8064516129032259	0.0	0.0	1.0	0.0	0.0	0.0	0.40322580645161293	0.0
3	0.0	0.0	1	0.0	16.98	0	0.5555555555555556	0.0	0.0	0.0	0.0	0.0	0.0	0.0	0.0
2	0.0	0.0	35	0.0	15.42	0	0.0	0.01817520901490367	0.0	0.0	0.0	0.0	0.0	0.021710811984368215	0.0
1	0.0	0.0	47	0.0	14.84	0	0.0	0.024324981756263683	0.0	0.5	0.0	0.0	0.0	0.0	0.012162490878131841
2	0.0	0.0	20	0.01	44.39	0	0.06067961165048544	0.0	0.0	0.25	0.0	0.0	0.0	0.0	0.0
2	0.0	0.0	21	0.0	15.39	0	0.04798464491362764	0.0	0.0	0.0	0.0	0.0	0.0	0.0	0.0
3	0.0	0.0	58	0.0	5.67	0	0.0	0.14084507042253522	0.0	0.0	0.0	0.0	0.0	0.0	0.0
0	0.0	0.0	18	0.0	0.0	0	0.03395585738539898	0.0	0.0	0.0	0.0	0.0	0.0	0.03395585738539898	0.0
2	0.0	0.0	18	0.0188679245283018	17.17	0	0.02145922746781116	0.0	0.0	0.0	0.0	0.0	0.0	0.0	0.0
2	0.0	0.0	0	0.0	16.26	0	0.0	0.06234413965087282	0.0	0.0	0.0	0.0	0.0	0.0	0.0
0	1.0	1.0	20	0.0	0.0	0	0.0	0.026109660574412535	0.0	0.0	0.0	0.0	0.0	0.0	0.0
3	0.0	0.0	40	0.2222222222222222	13.48	0	0.11318619128466326	0.0	0.0	0.0	0.0	0.0	0.0	0.0	0.0
0	1.0	0.0	22	0.0	0.0	0	0.0	0.052576235541535225	0.0	0.5	0.0	0.0	0.0	0.0	0.052576235541535225
2	0.0	0.0	0	0.1111111111111111	17.33	0	0.0	0.2631578947368421	0.0	0.0	0.0	0.0	0.0	0.0	0.0
0	0.0	0.0	18	0.7	0.0	0	50.0	0.0	0.0	0.0	0.0	0.0	0.0	0.0	0.0
2	0.0	0.0	44	0.0	14.94	0	0.026205450733752623	0.0	0.0	0.0	0.0	0.0	0.0	0.0	0.0111781801922647
2	0.0	0.0	35	0.1312217194570135	14.76	0	0.09505703422053233	0.0	0.0	0.0	0.0	0.0	0.0	0.0	0.0
7	0.0	0.0	39	0.0	11.48	0	0.0	0.0673551863493489	0.0	0.3333333333333333	0.0	0.0	0.0	0.0	0.0
2	0.0	0.0	11	0.1845238095238095	16.59	0	0.027329871549603715	0.0	0.0	0.5	0.0	0.0	0.0	0.0	0.0
7	0.0	0.0	46	0.0277777777777777	14.5	0	0.02670940170940171	0.0	0.0	0.0	0.0	0.0	0.0	0.013354700854700856	0.0
1	0.0	0.0	20	0.0	15.82	0	0.05659309564233163	0.0	0.0	0.0	0.0	0.0	0.0	0.0	0.0
0	0.0	0.0	40	0.0	7.1	0	0.17543859649122806	0.0	0.0	0.0	0.0	0.0	0.0	0.08771929824561403	0.0
1	0.0	0.0	18	0.3518518518518518	14.63	0	0.16891891891891891	0.0	0.0	1.0	0.0	0.0	0.0	0.0	0.0
5	0.0	0.0	28	0.0689655172413793	8.99	0	0.1736111111111111	0.0	0.0	0.5	0.0	0.0	0.0	0.0	0.0
6	0.0	0.0	22	0.0	8.15	0	0.14705882352941177	0.0	0.0	0.0	0.0	0.0	0.0	0.0	0.0
3	0.0	0.0	35	0.18067226890756302	15.36	0	0.04152823920265781	0.0	0.0	0.0	0.0	0.0	0.0	0.0	0.0
1	0.0	0.0	16	0.0	6.04	0	0.6024096385542169	0.0	0.0	0.0	0.0	0.0	0.0	0.0	0.0
0	0.0	1.0	51	0.0	0.0	0	0.18518518518518517	0.0	0.0	0.0	0.0	0.0	0.0	0.0	0.0
1	0.0	0.0	49	0.0	12.79	0	0.0	0.018018018018018018	0.0	1.0	0.0	0.0	0.0	0.0	0.0
3	0.0	0.0	21	0.0421052631578947	11.11	0	0.04393673110720562	0.0	0.0	0.0	0.0	0.0	0.0	0.0	0.0
0	0.0	0.0	41	0.0	15.02	0	0.0	0.019719976336028396	0.0	0.0	0.0	0.0	0.0	0.0	0.0
2	0.0	0.0	71	0.0	6.39	0	0.07836990595611286	0.0	0.0	0.0	0.0	0.0	0.0	0.0	0.0
1	0.0	0.0	52	0.0	6.19	0	0.0	0.05070993914807303	0.0	0.0	0.0	0.0	0.0	0.0	0.05070993914807303
7	0.5	0.0	39	0.0	34.04	0	0.09144947416552354	0.0	0.0	0.0	0.0	0.0	0.0	0.0	0.05750431282346176
1	0.0	0.0	14	0.0	16.04	0	0.0	0.06297229219143577	0.0	0.0	0.0	0.0	0.0	0.0	0.0
4	0.0	0.0	65	0.0	12.14	0	0.0308641975308642	0.0	0.0	0.0	0.0	0.0	0.0	0.0	0.015183723048891588
1	0.0	0.0	0	0.0	16.42	0	0.0	0.09861932938856015	0.0	0.0	0.0	0.0	0.0	0.0	0.0
0	0.0	0.0	35	0.0	0.0	0	0.1392757660167131	0.0	0.0	0.0	0.0	0.0	0.0	0.0	0.0
1	0.0	0.0	62	0.0	9.5	0	0.17482517482517484	0.0	0.0	0.0	0.0	0.0	0.0	0.0	0.0
0	0.0	0.0	78	0.0083333333333333	11.03	0	0.035137034434293744	0.0	0.0	0.5	0.0	0.0	0.0	0.0	0.0
2	0.0	0.0	32	0.0	5.91	0	0.27322404371584696	0.0	0.0	0.0	0.0	0.0	0.0	0.0	0.0
0	1.0	1.0	17	0.0263157894736842	0.0	0	0.4694835680751174	0.0	0.0	0.0	0.0	0.0	0.0	0.0	0.0
0	0.0	0.0	0	0.0	16.29	0	0.0	0.01658374792703151	0.0	1.0	0.0	0.0	0.0	0.0	0.0
2	0.0	0.0	9	0.0	15.11	0	0.0	0.11764705882352941	0.0	1.0	0.0	0.0	0.0	0.0	0.0
4	0.0	0.0	41	0.0	14.21	0	0.0	0.03669724770642202	0.0	0.0	0.0	0.0	0.0	0.0	0.0
1	0.0	0.0	17	0.0625	9.5	0	0.2173913043478261	0.0	0.0	0.0	0.0	0.0	0.0	0.0	0.0
3	0.0	0.0	17	0.0	26.59	0	0.13386880856760375	0.0	0.0	1.0	0.0	0.0	0.0	0.0	0.0
0	0.0	0.0	31	0.0	0.0	0	0.0	1.3888888888888888	0.0	0.0	0.0	0.0	0.0	0.0	1.3888888888888888
0	0.0	0.0	21	0.054054054054054	18.0	1	1.9900497512437814	0.0	0.0	0.75	0.0	0.0	0.0	0.0	0.0
4	0.0	0.0	44	0.0080971659919028	16.23	0	0.0	0.015527950310559004	0.0	0.0	0.0	0.0	0.0	0.0	0.015527950310559004
2	0.0	0.0	5	0.2758620689655172	16.32	0	0.0	0.17094017094017094	0.0	0.0	0.0	0.0	0.0	0.0	0.0
0	0.0	0.0	0	0.0	16.99	0	0.0	0.35587188612099646	0.0	0.25	0.0	0.0	0.0	0.0	0.0
2	0.0	0.0	14	0.0	16.28	0	0.023342670401493928	0.0	0.0	0.0	0.0	0.0	0.0	0.0	0.0
1	0.0	0.0	0	0.0	17.29	0	0.0	0.6289308176100629	0.0	0.0	0.0	0.0	0.0	0.0	0.0
3	0.0	0.0	30	0.0	6.29	0	0.20746887966804978	0.0	0.0	0.5	0.0	0.0	0.0	0.0	0.0
1	0.0	0.0	0	0.0769230769230769	15.0	0	0.0	0.3968253968253968	0.0	2.0	0.0	0.0	0.0	0.0	0.0
5	0.0	0.0	29	0.10625	15.48	0	0.0	0.02641310089804543	0.0	0.0	0.0	0.0	0.0	0.0	0.0
2	0.0	0.0	9	0.1489361702127659	16.88	0	0.0	0.05058168942842691	0.0	3.0	0.0	0.0	0.0	0.0	0.0
1	0.0	1.0	0	0.0709219858156028	21.0	0	0.0	0.04551661356395084	0.0	2.0	0.0	0.0	0.0	0.0	0.0
0	0.0	0.0	14	0.0	0.0	0	0.0	0.06013229104028864	0.0	0.5	0.0	0.0	0.0	0.0	0.0
1	0.0	0.0	29	0.1458333333333333	6.0	0	0.03271180896303565	0.0	0.0	0.0	0.0	0.0	0.0	0.03271180896303565	0.0
0	0.0	1.0	34	0.0	0.0	0	0.041390728476821195	0.0	0.0	0.0	0.0	0.0	0.0	0.020695364238410598	0.0
2	0.0	0.0	0	0.0	16.76	0	0.0	0.11210762331838565	0.0	0.0	0.0	0.0	0.0	0.0	0.0
1	0.0	0.0	14	0.0	5.39	0	0.6944444444444444	0.0	0.0	0.0	0.0	0.0	0.0	0.0	0.0
2	0.0	0.0	66	0.0	5.19	0	0.19646365422396858	0.0	0.0	0.0	0.0	0.0	0.0	0.0	0.0
3	0.0	0.0	50	0.0252365930599369	15.34	0	0.0	0.01823486506199854	0.0	0.0	0.0	0.0	0.0	0.008753501400560224	0.0
1	0.0	1.0	33	0.0	20.0	0	0.027956388034665918	0.0	0.0	0.0	0.0	0.0	0.0	0.0	0.0
1	0.0	0.0	41	0.0365853658536585	13.97	0	0.030750307503075027	0.0	0.0	0.0	0.0	0.0	0.0	0.015375153751537514	0.0
0	0.0	1.0	37	0.10869565217391301	0.0	1	0.099601593625498	1.1940298507462686	0.0	0.42857142857142855	0.0	0.0	0.0	0.0	0.0
2	0.0	0.0	52	0.0	15.24	0	0.01625223468226881	0.0	0.0	0.0	0.0	0.0	0.0	0.01625223468226881	0.0
5	0.0	0.0	28	0.1111111111111111	6.4	0	0.0	0.08620689655172414	0.0	0.0	0.0	0.0	0.0	0.0	0.0
8	0.0	0.0	56	0.0	11.64	0	0.03644314868804664	0.0	0.0	0.5	0.0	0.0	0.0	0.0	0.02050020500205002
2	0.0	0.0	64	0.0	15.61	0	0.011076650420912717	0.0	0.0	0.0	0.0	0.0	0.0	0.005538325210456358	0.0
1	0.0	0.0	17	0.0	9.5	0	0.21008403361344538	0.0	0.0	0.0	0.0	0.0	0.0	0.0	0.0
1	0.0	0.0	24	0.0	2.0	0	0.0	0.03546099290780142	0.0	0.5	0.0	0.0	0.0	0.0	0.0
1	0.0	0.0	0	0.1242603550295858	17.02	0	0.0	0.05356186395286555	0.0	0.5	0.0	0.0	0.0	0.0	0.0
1	0.0	0.0	44	0.19805194805194798	15.77	0	0.03967466772465781	0.0	0.0	2.5	0.0	0.0	0.0	0.0	0.018796992481203006
1	0.0	0.0	21	0.1707317073170731	15.78	0	0.01112099644128114	0.0	0.0	0.0	0.0	0.0	0.0	0.0	0.0
1	0.0	0.0	13	0.0	9.5	0	0.14245014245014245	0.0	0.0	0.0	0.0	0.0	0.0	0.0	0.0
3	0.0	0.0	41	0.0	8.54	0	0.1485884101040119	0.0	0.0	0.0	0.0	0.0	0.0	0.0	0.0
1	0.0	0.0	19	0.2	9.5	0	0.8928571428571428	0.0	0.0	0.0	0.0	0.0	0.0	0.0	0.0
4	0.0	0.0	1	0.0	16.57	0	0.0	0.013892747985551542	0.0	0.0	0.0	0.0	0.0	0.0	0.0
1	0.0	0.0	19	0.0	15.72	0	0.0	0.03546099290780142	0.0	1.0	0.0	0.0	0.0	0.0	0.0
2	0.0	0.0	2	0.0	16.07	0	0.03561253561253561	0.0	0.0	0.0	0.0	0.0	0.0	0.0	0.0
1	0.0	0.0	44	0.0	5.18	0	0.23255813953488372	0.0	0.0	0.0	0.0	0.0	0.0	0.0	0.0
0	0.0	1.0	15	0.1176470588235294	0.0	0	0.14204545454545456	0.0	0.0	0.0	0.0	0.0	0.0	0.0	0.0
1	0.0	0.0	48	0.0	13.27	0	0.0	0.038461538461538464	0.0	0.0	0.0	0.0	0.0	0.0	0.019230769230769232
1	0.0	0.0	0	0.0	10.5	0	0.0	0.3472222222222222	0.0	0.5	0.0	0.0	0.0	0.0	0.0
3	0.0	0.0	0	0.1003861003861003	16.59	0	0.0	0.025252525252525252	0.0	0.5	0.0	0.0	0.0	0.0	0.0
5	0.0	0.0	32	0.0082644628099173	15.91	0	0.0	0.02387774594078319	0.0	0.0	0.0	0.0	0.0	0.009326618168252192	0.0
5	0.0	0.0	34	0.0	13.85	0	0.046685340802987856	0.0	0.0	0.0	0.0	0.0	0.0	0.046685340802987856	0.0
1	0.0	0.0	14	0.1363636363636363	13.76	0	0.11876484560570072	0.0	0.0	3.0	0.0	0.0	0.0	0.11876484560570072	0.0
1	0.0	0.0	0	0.0	16.63	0	0.0	0.07898894154818326	0.0	0.0	0.0	0.0	0.0	0.0	0.0
1	0.0	0.0	15	0.0	10.81	0	0.1811594202898551	0.0	0.0	0.0	0.0	0.0	0.0	0.0	0.0
0	0.0	0.0	0	0.0	16.44	0	0.0	0.3184713375796178	0.0	0.0	0.0	0.0	0.0	0.0	0.0
2	0.0	0.0	0	0.0	16.56	0	0.0	0.1893939393939394	0.0	0.0	0.0	0.0	0.0	0.0	0.0
0	1.0	0.0	44	0.0137931034482758	9.02	1	0.34965034965034963	0.26690391459074736	0.0	0.4857142857142857	0.0	0.0	0.0	0.04034427111350188	0.0
1	0.0	0.0	22	0.0	5.64	0	0.32679738562091504	0.0	0.0	0.0	0.0	0.0	0.0	0.0	0.0
1	0.0	1.0	0	0.0	9.5	0	0.0	0.18450184501845018	0.0	0.0	0.0	0.0	0.0	0.0	0.0
1	0.0	0.0	24	0.0	11.5	0	0.24390243902439027	0.0	0.0	0.0	0.0	0.0	0.0	0.0	0.0
0	0.0	1.0	18	0.0	0.0	1	21.05263157894737	0.0	0.0	1.0	0.0	0.0	0.0	0.0	0.0
1	0.0	1.0	20	0.0	42.41	0	0.021376656690893545	0.0	0.0	1.0	0.0	0.0	0.0	0.021376656690893545	0.0
3	0.0	0.0	33	0.0	15.72	0	0.025888850535036246	0.0	0.0	0.0	0.0	0.0	0.0	0.0	0.021331058020477814
5	0.5	1.0	21	0.202020202020202	26.94	0	0.0	0.31023784901758017	0.0	0.0	0.0	0.0	0.0	0.0	0.0
1	0.0	0.0	15	0.0	9.5	0	0.13404825737265416	0.0	0.0	0.0	0.0	0.0	0.0	0.0	0.0
1	0.0	0.0	0	0.0	17.11	0	0.0	0.29673590504451036	0.0	0.0	0.0	0.0	0.0	0.0	0.0
4	0.0	0.0	5	0.0	16.27	0	0.0946969696969697	0.0	0.0	0.0	0.0	0.0	0.0	0.0	0.0
0	0.0	0.0	19	0.0	0.0	1	0.6622516556291391	1.8518518518518516	0.0	0.5	0.0	0.0	0.0	0.0	0.0
0	0.0	0.0	28	0.0	24.73	0	0.0	0.02900232018561485	0.0	0.0	0.0	0.0	0.0	0.0	0.0
1	0.0	0.0	0	0.0	16.5	0	0.0	0.3225806451612903	0.0	0.0	0.0	0.0	0.0	0.0	0.0
0	0.0	0.0	32	0.0	0.0	0	0.32679738562091504	0.0	0.0	0.0	0.0	0.0	0.0	0.32679738562091504	0.0
1	0.0	0.0	0	0.0227272727272727	16.22	0	0.0	0.03855050115651503	0.0	0.5	0.0	0.0	0.0	0.0	0.0
2	0.0	0.0	0	0.0	17.17	0	0.0	0.15772870662460567	0.0	0.0	0.0	0.0	0.0	0.0	0.0
2	0.0	0.0	0	0.3448275862068966	12.84	0	0.0	3.6363636363636362	0.0	3.25	0.0	0.0	0.0	0.0	0.0
2	0.0	1.0	56	0.0	15.38	0	0.04972650422675286	0.07251631617113852	0.0	0.0	0.0	0.0	0.0	0.0	0.0
1	0.0	0.0	27	0.0	6.5	0	0.0791765637371338	0.0	0.0	0.5	0.0	0.0	0.0	0.0791765637371338	0.0
5	0.0	0.0	2	0.0	14.84	0	0.05037783375314861	0.0	0.0	0.0	0.0	0.0	0.0	0.0	0.0
1	0.0	0.0	1	0.0	18.37	0	0.14577259475218657	0.0	0.0	7.0	0.0	0.0	0.0	0.0	0.0
2	0.0	0.0	49	0.1578947368421052	6.25	0	0.0	0.14326647564469913	0.0	0.0	0.0	0.0	0.0	0.0	0.14326647564469913
1	0.0	0.0	49	0.0	7.82	0	0.0	0.08849557522123894	0.0	0.0	0.0	0.0	0.0	0.0	0.0
1	0.0	0.0	29	0.0	15.38	0	0.029498525073746312	0.0	0.0	1.0	0.0	0.0	0.0	0.029498525073746312	0.0
2	0.0	0.0	48	0.0098280098280098	15.68	0	0.007037297677691767	0.0	0.0	0.0	0.0	0.0	0.0	0.0	0.0
3	0.0	0.0	75	0.0	4.97	0	0.0	0.27624309392265195	0.0	0.0	0.0	0.0	0.0	0.0	0.13812154696132597
1	0.0	0.0	22	0.0	9.5	0	0.18450184501845018	0.0	0.0	0.5	0.0	0.0	0.0	0.0	0.0
5	0.0	0.0	24	0.0	9.63	0	0.18315018315018314	0.0	0.0	0.5	0.0	0.0	0.0	0.0	0.0
7	0.0	0.0	37	0.0	15.61	0	0.0211864406779661	0.0	0.0	0.5	0.0	0.0	0.0	0.0	0.010697475395806589
3	0.0	0.0	0	0.0	17.28	0	0.0	0.09881422924901187	0.0	0.0	0.0	0.0	0.0	0.0	0.0
2	0.0	0.0	26	0.0	7.3	0	0.17793594306049823	0.0	0.0	0.0	0.0	0.0	0.0	0.17793594306049823	0.0
0	1.0	0.0	41	0.0	0.0	0	0.0	0.9803921568627451	0.0	0.0	0.0	0.0	0.0	0.0	0.0
0	0.5	1.0	27	0.0	0.0	0	0.10309278350515465	0.0	0.0	0.0	0.0	0.0	0.0	0.0	0.0
5	0.0	0.0	29	0.0	15.51	0	0.013664935774801858	0.0	0.0	0.0	0.0	0.0	0.0	0.013664935774801858	0.0
3	0.0	0.0	2	0.1944444444444444	16.24	0	0.0	0.03863987635239567	0.0	0.0	0.0	0.0	0.0	0.0	0.0
2	0.0	0.0	15	0.09375	12.49	0	0.14124293785310735	0.0	0.0	0.5	0.0	0.0	0.0	0.0	0.0
1	0.0	0.0	0	0.0	16.86	0	0.0	0.2753303964757709	0.0	0.2	0.0	0.0	0.0	0.0	0.0
27	0.0	0.0	58	0.0	16.65	0	0.0	0.08892143529657914	0.0	0.8823529411764706	0.0	0.0	0.0	0.0	0.0
3	0.0	0.0	28	0.0	9.56	0	0.0	0.11737089201877934	0.0	0.0	0.0	0.0	0.0	0.0	0.0
3	0.0	0.0	43	0.0	15.76	0	0.01344628210299852	0.0	0.0	0.5	0.0	0.0	0.0	0.0	0.012553351744915894
1	0.0	0.0	20	0.0	15.62	0	0.03590664272890485	0.0	0.0	0.5	0.0	0.0	0.0	0.0	0.0
1	0.0	0.0	32	0.0	8.96	0	0.36900369003690037	0.0	0.0	0.0	0.0	0.0	0.0	0.0	0.0
0	1.0	0.0	34	0.0	0.0	0	0.0	0.2777777777777778	0.0	0.0	0.0	0.0	0.0	0.0	0.2777777777777778
0	0.0	0.0	40	0.0	15.74	0	0.008147303242626691	0.0	0.0	4.0	0.0	0.0	0.0	0.0	0.032981530343007916
1	0.0	0.0	15	0.2708333333333333	13.0	0	1.5625	0.0	1.0	0.0	0.0	0.0	0.0	0.0	0.0
1	0.0	0.0	51	0.0555555555555555	5.74	0	0.33444816053511706	0.0	0.0	0.0	0.0	0.0	0.0	0.0	0.0
1	0.0	1.0	19	0.0	20.51	1	1.1494252873563218	0.0	0.0	1.0	0.0	0.0	0.0	0.0	0.36101083032490977
0	0.0	0.0	0	0.0140845070422535	16.91	0	0.016239038648911984	0.0	0.0	2.0	0.0	0.0	0.0	0.0	0.0
9	0.0	0.0	44	0.0	15.43	0	0.0	0.01141682840506907	0.0	0.0	0.0	0.0	0.0	0.0	0.0
0	0.0	0.0	37	0.0246913580246913	0.0	0	0.4166666666666667	0.0	0.0	0.0	0.0	0.0	0.0	0.0	0.0
2	0.0	0.0	65	0.1111111111111111	5.37	0	0.0	0.19920318725099603	0.0	0.5	0.0	0.0	0.0	0.0	0.0
2	0.0	0.0	0	0.0	16.61	0	0.0	0.1890359168241966	0.0	0.25	0.0	0.0	0.0	0.0	0.0
1	0.0	0.0	0	0.0	17.4	0	0.0	3.571428571428571	0.0	0.0	0.0	0.0	0.0	0.0	0.0
0	0.0	0.0	21	0.375	0.0	0	1.1627906976744187	0.0	0.0	0.0	0.0	0.0	0.0	0.0	0.0
0	0.0	0.0	19	0.0	6.59	0	0.3003003003003003	0.0	0.0	0.0	0.0	0.0	0.0	0.0	0.0
0	1.0	0.0	24	0.0	0.0	0	0.0	0.16233766233766234	0.0	0.0	0.0	0.0	0.0	0.0	0.0
1	1.0	1.0	0	0.10727969348659	14.61	0	0.0	0.019692792437967704	0.0	0.0	0.0	0.0	0.0	0.0	0.0
0	0.0	1.0	15	0.0	0.0	0	0.10764262648008613	0.0	0.0	0.5	0.0	0.0	0.0	0.0	0.0
1	0.0	0.0	0	0.0	16.73	0	0.0	0.10834236186348863	0.0	0.5	0.0	0.0	0.0	0.0	0.0
0	1.0	0.0	24	0.0317460317460317	0.0	0	0.06561679790026247	0.0	0.0	0.5	0.0	0.0	0.0	0.0	0.0
0	0.0	0.0	29	0.0	15.91	0	0.0	0.024067388688327317	0.0	0.0	0.0	0.0	0.0	0.0	0.0
2	0.0	0.0	0	0.0	16.27	0	0.0	0.10976948408342481	0.0	0.0	0.0	0.0	0.0	0.0	0.0
1	0.0	0.0	0	0.0	9.5	0	0.0	0.28901734104046245	0.0	0.0	0.0	0.0	0.0	0.0	0.0
0	0.0	0.0	24	0.1	0.0	0	0.0	0.07855459544383346	0.0	0.0	0.0	0.0	0.0	0.0	0.07855459544383346
0	1.0	0.0	60	0.0	0.0	1	0.0	68.75	0.09090909090909091	0.7272727272727273	6.25	0.0	1.0	0.0	0.0
1	0.0	0.0	17	0.0	15.96	0	0.04746084480303749	0.0	0.0	0.0	0.0	0.0	0.0	0.04746084480303749	0.0
2	0.0	0.0	17	0.0	7.48	0	0.4424778761061947	0.0	0.0	0.0	0.0	0.0	0.0	0.8849557522123894	0.0
3	0.0	0.0	23	0.0	16.26	0	0.055991041433370664	0.0	0.0	0.0	0.0	0.0	0.0	0.0	0.0
0	0.0	0.0	18	0.0	0.0	0	0.0	0.17667844522968199	0.0	0.0	0.0	0.0	0.0	0.0	0.0
3	0.0	0.0	22	0.1212121212121212	16.6	0	0.00749737591842855	0.0	0.0	0.0	0.0	0.0	0.0	0.0	0.0
3	0.0	0.0	65	0.0	13.21	0	0.0254323499491353	0.0	0.0	0.0	0.0	0.0	0.0	0.0254323499491353	0.0
2	0.0	0.0	5	0.2682926829268293	16.46	0	0.0	0.38699690402476783	0.0	0.0	0.0	0.0	0.0	0.0	0.30959752321981426
2	0.0	0.0	32	0.0413793103448275	14.69	0	0.03171582619727244	0.0	0.0	0.0	0.0	0.0	0.0	0.0	0.0
0	0.0	0.0	12	0.0946745562130177	16.48	0	0.0	0.031625553447185324	0.0	4.0	0.0	0.0	0.0	0.0	0.0
1	0.0	0.0	1	0.1063829787234042	16.58	0	0.0	0.035984166966534725	0.0	0.5	0.0	0.0	0.0	0.0	0.0
0	0.0	0.0	33	0.0	0.0	0	0.0	0.18867924528301888	0.0	0.0	0.0	0.0	0.0	0.0	0.18867924528301888
0	0.0	0.0	14	0.0	15.23	0	0.07246376811594203	0.0	0.0	0.0	0.0	0.0	0.0	0.07246376811594203	0.0
1	0.0	0.0	1	0.2352941176470588	13.2	0	1.6666666666666667	0.0	1.0	0.5	0.0	0.0	0.0	0.0	0.0
3	0.0	0.0	51	0.0	7.73	0	0.0	0.05977286312014345	0.0	0.0	0.0	0.0	0.0	0.05	0.0
1	0.0	0.0	0	0.0	17.74	0	0.0	0.13404825737265416	0.0	2.0	0.0	0.0	0.0	0.0	0.0
1	0.0	0.0	1	0.0674157303370786	17.05	0	0.02612330198537095	0.0	0.0	0.0	0.0	0.0	0.0	0.0	0.0
1	0.0	0.0	0	0.0666666666666666	10.5	0	0.0	0.30303030303030304	0.0	0.5	0.0	0.0	0.0	0.0	0.0
1	0.0	0.0	14	0.0	9.39	0	0.1953125	0.0	0.0	0.5	0.0	0.0	0.0	0.0	0.0
1	0.0	0.0	15	0.0	2.83	0	0.02555583950932788	0.0	0.0	0.0	0.0	0.0	0.0	0.0	0.0
1	0.0	0.0	0	0.0	10.0	0	0.0	0.3262642740619902	0.0	0.0	0.0	0.0	0.0	0.0	0.0
5	0.0	0.0	80	0.0	15.02	0	0.0	0.011731581417175035	0.0	0.0	0.0	0.0	0.0	0.0	0.005865790708587518
4	0.0	0.0	29	0.0	11.56	0	0.0	0.4497751124437781	0.0	0.0	0.0	0.0	0.0	0.0	0.0
1	0.0	0.0	19	0.0	6.4	0	0.0	0.15625	1.0	1.0	0.0	0.0	0.0	0.0	0.0
4	0.0	0.0	43	0.0	24.54	0	0.0	0.054884742041712405	0.0	0.0	0.0	0.0	0.0	0.0	0.054884742041712405
3	0.0	0.0	0	0.0	16.76	0	0.0	0.032552083333333336	0.0	0.5	0.0	0.0	0.0	0.0	0.0
2	0.0	0.0	28	0.0098039215686274	15.43	0	0.0	0.014220705346985212	0.0	0.0	0.0	0.0	0.0	0.0	0.0
1	0.0	0.0	28	0.0	7.79	0	0.2570694087403599	0.0	0.0	0.0	0.0	0.0	0.0	0.12853470437017994	0.0
2	0.0	0.0	16	0.0	15.79	0	0.03567606136282554	0.0	0.0	0.0	0.0	0.0	0.0	0.0	0.030883261272390362
0	0.0	0.0	19	0.0	0.0	0	0.0	0.15479876160990713	0.0	0.0	0.0	0.0	0.0	0.0	0.0
3	0.0	0.0	31	0.0	17.25	0	0.0	0.06915629322268325	0.0	0.0	0.0	0.0	0.0	0.052410901467505246	0.0
2	0.0	0.0	36	0.0	15.23	0	0.0	0.02649708532061473	0.0	0.0	0.0	0.0	0.0	0.0	0.0
3	0.0	0.0	15	0.0612244897959183	14.3	0	0.1597444089456869	0.0	0.0	0.0	0.0	0.0	0.0	0.0	0.0
0	0.0	0.0	31	0.0	0.0	1	4.320987654320987	0.0	0.0	0.7857142857142857	0.0	0.0	0.0	0.0	0.0
2	0.0	0.0	31	0.0	15.18	0	0.03874467260751647	0.0	0.0	0.0	0.0	0.0	0.0	0.019372336303758234	0.0
1	0.0	0.0	15	0.0	4.73	0	7.142857142857142	0.0	0.0	0.0	0.0	0.0	0.0	0.0	0.0
0	0.0	0.5	17	0.0	0.0	0	0.0	0.117096018735363	0.0	0.0	0.0	0.0	0.0	0.0	0.117096018735363
0	0.0	0.0	21	0.0	15.07	0	0.04782400765184122	0.0	0.0	0.0	0.0	0.0	0.0	0.0	0.0
1	0.0	0.0	0	0.0	10.0	0	0.0	0.14705882352941177	0.0	0.5	0.0	0.0	0.0	0.0	0.0
2	0.0	0.0	46	0.0	15.38	0	0.0	0.016886187098953058	0.0	0.0	0.0	0.0	0.0	0.0	0.0
0	0.0	0.0	2	0.0967741935483871	16.44	0	0.0	0.0819672131147541	0.0	1.0	0.0	0.0	0.0	0.0	0.0
0	0.0	0.0	18	0.0	0.0	0	0.1146788990825688	0.0	0.0	0.0	0.0	0.0	0.0	0.0	0.0
1	0.0	0.0	0	0.0	16.22	0	0.0	0.03663003663003663	0.0	0.0	0.0	0.0	0.0	0.0	0.0
1	0.0	0.0	29	0.0669456066945606	15.76	0	0.0	0.02313743637204998	0.0	0.0	0.0	0.0	0.0	0.0	0.0
1	0.0	0.0	2	0.0	15.0	0	0.05807200929152149	0.0	0.0	0.0	0.0	0.0	0.0	0.0	0.0
1	0.0	0.0	4	0.25619834710743805	16.16	0	0.04460303300624442	0.0	0.0	0.0	0.0	0.0	0.0	0.0	0.0
2	1.0	0.0	56	0.0	2.32	0	0.07199424046076314	0.0	0.0	0.0	0.0	0.0	0.0	0.0	0.136986301369863
2	0.0	0.0	0	0.2212765957446808	16.21	0	0.016020506247997435	0.0	0.0	0.0	0.0	0.0	0.0	0.0	0.0
1	0.0	0.0	0	0.0	17.25	0	0.0	0.9615384615384615	0.0	0.0	0.0	0.0	0.0	0.0	0.0
0	1.0	0.0	20	0.08	0.0	0	0.0	0.09765625	0.0	0.0	0.0	0.0	0.0	0.0	0.09765625
0	0.0	0.0	6	0.2732558139534883	16.49	0	0.061162079510703356	0.0	1.0	2.0	0.0	0.0	0.0	0.0	0.0
1	0.0	0.0	4	0.0333333333333333	16.53	0	0.06729475100942127	0.0	0.0	0.0	0.0	0.0	0.0	0.0	0.0
3	0.0	0.0	1	0.0093457943925233	16.32	0	0.0	0.011111111111111112	0.0	0.0	0.0	0.0	0.0	0.0	0.0
3	0.0	1.0	2	0.0089285714285714	25.41	0	0.0	0.026954177897574122	0.0	0.0	0.0	0.0	0.0	0.0	0.0
3	0.0	0.0	58	0.0	5.32	0	0.2192982456140351	0.0	0.0	0.0	0.0	0.0	0.0	0.0	0.0
3	0.0	0.0	0	0.03125	16.26	0	0.151285930408472	0.0	0.0	0.0	0.0	0.0	0.0	0.0	0.0
5	0.0	0.0	23	0.0526315789473684	7.1	0	0.0	0.18181818181818182	0.0	0.0	0.0	0.0	0.0	0.0	0.0
1	0.0	0.0	26	0.1866666666666666	15.34	0	0.18181818181818182	0.0	0.0	0.5	0.0	0.0	0.0	0.0	0.0
1	0.0	0.0	0	0.0	16.02	0	0.0	0.015664160401002505	0.0	0.0	0.0	0.0	0.0	0.0	0.0
0	0.25	0.3333333333333333	57	0.0	10.53	1	1.4910536779324055	0.8708272859216256	0.0	0.4074074074074074	0.0	0.0	0.0	1.0934393638170974	0.0
0	0.0	0.0	26	0.0	14.99	0	0.04336513443191674	0.0	0.0	0.0	0.0	0.0	0.0	0.04336513443191674	0.0
1	0.0	0.0	20	0.0163934426229508	20.0	0	0.01815541031227306	0.0	0.0	0.0	0.0	0.0	0.0	0.0	0.0
2	0.0	0.0	19	0.0158730158730158	16.17	0	0.0	0.02068680182043856	0.0	0.0	0.0	0.0	0.0	0.0	0.0
2	0.0	0.0	1	0.0	16.77	0	0.0	0.23923444976076558	0.0	0.0	0.0	0.0	0.0	0.0	0.0
0	0.0	0.0	20	0.0	0.0	0	0.0	0.21645021645021645	0.0	0.5	0.0	0.0	0.0	0.0	0.0
2	0.0	0.0	72	0.0	13.51	0	0.020885547201336674	0.0	0.0	0.0	0.0	0.0	0.0	0.0	0.012106537530266345
2	0.0	0.0	16	0.0284697508896797	16.28	0	0.0	0.02164970772894566	0.0	0.0	0.0	0.0	0.0	0.0	0.0
2	0.0	0.0	16	0.0	6.67	0	0.4065040650406504	0.0	0.0	0.0	0.0	0.0	0.0	0.0	0.0
1	0.0	0.0	41	0.2185430463576159	12.09	0	0.0	0.019615535504119264	0.0	0.0	0.0	0.0	0.0	0.0	0.0
2	0.0	0.0	29	0.0	15.12	0	0.0286697247706422	0.0	0.0	0.0	0.0	0.0	0.0	0.0	0.0
0	0.0	0.0	0	0.0	16.62	0	0.010902747492368078	0.0	0.0	1.0	0.0	0.0	0.0	0.0	0.0
3	0.0	0.0	0	0.0	17.17	0	0.0	0.1941747572815534	0.0	0.0	0.0	0.0	0.0	0.0	0.0
3	0.0	0.0	30	0.0	15.71	0	0.0	0.011981787682722263	0.0	0.0	0.0	0.0	0.0	0.0	0.0
2	0.0	0.0	0	0.0	18.1	0	0.05452562704471101	0.0	0.0	20.0	0.0	0.0	0.0	0.0	0.0
5	0.0	0.0	1	0.0	16.18	0	0.038461538461538464	0.0	0.0	0.0	0.0	0.0	0.0	0.0	0.0
1	0.0	0.0	17	0.1197604790419161	15.41	0	0.050050050050050046	0.0	0.0	0.0	0.0	0.0	0.0	0.0	0.0
6	0.0	0.0	7	0.0	16.18	0	0.0	0.0700280112044818	0.0	0.0	0.0	0.0	0.0	0.0	0.0
1	0.0	0.0	33	0.0	20.5	0	0.0	0.07215007215007216	0.0	0.0	0.0	0.0	0.0	0.0	0.0
3	1.0	0.5	27	0.0	18.8	0	0.2770083102493075	0.0	0.0	0.0	0.0	0.0	0.0	0.0	0.0
5	0.0	0.0	13	0.0	14.67	0	0.08278145695364239	0.0	0.0	0.0	0.0	0.0	0.0	0.0	0.0
3	0.0	0.0	1	0.0	17.19	0	0.0	0.5050505050505051	0.0	0.5	0.0	0.0	0.0	0.0	0.0
3	0.0	0.0	41	0.0	14.57	0	0.0	0.020508613617719443	0.0	0.0	0.0	0.0	0.0	0.05159958720330238	0.0
4	0.0	0.0	44	0.0	12.23	0	0.04807692307692307	0.0	0.0	0.0	0.0	0.0	0.0	0.07211538461538461	0.0
1	0.0	0.0	18	0.0	10.53	0	0.46511627906976744	0.0	0.0	0.0	0.0	0.0	0.0	0.0	0.0
3	0.0	0.0	0	0.0	16.74	0	0.0	0.02997601918465228	0.0	0.5	0.0	0.0	0.0	0.0	0.0
2	0.0	0.0	0	0.0465116279069767	16.74	0	0.0	0.199468085106383	0.0	0.0	0.0	0.0	0.0	0.0	0.0
2	0.0	0.0	33	0.0	15.24	0	0.0	0.021673168617251843	0.0	0.5	0.0	0.0	0.0	0.0	0.0
5	0.0	0.0	28	0.0	16.23	0	0.0	0.02027986209693774	0.0	0.0	0.0	0.0	0.0	0.0	0.0
4	0.0	0.0	43	0.0	5.9	0	0.1893939393939394	0.0	0.0	0.0	0.0	0.0	0.0	0.0	0.0
2	0.0	1.0	33	0.0	13.56	0	1.3636363636363635	0.0	0.0	0.0	0.0	0.0	0.0	0.0	0.0
1	0.0	0.0	34	0.0	11.39	0	0.0	0.056179775280898875	0.0	1.0	0.0	0.0	0.0	0.0	0.0
0	0.0	0.0	1	0.0	16.19	0	0.04574565416285453	0.0	0.0	0.0	0.0	0.0	0.0	0.0	0.0
5	0.0	0.0	17	0.0	16.02	0	0.020374898125509373	0.0	0.0	0.0	0.0	0.0	0.0	0.0	0.0
1	0.0	0.0	0	0.0	17.27	0	0.0	0.2857142857142857	0.0	0.0	0.0	0.0	0.0	0.0	0.0
3	0.0	0.0	39	0.2	5.75	0	0.0	0.23923444976076558	0.0	0.0	0.0	0.0	0.0	0.0	0.11961722488038279
3	0.0	0.0	0	0.0217391304347826	16.74	0	0.0	0.047058823529411764	0.0	0.0	0.0	0.0	0.0	0.0	0.0
3	0.0	0.0	36	0.0425531914893617	14.86	1	0.0	0.3943217665615142	0.0	0.7	0.0	0.0	0.0	0.0	0.0
1	0.0	0.0	17	0.2074074074074074	15.38	0	0.047709923664122134	0.0	0.0	0.0	0.0	0.0	0.0	0.0	0.0
1	0.0	0.0	19	0.0	9.5	0	0.18248175182481752	0.0	0.0	0.0	0.0	0.0	0.0	0.0	0.0
0	0.0	0.0	19	0.0	0.0	0	0.0	0.11135857461024498	0.0	0.0	0.0	0.0	0.0	0.0	0.0
3	0.0	0.0	47	0.0	13.82	0	0.02600780234070221	0.0	0.0	0.0	0.0	0.0	0.0	0.0	0.02556237218813906
1	0.0	0.0	0	0.0	9.5	0	0.0	0.5813953488372093	0.0	0.5	0.0	0.0	0.0	0.0	0.0
3	0.0	0.0	53	0.0	13.44	0	0.0	0.012071463061323031	0.0	0.0	0.0	0.0	0.0	0.0	0.0
5	0.0	0.0	42	0.0	15.35	0	0.020316944331572533	0.0	0.0	0.0	0.0	0.0	0.0	0.0	0.0
1	0.0	0.0	6	0.1304347826086956	15.0	0	0.0	0.055991041433370664	0.0	2.0	0.0	0.0	0.0	0.0	0.055991041433370664
2	0.0	0.0	40	0.0	13.57	0	0.0	0.06281407035175879	0.0	0.0	0.0	0.0	0.0	0.0	0.0
2	0.0	0.0	23	0.1290322580645161	5.51	1	1.0845986984815617	0.0	0.0	0.6	0.0	0.0	0.0	0.0	0.08368200836820085
1	0.0	0.0	14	0.0	3.0	0	0.0	0.046598322460391424	0.0	0.0	0.0	0.0	0.0	0.0	0.0
0	0.0	0.0	28	0.0	16.0	0	0.0	0.017699115044247787	0.0	0.0	0.0	0.0	0.0	0.0	0.0
4	0.0	0.0	31	0.0	15.44	0	0.0	0.030487804878048783	0.0	0.0	0.0	0.0	0.0	0.0	0.030487804878048783
2	0.0	0.0	0	0.0387096774193548	16.93	0	0.1326259946949602	0.0	0.0	2.3333333333333335	0.0	0.0	0.0	0.0	0.0
5	0.0	0.0	25	0.0	14.35	0	0.11695906432748537	0.0	0.0	0.5	0.0	0.0	0.0	0.11695906432748537	0.0
0	0.0	0.0	23	0.0	15.22	0	0.040160642570281124	0.0	0.0	0.0	0.0	0.0	0.0	0.040160642570281124	0.0
0	0.0	1.0	43	0.0	0.0	0	0.11286681715575622	0.0	0.0	0.0	0.0	0.0	0.0	0.0	0.0
2	0.0	0.0	18	0.0	15.66	0	0.0	0.028184892897406992	0.0	0.0	0.0	0.0	0.0	0.0	0.0
3	0.0	0.0	25	0.0	52.75	0	0.04310344827586207	0.0	0.0	0.0	0.0	0.0	0.0	0.021551724137931036	0.0
3	0.0	0.0	39	0.0	58.89	0	0.10952902519167579	0.0	0.0	0.0	0.0	0.0	0.0	0.0	0.0
0	1.0	0.0	12	0.0	0.0	1	0.8810572687224669	0.18518518518518517	0.0	1.0	0.0	0.0	0.0	0.8810572687224669	0.0
0	1.0	1.0	61	0.0	0.0	1	1.6915422885572138	0.025893319523562924	0.0	0.5	0.0	0.0	0.0	0.0	0.0
2	0.0	0.0	18	0.0	16.23	0	0.0	0.019223375624759707	0.0	0.0	0.0	0.0	0.0	0.0	0.0
2	0.0	0.0	30	0.0	15.27	0	0.03181673560292714	0.0	0.0	0.5	0.0	0.0	0.0	0.0	0.0
3	1.0	0.0	28	0.0	26.17	0	0.0	0.05506607929515418	0.0	0.0	0.0	0.0	0.0	0.0	0.0
2	0.0	0.0	17	0.0	8.61	0	0.0	0.17793594306049823	0.0	0.0	0.0	0.0	0.0	0.0	0.17793594306049823
4	1.0	0.0	0	0.0	20.14	0	0.0	0.08802816901408451	0.0	0.0	0.0	0.0	0.0	0.0	0.0
1	0.0	0.0	0	0.0	17.16	0	0.0	0.6493506493506493	0.0	0.0	0.0	0.0	0.0	0.0	0.0
1	0.0	0.0	18	0.0	15.25	0	0.052521008403361345	0.0	0.0	0.0	0.0	0.0	0.0	0.0	0.0
1	0.0	0.0	0	0.0	11.5	0	0.0	1.0	0.0	0.0	0.0	0.0	0.0	0.0	0.0
1	0.0	0.0	2	0.0	18.38	0	0.066006600660066	0.07874015748031496	0.0	0.0	0.0	0.0	0.0	0.0	0.0
1	1.0	0.0	19	0.2962962962962963	18.38	0	0.4424778761061947	0.0	0.0	0.0	0.0	0.0	0.0	0.0	0.0
1	0.0	0.0	4	0.0759493670886076	16.49	0	0.0	0.023986567522187575	0.0	0.0	0.0	0.0	0.0	0.0	0.0
3	0.0	0.0	35	0.0	10.8	0	0.0	0.14792899408284024	0.0	0.0	0.0	0.0	0.0	0.0	0.07396449704142012
3	0.0	0.0	41	0.08823529411764698	8.85	0	0.15082956259426847	0.0	0.0	1.0	0.0	0.0	0.0	0.15082956259426847	0.0
2	0.0	0.0	31	0.056701030927834996	16.09	0	0.4269854824935952	0.0	0.0	0.95	0.0	0.0	0.0	0.0	0.0
1	0.0	0.0	0	0.0	16.41	0	0.0	0.08169934640522876	0.0	0.0	0.0	0.0	0.0	0.0	0.0
1	0.0	0.0	0	0.0142857142857142	16.43	0	0.0	0.07347538574577517	0.0	0.0	0.0	0.0	0.0	0.0	0.0
1	0.0	0.0	48	0.0317460317460317	12.27	0	0.0	0.017674089784376106	0.0	0.0	0.0	0.0	0.0	0.0	0.0
3	0.0	0.0	43	0.0	5.11	0	0.0	0.38759689922480617	0.0	0.0	0.0	0.0	0.0	0.0	0.19379844961240308
2	0.0	0.0	1	0.0087336244541484	16.2	0	0.0	0.02103491796381994	0.0	0.0	0.0	0.0	0.0	0.0	0.0
1	0.0	0.0	37	0.0	15.35	0	0.0	0.040160642570281124	0.0	0.5	0.0	0.0	0.0	0.0	0.0
2	0.0	0.0	41	0.0	11.73	0	0.03568879371877231	0.0	0.0	0.0	0.0	0.0	0.0	0.017844396859386154	0.0
5	0.0	0.0	31	0.0	19.23	0	0.2631578947368421	0.0	0.0	0.0	0.0	0.0	0.0	0.0	0.0
1	0.0	0.0	6	0.0588235294117647	14.0	0	0.0681198910081744	0.0	0.0	1.0	0.0	0.0	0.0	0.0	0.0
2	0.0	0.0	0	0.0476190476190476	16.21	0	0.0	0.059808612440191394	0.0	0.0	0.0	0.0	0.0	0.0	0.0
2	0.0	0.0	21	0.0	8.42	0	0.16666666666666666	0.0	0.0	0.0	0.0	0.0	0.0	0.0	0.0
4	0.0	0.0	42	0.0	14.52	0	0.04240882103477524	0.0	0.0	0.0	0.0	0.0	0.0	0.04240882103477524	0.0
1	0.0	0.0	17	0.0	15.83	0	0.0	0.044169611307420496	0.0	0.0	0.0	0.0	0.0	0.0	0.0
0	0.0	1.0	11	0.7586206896551724	0.0	0	0.0	0.5494505494505494	0.0	1.0	0.0	0.0	0.0	0.0	0.0
1	0.0	0.0	63	0.0	9.47	0	0.046446818392940084	0.0	0.0	0.0	0.0	0.0	0.0	0.0	0.0
0	0.0	0.0	7	0.1612903225806451	33.21	0	0.0	0.18823529411764706	0.0	0.375	0.0	0.0	0.0	0.0	0.0
1	0.0	0.0	33	0.0	9.44	0	0.0	0.7861635220125786	0.0	0.1	0.0	0.0	0.0	0.0	0.0
1	0.0	0.0	65	0.1	10.0	0	3.5211267605633805	0.0	0.0	0.1	0.0	0.0	0.0	0.0	0.0
3	0.0	0.0	0	0.032258064516129	16.77	0	0.0	0.12210012210012211	0.0	0.0	0.0	0.0	0.0	0.0	0.0
4	0.0	0.0	60	0.0	5.23	0	0.0	0.23584905660377356	0.0	0.0	0.0	0.0	0.0	0.0	0.0
0	0.0	0.0	28	0.0714285714285714	0.0	0	0.0	0.3496503496503497	0.0	0.0	0.0	0.0	0.0	0.0	0.3496503496503497
0	0.0	0.0	37	0.0666666666666666	0.0	0	0.6060606060606061	0.0	0.0	0.0	0.0	0.0	0.0	0.0	0.0
1	0.0	0.0	0	0.0769230769230769	16.76	0	0.0	0.24154589371980678	0.0	0.5	0.0	0.0	0.0	0.0	0.0
0	0.0	0.0	17	0.0	0.0	0	0.0	0.12820512820512822	0.0	0.0	0.0	0.0	0.0	0.0	0.0
0	1.0	1.0	2	0.0	23.71	0	0.0	0.449438202247191	0.0	0.0	0.0	0.0	0.0	0.0	0.0
1	0.0	0.0	43	0.0	16.03	0	0.0	1.0416666666666667	0.0	0.0	0.0	0.0	0.0	0.0	0.2604166666666667
2	1.0	1.0	0	0.0232558139534883	9.65	0	0.0	0.11554015020219527	0.0	0.0	0.0	0.0	0.0	0.0	0.0
2	0.0	1.0	22	0.0	13.98	0	0.0429553264604811	0.0	0.0	0.0	0.0	0.0	0.0	0.0	0.0
0	0.0	0.3333333333333333	47	0.0	0.0	0	0.0	0.08403361344537814	0.0	0.0	0.0	0.0	0.0	0.0	0.08403361344537814
1	0.0	0.0	22	0.2941176470588235	15.5	0	0.2577319587628866	0.0	0.0	0.0	0.0	0.0	0.0	0.0	0.0
1	0.0	0.0	20	0.4594594594594595	13.56	0	0.0792393026941363	0.0	0.0	0.0	0.0	0.0	0.0	0.0	0.0
0	0.0	0.0	24	0.0434782608695652	9.59	0	0.0	0.1234567901234568	0.0	0.5	0.0	0.0	0.0	0.0	0.1234567901234568
1	0.0	0.0	0	0.0	16.4	0	0.0	0.05561735261401557	0.0	1.0	0.0	0.0	0.0	0.0	0.0
3	0.0	0.0	38	0.0182370820668693	15.77	0	0.01570105197048202	0.0	0.0	0.0	0.0	0.0	0.0	0.01570105197048202	0.0
2	0.0	0.0	16	0.2727272727272727	7.83	0	0.0	0.7462686567164178	0.0	0.0	0.0	0.0	0.0	0.0	0.0
2	0.0	0.0	41	0.0	10.45	0	0.0	0.08305647840531562	0.0	0.0	0.0	0.0	0.0	0.0	0.04152823920265781
1	0.5	0.5	54	0.0	55.67	0	0.08266170696424881	0.0	0.0	0.0	0.0	0.0	0.0	0.0	0.0
4	0.0	0.0	52	0.0	14.01	0	0.0	0.04363001745200698	0.0	0.5	0.0	0.0	0.0	0.0	0.02181500872600349
0	0.0	0.0	20	0.0	0.0	0	0.11160714285714285	0.0	0.0	0.0	0.0	0.0	0.0	0.0	0.0
5	0.5	0.0	43	0.0	11.29	0	0.0	0.186219739292365	0.0	0.0	0.0	0.0	0.0	0.0	0.0
2	1.0	0.5	48	0.0	31.58	0	0.040160642570281124	0.0	0.0	0.0	0.0	0.0	0.0	0.040160642570281124	0.0
0	0.5	0.0	51	0.0208333333333333	16.54	1	0.0	2.1634615384615383	0.05555555555555555	0.9444444444444444	0.12019230769230768	0.0	0.0	0.0	0.12019230769230768
3	0.0	0.0	17	0.0449438202247191	16.05	0	0.0	0.05841121495327103	0.0	0.0	0.0	0.0	0.0	0.0	0.05841121495327103
5	0.0	0.0	30	0.0	7.8	0	0.30120481927710846	0.0	0.0	0.0	0.0	0.0	0.0	0.0	0.0
3	0.0	0.0	30	0.0	15.69	0	0.016345210853220007	0.0	0.0	0.0	0.0	0.0	0.0	0.016345210853220007	0.0
1	0.0	0.0	42	0.0	9.8	0	0.0	0.6276150627615062	0.0	0.0	0.0	0.0	0.0	0.0	0.0
1	0.0	0.0	45	0.0	9.5	0	0.5050505050505051	0.0	0.0	0.0	0.0	0.0	0.0	0.0	0.0
1	0.0	0.0	16	0.0	10.5	0	0.07518796992481203	0.0	0.0	0.0	0.0	0.0	0.0	0.0	0.0
3	0.0	0.0	76	0.0	4.74	0	0.7936507936507936	0.0	0.0	0.0	0.0	0.0	0.0	0.0	0.0
0	0.0	0.0	34	0.0	15.97	0	0.0	0.024154589371980676	0.0	0.0	0.0	0.0	0.0	0.0	0.012077294685990338
3	0.0	0.0	16	0.0	15.71	0	0.03247807729782397	0.0	0.0	0.5	0.0	0.0	0.0	0.0	0.0
5	0.0	0.5	31	0.0208333333333333	24.19	0	0.0	0.04870920603994155	0.0	0.0	0.0	0.0	0.0	0.0	0.0
2	0.0	0.0	32	0.0	15.35	0	0.027708506511499028	0.029256875365710942	0.0	0.0	0.0	0.0	0.0	0.0	0.0
2	0.0	0.0	19	0.2222222222222222	14.68	0	0.03477051460361613	0.0	0.0	0.0	0.0	0.0	0.0	0.0	0.0
0	0.0	0.0	15	0.0	0.0	0	0.0	0.07246376811594203	0.0	0.0	0.0	0.0	0.0	0.0	0.0
1	0.0	0.0	3	0.0606060606060606	8.0	0	0.0	0.10893246187363835	0.0	0.0	0.0	0.0	0.0	0.0	0.0
4	0.0	0.5	6	0.1188524590163934	39.29	0	0.0	0.05399568034557235	0.0	0.0	0.0	0.0	0.0	0.0	0.0
1	0.0	0.0	2	0.0	16.74	0	0.08077544426494346	0.0	0.0	1.0	0.0	0.0	0.0	0.0	0.0
1	0.0	0.0	49	0.0	10.23	0	0.07874015748031496	0.0	0.0	15.0	0.0	0.0	0.0	0.07874015748031496	0.0
1	0.0	0.0	63	0.1126760563380281	12.26	0	0.1075268817204301	0.0	0.0	0.0	0.0	0.0	0.0	0.0	0.0
8	0.0	0.0	25	0.0049019607843137	16.27	0	0.029577048210588583	0.030326004548900682	0.0	0.0	0.0	0.0	0.0	0.0	0.0
1	0.0	0.0	5	0.2	19.49	0	0.0	0.9316770186335404	1.0	0.3333333333333333	0.0	0.0	0.0	0.0	0.0
7	0.0	0.0	67	0.0	13.9	0	0.04403346543372963	0.0	0.0	0.0	0.0	0.0	0.0	0.011008366358432407	0.010843634786380394
1	0.0	0.0	14	0.0	0.87	1	0.26595744680851063	0.3436426116838488	0.0	1.0	0.0	0.0	0.0	0.0	0.0
1	0.0	0.0	0	0.0	16.34	0	0.0	0.023430178069353328	0.0	0.5	0.0	0.0	0.0	0.0	0.0
2	0.0	0.0	41	0.0	18.54	0	0.0	20.0	0.0	0.25	0.0	0.0	0.0	0.0	0.0
4	0.0	0.0	34	0.0	15.4	0	0.0	0.024727992087042534	0.0	0.0	0.0	0.0	0.0	0.0	0.0
0	0.0	0.0	0	0.0	27.49	0	0.0	0.2531645569620253	0.0	0.0	0.0	0.0	0.0	0.0	0.0
0	0.5	0.0	52	0.0305343511450381	0.0	1	0.35959463877084014	0.3698224852071006	0.0	0.5675675675675675	0.0	0.0	0.0	0.04903563255966002	0.0
3	1.0	1.0	37	0.0	16.22	0	0.0	0.05910165484633569	0.0	0.0	0.0	0.0	0.0	0.0	0.029550827423167846
6	0.0	0.0	32	0.054054054054054	14.86	0	0.1652892561983471	0.0	0.0	1.25	0.0	0.0	0.0	0.0	0.0
1	0.0	0.0	16	0.1891891891891892	15.95	0	0.0	0.0544069640914037	0.0	0.0	0.0	0.0	0.0	0.0	0.0
0	0.0	0.0	26	0.2307692307692307	0.0	0	0.0	0.12578616352201258	0.0	0.0	0.0	0.0	0.0	0.0	0.06289308176100629
2	0.0	0.0	42	0.0	15.26	0	0.019825535289452818	0.0	0.0	0.0	0.0	0.0	0.0	0.0	0.0
1	0.5	0.3333333333333333	61	0.0	32.47	0	0.06309148264984227	0.0	0.0	0.0	0.0	0.0	0.0	0.0	0.0
1	0.0	0.0	21	0.0	15.87	0	0.027685492801771874	0.0	0.0	0.0	0.0	0.0	0.0	0.0	0.0
5	0.0	0.0	39	0.0	15.29	0	0.0	0.05151983513652756	0.0	0.0	0.0	0.0	0.0	0.0	0.01287995878413189
5	0.0	0.0	61	0.0	12.61	0	0.01676727028839705	0.0	0.0	0.0	0.0	0.0	0.0	0.01676727028839705	0.0
0	0.0	0.0	10	0.0	0.0	1	0.9090909090909091	0.38167938931297707	0.0	0.5	0.0	0.0	0.0	0.9090909090909091	0.0
2	0.0	0.0	22	0.0	6.83	0	0.3105590062111801	0.0	0.0	0.0	0.0	0.0	0.0	0.0	0.0
7	0.0	0.0	34	0.0	15.45	0	0.024925224327018946	0.0	0.0	0.0	0.0	0.0	0.0	0.012462612163509473	0.0
1	0.0	0.0	19	0.0	6.03	0	0.9433962264150942	0.0	0.0	0.0	0.0	0.0	0.0	0.0	0.0
0	0.0	1.0	26	0.0522388059701492	24.72	0	0.06657789613848203	0.0	0.0	0.5	0.0	0.0	0.0	0.0	0.0
1	0.0	0.0	48	0.0	13.08	0	0.0	0.027925160569673275	0.0	0.5	0.0	0.0	0.0	0.0	0.0
2	0.0	0.0	23	0.0	16.3	0	0.0	0.023030861354214647	0.0	0.0	0.0	0.0	0.0	0.0	0.0
0	0.0	0.0	18	0.0	0.0	0	0.0	0.13458950201884254	0.0	0.0	0.0	0.0	0.0	0.0	0.0
0	0.0	0.0	18	0.3076923076923077	0.0	1	0.19398642095053345	0.5649717514124294	0.0	0.5	0.0	0.0	0.0	0.0	0.2824858757062147
0	0.0	0.0	36	0.0	10.23	0	0.0	0.07246376811594203	0.0	0.0	0.0	0.0	0.0	0.0	0.0
0	0.0	0.0	19	0.0	0.0	0	0.0	0.031928480204342274	0.0	0.0	0.0	0.0	0.0	0.0	0.0
3	0.0	0.0	40	0.0	9.08	0	0.0	0.12658227848101264	0.0	0.0	0.0	0.0	0.0	0.0	0.0
4	0.0	0.0	0	0.1509433962264151	16.75	0	0.0	0.032237266279819474	0.0	2.0	0.0	0.0	0.0	0.0	0.0
1	0.0	0.0	0	0.0	17.5	0	0.08103727714748785	0.0	0.0	0.0	0.0	0.0	0.0	0.0	0.0
1	0.0	0.0	39	0.0555555555555555	17.5	0	0.14992503748125938	0.0	0.0	1.0	0.0	0.0	0.0	0.0	0.0
1	0.0	1.0	2	0.4444444444444444	9.5	0	0.3546099290780142	0.0	0.0	0.0	0.0	0.0	0.0	0.0	0.0
1	0.0	0.0	0	0.0833333333333333	9.5	0	0.0	1.1904761904761905	0.0	2.0	0.0	0.0	0.0	0.0	0.0
2	0.0	0.0	31	0.0	9.2	0	0.0	0.027816411682892905	0.0	0.0	0.0	0.0	0.0	0.0	0.027816411682892905
4	0.0	0.0	51	0.0	15.24	0	0.018532246108228317	0.0	0.0	0.5	0.0	0.0	0.0	0.0	0.0
1	0.0	0.0	12	0.147982062780269	16.83	0	0.021929824561403508	0.0	0.0	4.0	0.0	0.0	0.0	0.0	0.0
4	0.0	0.0	0	0.0	16.58	0	0.0	0.04730368968779565	0.0	0.0	0.0	0.0	0.0	0.0	0.0
2	0.0	0.0	26	0.0	5.02	0	0.6211180124223602	0.0	0.0	0.0	0.0	0.0	0.0	0.0	0.0
1	0.0	0.0	28	0.0	21.5	0	0.14064697609001406	0.0	0.0	0.5	0.0	0.0	0.0	0.14064697609001406	0.0
1	0.0	0.0	19	0.0	9.5	0	0.24509803921568626	0.0	0.0	0.0	0.0	0.0	0.0	0.0	0.0
1	0.0	0.0	9	0.0	13.38	0	0.5813953488372093	0.0	0.0	2.0	0.0	0.0	0.0	0.0	0.0
4	0.0	0.0	42	0.0	11.31	0	0.0	0.040749796251018745	0.0	0.0	0.0	0.0	0.0	0.0	0.0
2	0.0	0.0	1	0.024390243902439	16.83	0	0.0	0.24489795918367346	0.0	0.0	0.0	0.0	0.0	0.0	0.0
0	0.0	0.0	29	0.0	11.87	0	0.08116883116883117	0.0	0.0	0.5	0.0	0.0	0.0	0.0	0.0
1	0.0	0.0	54	0.0	6.66	0	0.3484320557491289	0.0	0.0	0.0	0.0	0.0	0.0	0.0	0.0
1	0.0	0.0	19	0.0	5.9	0	0.38167938931297707	0.0	0.0	1.0	0.0	0.0	0.0	0.0	0.0
1	0.0	0.0	3	0.0	16.95	0	0.0	0.11337868480725623	0.0	0.0	0.0	0.0	0.0	0.0	0.0
0	0.0	0.0	42	0.0	0.0	0	0.0	0.6578947368421053	0.0	0.0	0.0	0.0	0.0	0.0	0.32894736842105265
3	0.0	0.0	20	0.1308411214953271	15.1	0	0.0	0.036231884057971016	0.0	0.0	0.0	0.0	0.0	0.0	0.0
0	0.0	0.0	11	0.0	0.0	1	0.7874015748031495	0.22573363431151244	0.0	0.6666666666666666	0.0	0.0	0.0	0.39370078740157477	0.0
2	0.0	0.0	48	0.0	10.06	0	0.031308703819661866	0.0	0.0	0.0	0.0	0.0	0.0	0.0	0.0
0	0.0	0.0	29	0.0186915887850467	15.44	0	0.0	0.01177301624676242	0.0	0.0	0.0	0.0	0.0	0.0	0.0
4	0.0	0.0	56	0.0	14.55	0	0.0	0.018670649738610903	0.0	0.0	0.0	0.0	0.0	0.0	0.0
0	0.0	0.0	37	0.0	15.26	0	0.029726516052318668	0.0	0.0	0.0	0.0	0.0	0.0	0.0	0.0
0	1.0	0.0	20	0.1428571428571428	0.0	0	0.0	1.3157894736842106	0.0	0.0	0.0	0.0	0.0	0.0	0.0
2	0.0	0.0	46	0.0	14.08	0	0.0	0.03190810465858328	0.0	0.0	0.0	0.0	0.0	0.0297441998810232	0.01595405232929164
2	0.0	0.0	20	0.0	9.78	0	0.13774104683195593	0.0	0.0	0.5	0.0	0.0	0.0	0.0	0.0
1	1.0	0.0	29	0.09375	10.64	1	0.0	2.617801047120419	0.0	0.9	0.0	0.0	0.0	0.0	0.0
1	0.0	0.0	0	0.1379310344827586	17.51	0	0.0	0.24271844660194175	0.0	1.0	0.0	0.0	0.0	0.0	0.0
2	0.0	0.0	0	0.0	17.0	0	0.0	0.29940119760479045	0.0	0.0	0.0	0.0	0.0	0.0	0.0
1	0.0	0.0	22	0.0	5.76	0	0.3205128205128205	0.0	0.0	0.0	0.0	0.0	0.0	0.0	0.0
1	0.0	0.0	15	0.0	10.97	0	0.13966480446927373	0.0	0.0	0.0	0.0	0.0	0.0	0.0	0.0
1	0.0	0.5	0	0.0208333333333333	9.5	0	0.0	0.09852216748768472	0.0	0.0	0.0	0.0	0.0	0.0	0.0
3	0.5	1.0	53	0.072463768115942	3.85	1	2.5806451612903225	0.0	0.0	0.125	0.0	0.0	0.0	0.3225806451612903	0.04098360655737705
1	0.0	0.0	14	0.0	9.5	0	0.16501650165016502	0.0	0.0	0.0	0.0	0.0	0.0	0.0	0.0
1	0.0	0.0	42	0.0	6.36	0	0.16556291390728478	0.0	0.0	0.0	0.0	0.0	0.0	0.0	0.0
8	0.0	0.0	36	0.0	15.81	0	0.0	0.01525320317266626	0.0	0.0	0.0	0.0	0.0	0.0	0.0
0	0.0	0.0	18	0.2222222222222222	0.0	0	0.0	0.3787878787878788	0.0	0.0	0.0	0.0	0.0	0.0	0.3787878787878788
1	0.0	0.0	0	0.0	16.3	0	0.0377643504531722	0.0	0.0	1.0	0.0	0.0	0.0	0.0	0.0
4	0.0	0.0	17	0.0	17.62	0	0.0	0.041254125412541254	0.0	0.0	0.0	0.0	0.0	0.0	0.0
0	0.0	1.0	48	0.0	0.0	0	0.0782472613458529	0.0	0.0	0.0	0.0	0.0	0.0	0.0	0.0
0	1.0	0.0	21	0.25	0.0	0	0.3184713375796178	0.0	0.0	0.0	0.0	0.0	0.0	0.0	0.0
1	0.0	0.0	2	0.2780487804878049	16.25	0	0.0	0.030845157310302282	0.0	1.0	0.0	0.0	0.0	0.0	0.0
3	0.0	0.0	43	0.0	13.66	0	0.06165228113440198	0.0	0.0	0.0	0.0	0.0	0.0	0.06165228113440198	0.0
1	0.0	0.0	0	0.0	16.36	0	0.0	0.21645021645021645	0.0	0.0	0.0	0.0	0.0	0.0	0.0
3	0.0	0.0	35	0.0	14.28	0	0.0758150113722517	0.0	0.0	0.0	0.0	0.0	0.0	0.0	0.0
0	0.0	0.0	0	0.0	16.98	0	0.0	0.06531678641410843	0.0	0.0	0.0	0.0	0.0	0.0	0.0
5	0.0	0.0	38	0.0	14.72	0	0.03389830508474576	0.0	0.0	0.0	0.0	0.0	0.0	0.01694915254237288	0.0
2	1.0	0.0	29	0.0	60.01	0	0.07930214115781127	0.0	0.0	0.0	0.0	0.0	0.0	0.0	0.0
0	1.0	0.5	49	0.0103092783505154	0.0	1	1.1321748288572935	0.15806111696522654	0.0	0.38181818181818183	0.0	0.0	0.0	0.05265929436545551	0.07903055848261327
0	0.0	0.0	17	0.0	0.0	0	0.0	0.17094017094017094	0.0	0.0	0.0	0.0	0.0	0.0	0.0
5	0.0	0.0	37	0.0	15.06	0	0.0	0.02042066571370227	0.0	0.0	0.0	0.0	0.0	0.0	0.0
0	1.0	0.5	25	0.0	0.0	0	0.03961965134706815	0.0	0.0	0.5	0.0	0.0	0.0	0.0	0.0
1	0.0	0.0	28	0.0	9.5	0	6.818181818181818	0.0	0.0	0.0	0.0	0.0	0.0	0.0	0.0
2	0.0	0.0	0	0.0	17.56	0	0.0	0.8064516129032259	0.0	0.0	0.0	0.0	0.0	0.0	0.0
4	0.0	0.0	61	0.0	13.22	0	0.028058361391694726	0.0	0.0	0.5	0.0	0.0	0.0	0.028058361391694726	0.013747594171020073
0	0.0	1.0	23	0.0	0.0	0	0.020807324178110695	0.0	0.0	0.0	0.0	0.0	0.0	0.020807324178110695	0.0
3	0.0	0.0	24	0.0	6.26	0	0.3546099290780142	0.0	0.0	0.0	0.0	0.0	0.0	0.0	0.0
2	0.0	0.0	25	0.0	15.1	0	0.03597122302158273	0.0	0.0	0.0	0.0	0.0	0.0	0.0	0.0
2	1.0	0.0	39	0.1157024793388429	17.55	0	0.03853564547206166	0.04844961240310077	0.0	0.0	0.0	0.0	0.0	0.0	0.024224806201550386
1	0.0	0.0	37	0.0	2.5	0	0.4385964912280702	0.0	0.0	0.0	0.0	0.0	0.0	0.0	0.0
0	0.0	0.0	2	0.1806853582554517	16.37	0	0.016074586079408454	0.0	0.0	1.0	0.0	0.0	0.0	0.0	0.0
0	0.0	0.0	19	0.0925925925925925	14.84	0	0.05500550055005501	0.0	0.0	0.0	0.0	0.0	0.0	0.0	0.0
4	0.0	0.0	2	0.0202020202020202	16.66	0	0.047687172150691466	0.0	0.0	0.0	0.0	0.0	0.0	0.0	0.0
0	0.0	0.0	16	0.054054054054054	0.0	0	0.33112582781456956	0.0	0.0	0.0	0.0	0.0	0.0	0.0	0.0
2	0.0	0.0	42	0.0122699386503067	14.17	0	0.054945054945054944	0.0	0.0	0.0	0.0	0.0	0.0	0.027472527472527472	0.0
2	0.0	1.0	0	0.0	15.11	0	0.0	0.039651070578905635	0.0	0.0	0.0	0.0	0.0	0.0	0.0
0	0.0	0.0	22	0.2222222222222222	0.0	0	0.0	0.4464285714285714	0.0	0.0	0.0	0.0	0.0	0.0	0.0
2	0.0	0.0	47	0.0148148148148148	15.79	0	0.024464831804281346	0.0	0.0	0.0	0.0	0.0	0.0	0.0	0.017951172809956915
1	0.0	0.0	22	0.0	14.9	0	0.0	0.04625346901017576	0.0	0.5	0.0	0.0	0.0	0.0	0.0
1	0.0	0.0	0	0.1666666666666666	16.93	0	0.19685039370078738	0.0	0.0	1.0	0.0	0.0	0.0	0.0	0.0
1	0.0	0.0	40	0.0170212765957446	15.21	0	0.02487562189054726	0.0	0.0	0.0	0.0	0.0	0.0	0.0	0.0
1	0.0	0.0	1	0.0103092783505154	16.29	0	0.03427004797806717	0.0	0.0	0.0	0.0	0.0	0.0	0.0	0.0
4	0.0	0.0	34	0.0	14.78	0	0.034447123665173954	0.0	0.0	0.5	0.0	0.0	0.0	0.017223561832586977	0.0
2	0.0	0.0	33	0.0	15.87	0	0.0	0.023579344494223064	0.0	0.0	0.0	0.0	0.0	0.0	0.023579344494223064
5	0.0	0.0	23	0.0786516853932584	15.85	0	0.013480722566729575	0.0	0.0	0.0	0.0	0.0	0.0	0.0	0.0
4	0.0	0.0	44	0.0	16.42	0	0.0	0.04797313504437515	0.0	0.25	0.0	0.0	0.0	0.0	0.0
1	0.0	0.0	18	0.0	8.96	0	0.0	0.9174311926605504	0.0	0.25	0.0	0.0	0.0	0.0	0.0
1	0.0	0.0	27	0.0	10.5	0	0.13404825737265416	0.0	0.0	0.0	0.0	0.0	0.0	0.0	0.0
1	0.0	0.0	40	0.0	15.49	0	0.00919793966151582	0.0	0.0	0.0	0.0	0.0	0.0	0.0	0.0
4	1.0	0.0	30	0.0	43.12	0	0.0	0.0849437247823317	0.0	0.0	0.0	0.0	0.0	0.0	0.0
3	0.0	0.0	18	0.0	6.76	0	0.4672897196261682	0.0	0.0	0.0	0.0	0.0	0.0	0.4672897196261682	0.0
4	0.0	1.0	61	0.0	10.32	0	0.15174506828528073	0.0	0.0	0.0	0.0	0.0	0.0	0.0	0.0
1	0.0	0.0	25	0.0	16.1	0	0.0	0.026903416733925208	0.0	0.0	0.0	0.0	0.0	0.0	0.0
1	0.0	0.0	0	0.0	18.04	0	0.0	0.45454545454545453	0.0	2.0	0.0	0.0	0.0	0.0	0.0
1	0.0	0.0	20	0.0909090909090909	11.35	0	0.0	0.09259259259259259	0.0	0.0	0.0	0.0	0.0	0.0	0.0
1	0.0	0.0	3	0.2467532467532467	16.59	0	0.01639881928501148	0.0	0.0	0.0	0.0	0.0	0.0	0.0	0.0
4	0.0	0.0	35	0.0	15.07	0	0.032605151613955004	0.0	0.0	0.0	0.0	0.0	0.0	0.0	0.0
2	0.0	0.0	5	0.0	18.45	0	0.0	0.03695491500369549	0.0	1.0	0.0	0.0	0.0	0.0	0.0
1	0.0	0.0	0	0.0	9.5	0	0.0	0.32894736842105265	0.0	0.0	0.0	0.0	0.0	0.0	0.0
1	0.0	0.0	15	0.0	15.31	0	0.34602076124567477	0.0	0.0	0.0	0.0	0.0	0.0	0.0	0.0
2	0.0	0.0	46	0.0	8.52	0	0.09345794392523366	0.0	0.0	0.0	0.0	0.0	0.0	0.0	0.0
2	0.0	0.0	2	0.0	11.32	0	0.23923444976076558	0.0	0.0	0.0	0.0	0.0	0.0	0.0	0.0
0	0.0	0.0	4	0.0	16.52	0	0.0	0.33783783783783783	0.0	0.5	0.0	0.0	0.0	0.0	0.0
3	0.0	0.0	0	0.0	9.09	0	0.0	0.21008403361344538	0.0	0.5	0.0	0.0	0.0	0.0	0.0
2	0.0	0.0	31	0.0	15.59	0	0.024324981756263683	0.0	0.0	0.0	0.0	0.0	0.0	0.0	0.0
1	0.0	0.0	20	0.0	5.3	0	1.1627906976744187	0.0	0.0	0.0	0.0	0.0	0.0	0.0	0.0
1	0.0	0.0	43	0.0	25.0	0	0.054945054945054944	0.0	0.0	0.0	0.0	0.0	0.0	0.0	0.0
0	0.0	0.0	18	0.0	0.0	0	0.0	0.13550135501355015	0.0	0.0	0.0	0.0	0.0	0.0	0.0
2	0.3333333333333333	1.0	43	0.0	23.44	0	0.0	0.06414368184733804	0.0	0.0	0.0	0.0	0.0	0.0	0.0
1	0.0	0.0	17	0.0	10.0	0	1.2048192771084338	0.0	0.0	0.0	0.0	0.0	0.0	0.0	0.0
2	0.0	0.0	35	0.0	15.43	0	0.0	0.010967317394165387	0.0	0.0	0.0	0.0	0.0	0.0	0.0
5	0.0	0.0	14	0.0	16.53	0	0.008857395925597873	0.0	0.0	1.0	0.0	0.0	0.0	0.0	0.0
1	0.0	0.0	23	0.0	9.31	0	0.0	1.4851485148514851	0.0	0.16666666666666666	0.0	0.0	0.0	0.0	0.0
2	0.0	0.0	0	0.0	16.25	0	0.0	0.07751937984496124	0.0	0.0	0.0	0.0	0.0	0.0	0.0
1	0.0	0.0	15	0.0	8.37	0	0.0	0.2242152466367713	0.0	0.0	0.0	0.0	0.0	0.0	0.0
0	0.5	0.6666666666666666	41	0.0266666666666666	16.86	1	0.9668508287292819	0.353045013239188	0.0	0.6896551724137931	0.0	0.0	0.0	0.0	0.088261253309797
0	0.0	0.0	14	0.0172413793103448	15.52	0	0.05175983436853002	0.0	0.0	0.5	0.0	0.0	0.0	0.0	0.0
2	0.0	0.0	44	0.0178571428571428	15.68	0	0.0	0.047607712449416806	0.0	0.0	0.0	0.0	0.0	0.0	0.0
3	0.0	0.0	21	0.0	14.35	0	0.0	0.05649717514124294	0.0	0.0	0.0	0.0	0.0	0.0	0.0
0	0.0	0.0	15	0.0	0.0	0	0.14285714285714285	0.0	0.0	0.0	0.0	0.0	0.0	0.14285714285714285	0.0
1	0.0	0.0	14	0.0	9.5	0	0.2808988764044944	0.0	0.0	0.5	0.0	0.0	0.0	0.0	0.0
1	0.0	0.0	44	0.0	9.46	0	1.4018691588785046	0.0	0.0	0.16666666666666666	0.0	0.0	0.0	0.0	0.0
1	0.0	0.0	2	0.0	11.0	0	0.0	0.21097046413502107	0.0	0.0	0.0	0.0	0.0	0.0	0.0
1	0.0	0.0	34	0.0	15.18	0	0.03059039461609055	0.0	0.0	0.5	0.0	0.0	0.0	0.015295197308045275	0.0
3	0.0	0.0	42	0.0	5.88	0	0.3205128205128205	0.0	0.0	0.0	0.0	0.0	0.0	0.0	0.0
0	0.0	0.0	3	0.0	15.94	0	0.0	0.016404199475065617	0.0	0.0	0.0	0.0	0.0	0.0	0.0
3	0.0	0.0	25	0.0	12.46	0	0.07457121551081282	0.0	0.0	0.0	0.0	0.0	0.0	0.0	0.0
1	0.0	0.0	0	0.0	10.5	0	0.0	0.16891891891891891	0.0	0.0	0.0	0.0	0.0	0.0	0.0
2	0.0	0.0	0	0.1032258064516129	38.01	0	0.0	0.031075201988812928	0.0	0.0	0.0	0.0	0.0	0.0	0.0
5	0.5	0.25	2	0.0309278350515463	20.32	0	0.0	0.030646644192460923	0.0	0.5	0.0	0.0	0.0	0.0	0.0
2	1.0	0.0	44	0.0	6.34	1	0.0	1.0869565217391306	0.2	1.0	0.2173913043478261	0.0	0.0	0.0	0.0
3	0.0	0.0	20	0.0	15.28	0	0.045372050816696916	0.0	0.0	0.0	0.0	0.0	0.0	0.0	0.0
0	0.0	0.0	18	0.0	0.0	0	0.0	0.2631578947368421	0.0	0.0	0.0	0.0	0.0	0.0	0.0
5	0.0	0.0	41	0.0	15.23	0	0.02560163850486431	0.0	0.0	0.5	0.0	0.0	0.0	0.0	0.0
1	0.0	0.0	20	0.0	9.5	0	0.04478280340349306	0.0	0.0	0.0	0.0	0.0	0.0	0.0	0.0
3	0.0	0.0	0	0.0	16.69	0	0.0	0.14492753623188406	0.0	0.0	0.0	0.0	0.0	0.0	0.0
0	0.0	1.0	19	0.0571428571428571	0.0	0	0.23255813953488372	0.0	0.0	0.0	0.0	0.0	0.0	0.07751937984496124	0.0
2	0.0	0.0	0	0.0	16.34	0	0.0	0.07598784194528875	0.0	0.5	0.0	0.0	0.0	0.0	0.0
0	0.0	1.0	19	0.1176470588235294	0.0	1	0.0	1.3793103448275863	0.0	1.0	0.0	0.0	0.0	0.0	0.0
1	0.0	0.0	36	0.0	14.97	0	0.031133250311332506	0.0	0.0	0.5	0.0	0.0	0.0	0.015566625155666253	0.0
2	0.0	1.0	21	0.0945945945945946	10.68	0	0.13404825737265416	0.0	0.0	0.5	0.0	0.0	0.0	0.06702412868632708	0.0
9	0.0	0.0	15	0.0	16.03	0	0.03235198964736331	0.0	0.0	0.0	0.0	0.0	0.0	0.0	0.0
1	0.0	0.0	27	0.0	24.42	1	0.8152173913043478	0.0	0.0	0.8333333333333334	0.0	0.0	0.0	0.0	0.0
4	0.0	0.0	0	0.0454545454545454	16.65	0	0.018102824040550324	0.0	0.0	0.0	0.0	0.0	0.0	0.0	0.0
7	0.0	0.0	19	0.0	14.28	0	0.07369196757553427	0.0	0.0	0.0	0.0	0.0	0.0	0.0	0.0
1	0.0	0.0	25	0.0869565217391304	7.38	0	0.2958579881656805	0.0	0.0	0.0	0.0	0.0	0.0	0.0	0.0
5	0.0	0.0	17	0.0077220077220077	15.81	0	0.0	0.019036740909956214	0.0	0.5	0.0	0.0	0.0	0.0	0.0
0	0.0	0.0	1	0.0	16.62	0	0.12547051442910917	0.0	0.0	0.0	0.0	0.0	0.0	0.0	0.0
1	1.0	0.0	35	0.0	17.0	0	0.03475842891901286	0.0	0.0	0.5	0.0	0.0	0.0	0.0	0.0
2	0.0	0.0	4	0.0	16.19	0	0.046772684752104776	0.0	0.0	0.0	0.0	0.0	0.0	0.0	0.0
4	0.0	0.0	31	0.0	16.32	0	0.012410027302060065	0.0	0.0	0.0	0.0	0.0	0.0	0.0	0.0
6	0.0	0.0	24	0.0267857142857142	15.8	0	0.025400050800101603	0.0	0.0	0.0	0.0	0.0	0.0	0.0	0.0
3	0.0	0.0	31	0.0	14.87	0	0.04672897196261683	0.0	0.0	0.5	0.0	0.0	0.0	0.0	0.013164823591363877
2	0.0	0.0	17	0.0	15.61	0	0.08375209380234507	0.0	0.0	0.0	0.0	0.0	0.0	0.0	0.0
2	0.0	0.0	43	0.1578947368421052	6.02	0	0.20283975659229211	0.0	0.0	0.5	0.0	0.0	0.0	0.0	0.0
2	0.0	0.0	0	0.0	16.75	0	0.0	0.24509803921568626	0.0	0.5	0.0	0.0	0.0	0.0	0.0
1	0.0	0.0	0	0.0	9.5	0	0.0	0.5291005291005292	0.0	0.0	0.0	0.0	0.0	0.0	0.0
3	0.0	0.0	22	0.0165289256198347	13.87	0	0.05934718100890207	0.0	0.0	0.0	0.0	0.0	0.0	0.05934718100890207	0.0
0	0.0	0.0	15	0.0	0.0	0	0.0	0.2777777777777778	0.0	0.0	0.0	0.0	0.0	0.0	0.0
0	0.0	0.0	24	0.0	16.3	0	0.0	0.01314060446780552	0.0	0.0	0.0	0.0	0.0	0.0	0.0
5	0.0	0.0	38	0.0	14.24	0	0.0	0.026954177897574122	0.0	0.5	0.0	0.0	0.0	0.0	0.013477088948787061
1	0.0	0.0	14	0.0	8.14	0	0.3623188405797102	0.0	0.0	0.0	0.0	0.0	0.0	0.0	0.0
2	0.0	0.0	30	0.0	32.12	0	0.057870370370370364	0.0	0.0	0.0	0.0	0.0	0.0	0.0	0.0
3	0.0	0.0	0	0.0	16.32	0	0.0	0.02012072434607646	0.0	1.0	0.0	0.0	0.0	0.0	0.0
3	0.0	0.0	23	0.0	15.64	0	0.030684258975145748	0.0	0.0	0.5	0.0	0.0	0.0	0.030684258975145748	0.0
2	1.0	0.5	2	0.0	19.6	0	0.0	0.0429000429000429	0.0	0.0	0.0	0.0	0.0	0.0	0.0
3	0.0	0.0	44	0.0	14.98	0	0.0	0.026588673225206062	0.0	0.0	0.0	0.0	0.0	0.0	0.013294336612603031
2	0.0	0.0	32	0.0	14.86	0	0.0	0.04484304932735426	0.0	0.0	0.0	0.0	0.0	0.0	0.0
5	0.0	0.0	47	0.0	14.33	0	0.0	0.022361359570661897	0.0	0.0	0.0	0.0	0.0	0.0	0.0
0	0.0	0.0	19	0.0277777777777777	0.0	0	0.0499001996007984	0.0	0.0	0.0	0.0	0.0	0.0	0.0499001996007984	0.0
5	0.0	0.0	38	0.0	15.12	0	0.0	0.025031289111389236	0.0	0.0	0.0	0.0	0.0	0.013027618551328815	0.0
4	0.0	0.0	39	0.0	15.35	0	0.026581605528973953	0.017096939647803042	0.0	0.25	0.0	0.0	0.0	0.0	0.0
0	0.25	0.5	39	0.0	36.91	0	0.0	0.03589375448671931	0.0	0.0	0.0	0.0	0.0	0.0	0.0
2	0.0	0.0	39	0.0	9.52	0	0.05643340857787811	0.056179775280898875	0.0	0.0	0.0	0.0	0.0	0.028216704288939055	0.028089887640449437
2	0.0	0.0	19	0.1428571428571428	7.0	0	0.0	0.38759689922480617	0.0	0.0	0.0	0.0	0.0	0.0	0.0
3	0.0	0.0	30	0.0	14.44	0	0.04319654427645789	0.0	0.0	0.0	0.0	0.0	0.0	0.0	0.020525451559934318
6	0.0	0.0	48	0.0	15.52	0	0.04651884013025276	0.0	0.0	0.0	0.0	0.0	0.0	0.015506280043417585	0.0
2	0.0	0.0	36	0.0	15.53	0	0.019696671262556628	0.0	0.0	0.0	0.0	0.0	0.0	0.009848335631278314	0.0
2	0.0	0.0	8	0.057471264367815994	17.05	0	0.2785515320334262	0.0	0.0	1.1666666666666667	0.0	0.0	0.0	0.0	0.0
1	0.0	0.0	31	0.1216216216216216	12.47	1	0.4228329809725158	0.7033997655334115	0.0	0.8571428571428571	0.0	0.0	0.0	0.0	0.4689331770222744
2	0.0	0.0	15	0.3684210526315789	9.2	0	0.0	0.061050061050061055	0.0	5.0	0.0	0.0	0.0	0.0	0.0
4	0.0	0.0	46	0.0	15.23	0	0.0	0.021003990758244065	0.0	0.0	0.0	0.0	0.0	0.01001602564102564	0.0
0	1.0	0.5	0	0.1176470588235294	23.38	0	0.5	0.0	0.0	0.5	0.0	0.0	0.0	0.0	0.0
2	0.0	0.0	33	0.0	15.29	0	0.02254791431792559	0.0	0.0	0.0	0.0	0.0	0.0	0.0	0.0
2	0.0	0.0	3	0.1052631578947368	16.81	0	0.0	0.06464124111182934	0.0	1.0	0.0	0.0	0.0	0.0	0.0
5	0.0	0.0	18	0.0	14.28	0	0.0	0.08643042350907519	0.0	0.0	0.0	0.0	0.0	0.0	0.0
3	0.0	0.0	49	0.0	9.63	0	1.5789473684210527	0.0	0.0	0.0	0.0	0.0	0.0	0.0	0.0
2	0.0	0.0	0	0.0	31.16	0	0.06934812760055478	0.0	0.0	0.0	0.0	0.0	0.0	0.0	0.0
7	0.0	0.0	35	0.0231213872832369	15.11	0	0.02793296089385475	0.0	0.0	0.0	0.0	0.0	0.0	0.0	0.02956830277942046
8	0.0	0.0	47	0.0086580086580086	14.79	0	0.0	0.01874414245548266	0.0	1.0	0.0	0.0	0.0	0.0	0.0
1	0.0	0.0	25	0.0	7.3	0	0.22727272727272727	0.0	0.0	2.0	0.0	0.0	0.0	0.0	0.0
2	0.0	0.0	36	0.0	13.81	0	0.1984126984126984	0.0	0.0	0.0	0.0	0.0	0.0	0.0	0.0
1	0.0	0.0	35	0.1138211382113821	15.33	0	0.0	0.019022256039566292	0.0	0.0	0.0	0.0	0.0	0.0	0.009511128019783146
2	1.0	0.0	31	0.0	6.47	0	0.02346316283435007	0.053433075073470476	0.0	0.0	0.0	0.0	0.0	0.0	0.0
1	0.0	0.0	18	0.0	10.0	0	0.14749262536873156	0.0	0.0	0.0	0.0	0.0	0.0	0.0	0.0
1	0.0	0.0	0	0.0	10.5	0	0.0	0.4166666666666667	0.0	0.5	0.0	0.0	0.0	0.0	0.0
2	0.0	1.0	37	0.0	29.44	0	0.0	0.036683785766691124	0.0	0.0	0.0	0.0	0.0	0.0	0.0
2	0.0	0.0	1	0.0	19.75	0	0.4166666666666667	0.0	0.0	0.0	0.0	0.0	0.0	0.0	0.0
1	0.0	0.0	17	0.5263157894736842	5.55	0	0.45454545454545453	0.0	0.0	0.0	0.0	0.0	0.0	0.0	0.0
1	0.0	0.0	45	0.0	9.5	0	0.684931506849315	0.0	0.0	0.0	0.0	0.0	0.0	0.0	0.0
3	0.0	0.0	5	0.2058823529411764	24.7	0	0.29411764705882354	0.0	0.0	0.0	0.0	0.0	0.0	0.09803921568627452	0.0
1	0.0	0.0	25	0.0	9.5	0	0.1923076923076923	0.0	0.0	0.0	0.0	0.0	0.0	0.0	0.0
5	0.0	0.0	48	0.0489795918367346	15.15	0	0.0	0.019007793195210038	0.0	4.0	0.0	0.0	0.0	0.0	0.0
1	0.0	0.0	1	0.3333333333333333	17.4	0	0.5747126436781609	0.0	0.0	1.0	0.0	0.0	0.0	0.0	0.0
3	0.0	0.0	0	0.0	17.38	0	0.0	0.3676470588235294	0.0	0.5	0.0	0.0	0.0	0.0	0.0
1	0.0	1.0	53	0.1363636363636363	72.6	1	0.20224719101123595	0.36101083032490977	0.0	0.6153846153846154	0.0	0.0	0.0	0.0	0.09025270758122744
3	0.0	0.0	22	0.0	6.44	0	0.4347826086956522	0.0	0.0	0.0	0.0	0.0	0.0	0.0	0.0
1	0.0	0.0	37	0.0	14.15	0	0.040749796251018745	0.0	0.0	0.5	0.0	0.0	0.0	0.0	0.0
1	1.0	0.0	15	0.0	24.0	0	0.0	0.1984126984126984	0.0	0.0	0.0	0.0	0.0	0.0	0.0
0	0.0	0.0	37	0.1029411764705882	14.01	0	0.20576131687242796	0.0	0.0	0.0	0.0	0.0	0.0	0.0	0.0
0	1.0	0.0	46	0.1698113207547169	0.0	1	0.4909983633387888	0.26881720430107525	0.0	0.75	0.0	0.0	0.0	0.0	0.0
2	0.0	0.0	76	0.0108695652173913	10.24	0	0.04452359750667854	0.0	0.0	0.0	0.0	0.0	0.0	0.0	0.0
2	1.0	1.0	24	0.0	29.13	0	0.0	0.042735042735042736	0.0	0.0	0.0	0.0	0.0	0.0	0.021367521367521368
3	0.0	0.0	45	0.0	14.4	0	0.0	0.02666666666666667	0.0	0.5	0.0	0.0	0.0	0.0	0.02666666666666667
2	0.6666666666666666	0.0	34	0.0	4.07	0	0.04346881112801565	0.0	0.0	0.25	0.0	0.0	0.0	0.0	0.0
1	0.0	0.0	15	0.1	10.5	0	0.970873786407767	0.0	0.0	0.0	0.0	0.0	0.0	0.0	0.0
1	0.0	0.0	61	0.0	9.5	0	0.32894736842105265	0.0	0.0	0.0	0.0	0.0	0.0	0.0	0.0
4	0.0	0.0	53	0.0	14.84	0	0.04008819402685909	0.0	0.0	0.0	0.0	0.0	0.0	0.020044097013429546	0.0
1	0.0	0.0	0	0.0	17.02	0	0.0	0.30959752321981426	0.0	0.0	0.0	0.0	0.0	0.0	0.0
0	0.0	0.0	2	0.0512820512820512	16.08	0	0.06381620931716656	0.0	0.0	0.5	0.0	0.0	0.0	0.0	0.0
1	1.0	0.0	43	0.0957446808510638	1.57	1	0.0	0.8327299058653149	0.0	0.6956521739130435	0.0	0.0	0.0	0.0	0.0
0	0.0	0.0	19	0.0	11.86	0	0.09505703422053233	0.0	0.0	0.0	0.0	0.0	0.0	0.0	0.0
2	0.0	0.0	41	0.0	6.0	0	0.0	0.17006802721088435	0.0	0.0	0.0	0.0	0.0	0.0	0.0
2	0.0	0.0	0	0.0161290322580645	16.94	0	0.0	0.2788104089219331	0.0	0.3333333333333333	0.0	0.0	0.0	0.0	0.0
4	0.0	0.0	30	0.0	21.36	0	0.024348672997321647	0.0	0.0	0.0	0.0	0.0	0.0	0.0	0.0
3	0.0	0.0	0	0.0	16.61	0	0.0	0.03653635367190354	0.0	0.5	0.0	0.0	0.0	0.0	0.0
1	0.0	0.0	18	0.0588235294117647	0.5	0	0.0	0.1923076923076923	0.0	0.0	0.0	0.0	0.0	0.0	0.0
0	1.0	0.3333333333333333	1	0.0	33.16	0	0.0	0.015213753232922561	0.0	0.0	0.0	0.0	0.0	0.0	0.0
1	1.0	0.0	0	0.0	9.5	0	0.0	0.062169723344731115	0.0	0.0	0.0	0.0	0.0	0.0	0.0
4	1.0	0.0	37	0.0	26.81	0	0.0	0.03324468085106383	0.0	0.0	0.0	0.0	0.0	0.0	0.0
4	0.0	0.0	24	0.1570093457943925	16.51	0	0.009976057462090982	0.0	0.0	0.0	0.0	0.0	0.0	0.004988028731045491	0.0
0	0.0	0.0	19	0.0	0.0	0	0.9615384615384615	0.0	0.0	0.5	0.0	0.0	0.0	0.0	0.0
0	0.0	0.0	34	0.0	0.0	0	0.0	0.039824771007566706	0.0	0.0	0.0	0.0	0.0	0.0	0.0
2	0.0	0.0	35	0.0	4.9	0	0.5102040816326531	0.0	0.0	0.0	0.0	0.0	0.0	0.0	0.0
1	0.0	0.0	0	0.0	17.27	0	0.0	1.1111111111111112	0.0	0.0	0.0	0.0	0.0	0.0	0.0
1	0.0	0.0	19	0.0	14.73	0	0.052770448548812667	0.0	0.0	0.0	0.0	0.0	0.0	0.0	0.0
1	0.0	0.0	65	0.0	9.06	0	0.0	0.05807200929152149	0.0	0.0	0.0	0.0	0.0	0.0	0.0
5	0.0	0.0	35	0.0	15.37	0	0.024009603841536616	0.0	0.0	0.0	0.0	0.0	0.0	0.024009603841536616	0.0
2	0.0	0.0	24	0.0	7.95	0	0.0	0.14970059880239522	0.0	0.0	0.0	0.0	0.0	0.0	0.0
1	0.0	0.0	0	0.0	9.5	0	0.0	0.78125	0.0	0.0	0.0	0.0	0.0	0.0	0.0
5	0.0	0.5	41	0.0737327188940092	10.69	0	0.04169272461955389	0.0	0.0	0.0	0.0	0.0	0.0	0.010423181154888472	0.0
3	0.0	0.0	65	0.0	13.75	0	0.010222858311183807	0.0	0.0	0.0	0.0	0.0	0.0	0.0	0.0
4	0.0	0.0	39	0.0833333333333333	5.28	0	0.6024096385542169	0.0	0.0	0.0	0.0	0.0	0.0	0.0	0.0
1	0.0	0.0	15	0.0	9.5	0	0.2857142857142857	0.0	0.0	0.0	0.0	0.0	0.0	0.0	0.0
0	0.0	0.0	1	0.0	16.23	0	0.0	0.1152073732718894	0.0	0.0	0.0	0.0	0.0	0.0	0.0
2	0.0	0.0	44	0.0	9.7	0	0.0544959128065395	0.0	0.0	0.0	0.0	0.0	0.0	0.02724795640326975	0.09140767824497258
1	0.0	0.0	15	0.0	7.44	0	0.0	0.3333333333333333	0.0	0.0	0.0	0.0	0.0	0.0	0.0
2	0.0	0.0	34	0.0	14.53	0	0.0	0.04653327128897162	0.0	0.0	0.0	0.0	0.0	0.0	0.04653327128897162
2	0.0	0.0	18	0.0588235294117647	15.4	0	0.06009615384615384	0.0	0.0	0.0	0.0	0.0	0.0	0.0	0.0
5	0.0	0.0	18	0.1547619047619047	15.97	0	0.0	0.0564652738565782	0.0	0.0	0.0	0.0	0.0	0.0	0.0564652738565782
2	0.0	0.0	30	0.2608695652173913	5.78	0	0.22675736961451246	0.0	0.0	0.0	0.0	0.0	0.0	0.0	0.0
0	0.0	0.0	14	0.0	0.0	0	0.0	0.07446016381236038	0.0	0.0	0.0	0.0	0.0	0.0	0.0
4	0.0	0.0	27	0.2	5.6	0	0.4273504273504274	0.0	0.0	0.0	0.0	0.0	0.0	0.0	0.0
3	0.0	0.0	24	0.05	10.21	0	0.0	0.1264222503160556	0.0	0.0	0.0	0.0	0.0	0.0	0.0
1	0.0	0.0	0	0.027027027027027	16.12	0	0.0	0.06289308176100629	0.0	0.5	0.0	0.0	0.0	0.0	0.0
3	0.0	0.0	1	0.07228915662650601	16.36	0	0.0	0.025451768897938407	0.0	0.0	0.0	0.0	0.0	0.0	0.0
2	0.0	0.0	38	0.0096153846153846	15.08	0	0.0	0.026780931976432776	0.0	0.5	0.0	0.0	0.0	0.0	0.026780931976432776
3	0.0	0.0	2	0.0	16.16	0	0.0	0.04599816007359706	0.0	0.0	0.0	0.0	0.0	0.0	0.0
3	0.0	0.0	26	0.0701754385964912	13.06	1	4.485049833887044	0.0	0.0	0.7037037037037037	0.0	0.0	0.0	0.0	0.019098548510313215
3	0.0	0.0	15	0.0	6.45	0	0.40322580645161293	0.0	0.0	0.0	0.0	0.0	0.0	0.0	0.0
2	0.0	0.0	37	0.0	13.72	0	0.0	0.047214353163361665	0.0	0.5	0.0	0.0	0.0	0.0	0.023607176581680833
2	0.0	0.0	48	0.0	14.23	0	0.0	0.03343363423604146	0.0	0.0	0.0	0.0	0.0	0.0	0.0
2	0.0	0.0	19	0.0	36.88	0	0.0	0.0330742516950554	0.0	0.25	0.0	0.0	0.0	0.0	0.0
6	0.2	0.25	41	0.0	46.12	0	0.02820078962210942	0.0	0.0	0.0	0.0	0.0	0.0	0.02820078962210942	0.017568517217146872
0	0.0	0.0	4	0.3333333333333333	13.24	0	0.0	0.2525252525252525	0.0	0.16666666666666666	0.0	0.0	0.0	0.0	0.0
2	0.0	0.0	27	0.0	5.58	0	0.2293577981651376	0.0	0.0	0.0	0.0	0.0	0.0	0.0	0.0
2	0.0	0.0	1	0.1196581196581196	16.9	0	0.019186492709132773	0.0	0.0	0.0	0.0	0.0	0.0	0.0	0.0
1	0.0	1.0	43	0.0	2.5	0	0.015288182235132244	0.0	0.0	0.0	0.0	0.0	0.0	0.007644091117566122	0.0
0	0.0	0.0	1	0.1290322580645161	16.58	0	0.030618493570116354	0.0	0.0	0.0	0.0	0.0	0.0	0.0	0.0
1	0.0	0.0	47	0.0	14.04	0	0.0	0.03288391976323578	0.0	0.0	0.0	0.0	0.0	0.0	0.0
1	0.3333333333333333	0.3333333333333333	45	0.0	1.41	0	0.02976190476190476	0.0	0.0	0.5	0.0	0.0	0.0	0.0	0.0
3	0.0	0.0	10	0.0414937759336099	16.74	0	0.01827485380116959	0.0	0.0	13.0	0.0	0.0	0.0	0.0	0.0
4	1.0	0.0	34	0.0	16.93	0	0.08904719501335707	0.0	0.0	0.0	0.0	0.0	0.0	0.0	0.039032006245121
1	0.0	0.0	0	0.0	16.49	0	0.0	0.13966480446927373	0.0	0.0	0.0	0.0	0.0	0.0	0.0
0	0.0	0.0	26	0.0	0.0	0	0.78125	0.0	0.0	0.5	0.0	0.0	0.0	0.390625	0.0
5	0.0	0.0	56	0.0	17.86	0	0.03506311360448808	0.05955926146515784	0.0	0.0	0.0	0.0	0.0	0.0	0.0
1	0.0	0.0	41	0.0	10.39	0	0.32573289902280134	0.0	0.0	0.0	0.0	0.0	0.0	0.0	0.0
1	0.0	0.0	0	0.0	16.75	0	0.0	0.1400560224089636	0.0	0.5	0.0	0.0	0.0	0.0	0.0
1	0.0	0.0	18	0.0714285714285714	16.08	0	0.0	0.02221235006663705	0.0	0.0	0.0	0.0	0.0	0.0	0.02221235006663705
0	0.0	0.0	0	0.0266666666666666	24.28	0	0.0	0.04205214465937763	0.0	0.0	0.0	0.0	0.0	0.0	0.0
2	0.0	0.0	18	0.0	9.38	0	0.35587188612099646	0.0	0.0	0.0	0.0	0.0	0.0	0.0	0.0
1	1.0	0.0	7	0.0	24.0	0	0.0	0.11325028312570781	0.0	0.5	0.0	0.0	0.0	0.0	0.0
4	1.0	0.0	30	0.0084388185654008	15.58	0	0.0	0.03808073115003808	0.0	0.0	0.0	0.0	0.0	0.0	0.0
3	0.0	0.0	1	0.0	16.99	0	0.0	0.42194092827004215	0.0	0.0	0.0	0.0	0.0	0.0	0.0
0	0.0	0.0	27	0.0	0.0	0	0.08210180623973727	0.0	0.0	0.5	0.0	0.0	0.0	0.0	0.0
1	0.0	0.0	32	0.2222222222222222	8.96	0	1.5873015873015872	0.0	0.0	0.25	0.0	0.0	0.0	0.3968253968253968	0.0
1	0.0	0.0	37	0.0	10.0	0	5.2631578947368425	0.0	0.0	0.25	0.0	0.0	0.0	0.0	0.0
2	0.0	0.0	48	0.0	6.27	0	0.07256894049346879	0.0	0.0	0.0	0.0	0.0	0.0	0.0	0.0
0	0.0	0.0	2	0.0050632911392405	16.6	0	0.010175010175010175	0.0	0.0	0.0	0.0	0.0	0.0	0.0	0.0
0	0.0	0.0	21	0.0	0.0	0	0.0	0.2590673575129534	0.0	0.0	0.0	0.0	0.0	0.0	0.0
10	0.0	0.0	38	0.0	15.81	0	0.0	0.018477457501847747	0.0	0.0	0.0	0.0	0.0	0.0	0.0
0	0.0	0.0	11	0.24	16.05	0	0.0673854447439353	0.0	0.0	2.5	0.0	0.0	0.0	0.0	0.0
2	0.0	0.0	0	0.0	16.33	0	0.0	0.042863266180882986	0.0	0.0	0.0	0.0	0.0	0.0	0.0
9	0.0	0.0	38	0.0	15.84	0	0.01588814744200826	0.0	0.0	0.0	0.0	0.0	0.0	0.00794407372100413	0.0
2	0.0	0.0	0	0.0909090909090909	19.69	0	0.0	0.2808988764044944	0.0	0.5	0.0	0.0	0.0	0.0	0.0
2	0.0	0.0	32	0.0	15.65	0	0.0	0.01779676098949991	0.0	0.0	0.0	0.0	0.0	0.0	0.0
3	0.0	0.0	0	0.1325301204819277	16.59	0	0.0	0.044702726866338846	0.0	0.5	0.0	0.0	0.0	0.0	0.0
1	0.0	0.0	16	0.0	16.18	0	0.023529411764705882	0.0	0.0	0.0	0.0	0.0	0.0	0.0	0.0
0	0.0	0.0	22	0.0	0.0	0	0.08071025020177562	0.0	0.0	0.0	0.0	0.0	0.0	0.0	0.0
1	0.0	0.0	0	0.0309278350515463	16.52	0	0.19305019305019305	0.0	0.0	0.0	0.0	0.0	0.0	0.0	0.0
0	0.0	0.0	0	0.0789473684210526	15.56	0	0.0	0.5494505494505494	0.0	0.5	0.0	0.0	0.0	0.0	0.0
4	0.0	0.0	39	0.0	15.19	0	0.0	0.06013229104028864	0.0	0.0	0.0	0.0	0.0	0.0	0.09019843656043296
2	0.0	0.0	1	0.0	29.78	0	0.0	0.18281535648994515	0.0	0.0	0.0	0.0	0.0	0.0	0.0
2	0.0	0.0	38	0.0	15.54	0	0.01751006828926633	0.0	0.0	0.0	0.0	0.0	0.0	0.0	0.0
1	0.0	0.0	17	0.0	13.0	0	0.2604166666666667	0.0	0.0	0.0	0.0	0.0	0.0	0.0	0.0
2	0.0	0.0	66	0.0625	5.29	0	0.2032520325203252	0.0	0.0	0.5	0.0	0.0	0.0	0.0	0.0
9	0.0	0.0	35	0.0	15.64	0	0.0	0.014357501794687724	0.0	0.0	0.0	0.0	0.0	0.0	0.007178750897343862
0	0.0	0.0	16	0.0	0.0	0	0.0	0.15337423312883436	0.0	0.0	0.0	0.0	0.0	0.0	0.0
3	0.5	1.0	15	0.0	14.94	0	0.06891798759476224	0.0	0.0	0.0	0.0	0.0	0.0	0.0	0.0
1	0.0	0.0	26	0.3448275862068966	14.42	0	0.06097560975609757	0.0	0.0	0.5	0.0	0.0	0.0	0.030487804878048783	0.0
0	1.0	0.5	24	0.2229299363057325	0.0	0	0.040257648953301126	0.0	0.0	1.0	0.0	0.0	0.0	0.0	0.0
2	1.0	0.0	44	0.0071174377224199	1.7	0	0.030202355783751134	0.0	0.0	0.0	0.0	0.0	0.0	0.0	0.009233610341643583
2	0.0	0.0	0	0.0	16.24	0	0.0	0.04038772213247173	0.0	0.0	0.0	0.0	0.0	0.0	0.0
2	0.0	0.0	1	0.0	17.22	0	1.5873015873015872	0.0	0.0	1.0	0.0	0.0	0.0	0.0	0.0
0	0.0	0.0	42	0.2	0.0	0	0.0	1.7241379310344829	0.0	0.0	0.0	0.0	0.0	0.0	0.0
4	0.0	0.0	79	0.0063492063492063	13.79	0	0.0	0.02498126405196103	0.0	0.0	0.0	0.0	0.0	0.0	0.0
2	0.0	0.5	20	0.0	9.81	0	0.058823529411764705	0.0	0.0	0.3333333333333333	0.0	0.0	0.0	0.0	0.0
1	0.0	1.0	45	0.0	3.3	0	0.03305785123966942	0.0	0.0	0.5	0.0	0.0	0.0	0.0	0.0
1	0.0	1.0	40	0.0	12.8	0	0.07168458781362008	0.0	0.0	0.25	0.0	0.0	0.0	0.0	0.0
0	0.0	0.0	16	0.0	0.0	0	0.1923076923076923	0.0	0.0	0.0	0.0	0.0	0.0	0.0	0.0
1	0.0	0.0	25	0.1481481481481481	15.54	0	0.09410288582183188	0.0	0.0	2.3333333333333335	0.0	0.0	0.0	0.0	0.057240984544934176
5	0.0	0.0	16	0.023391812865497	16.09	0	0.0	0.038910505836575876	0.0	0.0	0.0	0.0	0.0	0.0	0.0
2	0.0	0.0	0	0.0541666666666666	16.27	0	0.0	0.009511128019783146	0.0	0.0	0.0	0.0	0.0	0.0	0.0
3	0.0	0.0	35	0.0	7.22	0	0.10256410256410256	0.0	0.0	0.0	0.0	0.0	0.0	0.0	0.0
1	0.0	0.0	0	0.0	16.38	0	0.0	0.03253090435914119	0.0	0.0	0.0	0.0	0.0	0.0	0.0
1	0.0	0.0	0	0.0	16.97	0	0.0	0.5076142131979695	0.0	0.0	0.0	0.0	0.0	0.0	0.0
1	0.0	1.0	0	0.0	10.0	0	0.0	0.0354735721887194	0.0	0.5	0.0	0.0	0.0	0.0	0.0
2	0.0	0.0	21	0.0909090909090909	12.12	0	0.0	0.1347708894878706	0.0	0.0	0.0	0.0	0.0	0.0	0.0
5	0.0	0.0	30	0.0	15.33	0	0.0	0.060024009603841535	0.0	0.0	0.0	0.0	0.0	0.0	0.030012004801920768
5	0.0	0.0	47	0.0652173913043478	14.42	0	0.0	0.014598540145985401	0.0	2.0	0.0	0.0	0.0	0.0	0.0
0	0.0	0.0	20	0.0	0.0	0	0.3205128205128205	0.0	0.0	0.5	0.0	0.0	0.0	0.3205128205128205	0.0
1	0.0	0.0	1	0.0	15.56	0	0.18450184501845018	0.0	0.0	0.0	0.0	0.0	0.0	0.0	0.0
1	1.0	0.0	1	0.0	10.5	0	0.047664442326024785	0.0	0.0	0.0	0.0	0.0	0.0	0.0	0.0
1	0.0	0.0	21	0.0	16.33	0	0.0	0.02402691013935608	0.0	0.0	0.0	0.0	0.0	0.0	0.0
0	1.0	1.0	19	0.0121212121212121	0.0	0	0.028272547356516825	0.0	0.0	0.0	0.0	0.0	0.0	0.028272547356516825	0.0
0	0.0	0.0	58	0.0	14.49	1	0.041254125412541254	0.0	0.0	15.5	0.0	0.0	0.0	0.08250825082508251	0.0
0	0.0	0.0	23	0.0	16.14	0	0.019406171162429653	0.0	0.0	0.0	0.0	0.0	0.0	0.0	0.0
0	0.0	0.0	1	0.0	16.17	0	0.0	0.026198585276395073	0.0	0.0	0.0	0.0	0.0	0.0	0.0
1	0.0	0.0	31	0.0	5.75	0	0.2347417840375587	0.0	0.0	0.0	0.0	0.0	0.0	0.11737089201877934	0.0
2	0.0	0.0	0	0.0	14.87	0	0.0	0.46511627906976744	0.0	0.0	0.0	0.0	0.0	0.0	0.0
0	0.0	0.0	24	0.0	0.0	0	0.0	2.0833333333333335	0.0	0.0	0.0	0.0	0.0	0.0	0.0
1	0.0	0.0	23	0.0405405405405405	15.29	0	0.0	0.26852846401718583	0.0	0.8	0.0	0.0	0.0	0.0	0.02685284640171858
4	1.0	0.25	17	0.3106796116504854	15.8	0	0.0	0.0578368999421631	0.0	0.5	0.0	0.0	0.0	0.0	0.0
2	0.0	0.0	1	0.125	16.69	0	0.13850415512465375	0.0	0.0	0.0	0.0	0.0	0.0	0.0	0.0
2	0.0	0.0	0	0.0	18.39	0	0.0	0.29411764705882354	0.0	4.0	0.0	0.0	0.0	0.0	0.0
1	0.0	0.0	16	0.0	14.34	0	0.08984725965858041	0.0	0.0	0.0	0.0	0.0	0.0	0.0	0.0
0	0.0	0.0	45	0.0	0.0	1	0.0	3.846153846153846	0.0	1.0	0.0	0.0	0.0	0.0	0.0
6	0.0	0.0	2	0.0	16.27	0	0.0	0.0501002004008016	0.0	0.0	0.0	0.0	0.0	0.0	0.0
1	0.0	0.0	13	0.0	9.5	0	0.4716981132075471	0.0	0.0	1.0	0.0	0.0	0.0	0.0	0.0
1	0.0	0.0	15	0.0	9.5	0	0.19047619047619047	0.0	0.0	0.5	0.0	0.0	0.0	0.0	0.0
4	0.0	0.0	6	0.1607142857142857	16.17	0	0.13440860215053763	0.0	0.0	0.0	0.0	0.0	0.0	0.0	0.0
2	0.0	0.0	0	0.0	16.29	0	0.0	0.030376670716889428	0.0	0.0	0.0	0.0	0.0	0.0	0.0
0	0.0	0.0	24	0.2312925170068027	26.66	1	0.11286681715575622	0.10834236186348863	0.0	1.3333333333333333	0.0	0.0	0.0	0.0	0.0
2	0.3333333333333333	0.0	43	0.160337552742616	34.35	0	0.04161464835622139	0.0	0.0	0.5	0.0	0.0	0.0	0.0	0.0
0	0.0	0.0	1	0.1864406779661017	0.0	0	0.0	0.1488095238095238	0.0	0.0	0.0	0.0	0.0	0.0	0.0
1	0.0	0.5	45	0.0	24.5	0	0.06218905472636817	0.0	0.0	0.5	0.0	0.0	0.0	0.0	0.0
1	1.0	0.0	21	0.0	9.5	0	0.22727272727272727	0.0	0.0	0.25	0.0	0.0	0.0	0.0	0.0
5	0.0	0.0	49	0.0	15.42	0	0.015964240102171137	0.0	0.0	0.0	0.0	0.0	0.0	0.0	0.0
1	0.0	0.0	80	0.0	8.96	0	0.6666666666666666	0.0	0.0	0.5	0.0	0.0	0.0	0.3333333333333333	0.0
1	0.0	0.0	0	0.1304347826086956	16.76	0	0.0	0.2040816326530612	0.0	0.0	0.0	0.0	0.0	0.0	0.0
2	0.0	1.0	35	0.0	36.62	0	0.0	0.025393600812595226	0.0	0.0	0.0	0.0	0.0	0.0	0.0
6	0.0	0.0	40	0.0273972602739726	14.97	0	0.026385224274406333	0.0	0.0	3.5	0.0	0.0	0.0	0.0	0.017476406850751487
3	0.0	0.0	21	0.1724137931034483	6.39	0	0.0	1.0638297872340425	0.0	0.0	0.0	0.0	0.0	0.0	0.0
3	0.0	0.0	0	0.0	16.03	0	0.0	0.014465499783017505	0.0	0.0	0.0	0.0	0.0	0.0	0.0
4	0.0	0.0	17	0.1129032258064516	16.33	0	0.023364485981308414	0.0	0.0	0.0	0.0	0.0	0.0	0.0	0.0
0	1.0	0.0	15	0.1904761904761904	14.88	0	0.0	0.2711076684740511	0.0	1.5	0.0	0.0	0.0	0.0	0.0
1	0.0	0.0	1	0.0	16.31	0	0.022977941176470586	0.0	0.0	0.0	0.0	0.0	0.0	0.0	0.0
2	0.0	0.0	0	0.0	16.43	0	0.0	0.023946360153256706	0.0	0.0	0.0	0.0	0.0	0.0	0.0
3	0.0	0.0	36	0.0	11.16	0	0.0	0.08143322475570033	0.0	0.0	0.0	0.0	0.0	0.02682403433476395	0.0
0	0.0	0.0	30	0.0	16.02	0	0.0	0.009819324430479183	0.0	0.0	0.0	0.0	0.0	0.0	0.0
0	0.0	0.0	22	0.0625	7.26	0	0.16233766233766234	0.0	0.0	0.0	0.0	0.0	0.0	0.0	0.0
1	0.0	1.0	3	0.0833333333333333	17.5	0	0.03116235587410408	0.0	0.0	0.0	0.0	0.0	0.0	0.0	0.0
3	0.0	0.0	37	0.0	6.17	0	0.6493506493506493	0.0	0.0	0.0	0.0	0.0	0.0	0.0	0.0
3	0.0	0.0	1	0.0	20.8	0	0.17605633802816903	0.0	0.0	0.0	0.0	0.0	0.0	0.0	0.0
2	0.0	0.0	46	0.0641711229946524	13.99	0	0.0	0.01177856301531213	0.0	0.0	0.0	0.0	0.0	0.02420135527589545	0.01177856301531213
2	0.0	0.0	2	0.23809523809523803	17.25	0	0.18248175182481752	0.0	1.0	1.0	0.0	0.0	0.0	0.0	0.0
1	0.0	0.0	58	0.0	9.5	0	0.5882352941176471	0.0	0.0	0.0	0.0	0.0	0.0	0.0	0.0
1	0.0	0.0	2	0.0	16.17	0	0.03117206982543641	0.0	0.0	0.5	0.0	0.0	0.0	0.0	0.0
0	0.0	0.0	39	0.0	7.19	0	0.0	0.11547344110854503	0.0	0.0	0.0	0.0	0.0	0.0	0.0
2	0.0	0.0	16	0.0434782608695652	10.82	0	0.0	0.21691973969631234	0.0	0.0	0.0	0.0	0.0	0.0	0.10845986984815617
0	0.0	0.0	21	0.0142857142857142	16.42	0	0.015239256324291373	0.0	0.0	0.0	0.0	0.0	0.0	0.0	0.0
0	1.0	0.0	17	0.0	0.0	0	0.0	0.24154589371980678	0.0	0.0	0.0	0.0	0.0	0.0	0.0
1	0.0	0.0	33	0.0	6.09	0	0.2777777777777778	0.0	0.0	0.0	0.0	0.0	0.0	0.0	0.0
0	0.0	0.0	28	0.0	0.0	0	0.3067484662576687	0.0	0.0	0.0	0.0	0.0	0.0	0.3067484662576687	0.0
1	0.0	0.0	0	0.0	12.85	0	0.0	0.0	0.0	0.0	0.0	0.0	0.0	0.0	0.0
0	0.0	0.0	32	0.0263157894736842	9.73	1	1.079913606911447	0.5139500734214391	0.0	0.5294117647058824	0.0	0.0	0.0	0.9719222462203024	0.0
2	0.0	0.0	14	0.0	10.81	0	0.1529051987767584	0.0	0.0	0.5	0.0	0.0	0.0	0.0	0.0
0	0.0	0.0	16	0.0	0.0	0	0.0	0.5780346820809249	0.0	0.0	0.0	0.0	0.0	0.0	0.0
0	0.0	0.0	15	0.0	16.42	0	0.0	0.0316055625790139	0.0	0.0	0.0	0.0	0.0	0.0	0.0
2	1.0	0.5	34	0.0	8.27	1	1.070336391437309	0.0	0.0	0.9285714285714286	0.0	0.0	0.0	0.0	0.01667778519012675
6	0.0	0.0	27	0.0128205128205128	15.04	0	0.05053057099545225	0.0	0.0	0.0	0.0	0.0	0.0	0.0	0.0
1	0.0	0.0	0	0.0	9.5	0	0.0	0.49504950495049505	0.0	0.0	0.0	0.0	0.0	0.0	0.0
2	0.0	0.0	2	0.0	16.48	0	0.0	0.12285012285012284	0.0	0.0	0.0	0.0	0.0	0.0	0.0
2	0.0	0.0	34	0.0	14.08	0	0.04020908725371934	0.0	0.0	0.0	0.0	0.0	0.0	0.04020908725371934	0.02204585537918871
3	0.0	0.0	44	0.0	14.9	0	0.029163021289005542	0.0	0.0	0.0	0.0	0.0	0.0	0.014581510644502771	0.0
2	0.0	0.0	64	0.0	6.34	0	0.10438413361169102	0.0	0.0	0.0	0.0	0.0	0.0	0.0	0.0
1	0.0	0.0	5	0.0	0.47	0	0.06281407035175879	0.0	0.0	0.5	0.0	0.0	0.0	0.0	0.03909304143862393
3	0.0	0.0	53	0.0	6.02	0	0.0	0.15673981191222572	0.0	0.5	0.0	0.0	0.0	0.0	0.07836990595611286
2	0.0	0.0	5	0.0	15.93	0	0.056689342403628114	0.0	0.0	0.0	0.0	0.0	0.0	0.0	0.0
0	0.0	0.0	39	0.0	0.0	0	0.42016806722689076	0.0	0.0	0.0	0.0	0.0	0.0	0.21008403361344538	0.0
3	0.0	0.0	1	0.0	16.24	0	0.008873114463176575	0.0	0.0	0.0	0.0	0.0	0.0	0.0	0.0
4	0.0	0.0	20	0.0	16.28	0	0.009982032341784786	0.0	0.0	0.0	0.0	0.0	0.0	0.0	0.0
3	0.0	0.0	23	0.0086206896551724	16.28	0	0.01937984496124031	0.0	0.0	0.0	0.0	0.0	0.0	0.0	0.0
1	0.0	0.0	24	0.0	14.63	0	0.04462293618920125	0.0	0.0	0.0	0.0	0.0	0.0	0.0	0.0
0	0.0	0.0	21	0.0	34.51	1	0.0	8.75	0.14285714285714285	0.42857142857142855	0.0	0.0	0.0	0.0	0.0
0	1.0	0.0	40	0.1159420289855072	9.84	1	0.0	5.337078651685393	0.05263157894736842	0.47368421052631576	0.2808988764044944	0.0	0.0	0.0	0.0
1	0.0	0.0	7	0.1	13.59	0	0.4716981132075471	0.0	0.0	1.0	0.0	0.0	0.0	0.0	0.0
1	1.0	1.0	23	0.2091503267973856	12.0	0	0.0	0.03812428516965307	0.0	0.0	0.0	0.0	0.0	0.0	0.0
1	0.0	0.0	0	0.0	16.11	0	0.0	0.05461496450027308	0.0	0.0	0.0	0.0	0.0	0.0	0.0
1	0.5	1.0	2	0.0	14.0	0	0.0	0.046948356807511735	0.0	0.0	0.0	0.0	0.0	0.0	0.0
5	0.0	0.0	39	0.0	15.46	0	0.017898693395382137	0.0	0.0	0.0	0.0	0.0	0.0	0.0	0.019880715705765408
0	0.0	0.0	37	0.0	14.77	0	0.026702269692923896	0.0	0.0	0.0	0.0	0.0	0.0	0.026702269692923896	0.0
5	0.0	0.0	34	0.0	15.78	0	0.0	0.03779289493575208	0.0	0.5	0.0	0.0	0.0	0.0	0.0
1	0.0	0.0	0	0.0555555555555555	16.54	0	0.0	0.4151838671411625	0.0	0.0	0.0	0.0	0.0	0.0	0.0
1	0.5	0.0	34	0.0	11.0	0	0.0	0.03720238095238095	0.0	0.0	0.0	0.0	0.0	0.0	0.0
1	0.0	0.0	2	0.1176470588235294	16.31	0	0.14430014430014432	0.0	0.0	0.0	0.0	0.0	0.0	0.0	0.0
0	0.0	0.0	66	0.0	4.61	0	6.25	0.0	0.0	0.0	0.0	0.0	0.0	0.0	0.0
3	0.0	0.0	80	0.0	13.08	0	0.0	0.03303600925008259	0.0	0.0	0.0	0.0	0.0	0.0	0.0
1	0.0	0.0	2	0.037037037037037	9.5	0	0.07739938080495357	0.0	0.0	0.0	0.0	0.0	0.0	0.0	0.0
9	0.0	0.0	56	0.0037664783427495	15.67	0	0.0	0.008611039352449841	0.0	0.0	0.0	0.0	0.0	0.0	0.0
3	0.0	0.0	27	0.0	15.58	0	0.0	0.06134969325153374	0.0	0.0	0.0	0.0	0.0	0.0	0.03067484662576687
1	0.0	0.0	60	0.3333333333333333	9.43	0	0.9900990099009901	0.0	0.0	0.0	0.0	0.0	0.0	0.0	0.0
2	0.0	0.0	17	0.0	11.69	0	0.09107468123861566	0.0	0.0	0.0	0.0	0.0	0.0	0.0	0.0
4	0.0	1.0	21	0.0994764397905759	15.79	0	0.11402508551881414	0.0	0.0	0.0	0.0	0.0	0.0	0.0	0.0
0	0.0	0.0	16	0.0967741935483871	0.0	0	0.12453300124533002	0.0	0.0	0.0	0.0	0.0	0.0	0.0	0.0
7	0.0	0.0	20	0.0	6.58	0	0.21097046413502107	0.0	0.0	0.0	0.0	0.0	0.0	0.0	0.0
0	0.0	0.0	25	0.0	0.0	0	0.12820512820512822	0.0	0.0	0.0	0.0	0.0	0.0	0.0	0.0
0	1.0	0.0	23	0.0	0.0	0	0.0	0.32894736842105265	0.0	0.5	0.0	0.0	0.0	0.0	0.16447368421052633
3	0.0	0.0	38	0.1666666666666666	4.93	0	3.846153846153846	0.0	0.0	0.0	0.0	0.0	0.0	0.0	0.0
2	0.0	0.0	39	0.0588235294117647	5.36	0	0.5747126436781609	0.0	0.0	0.0	0.0	0.0	0.0	0.0	0.0
0	1.0	1.0	14	0.0	0.0	0	0.0	0.045187528242205156	0.0	0.0	0.0	0.0	0.0	0.0	0.0
0	0.0	0.0	25	0.0	15.2	0	0.0	0.03250975292587776	0.0	0.5	0.0	0.0	0.0	0.0	0.0
0	0.0	0.0	40	0.0	13.88	0	0.0	0.04814636494944632	0.0	0.0	0.0	0.0	0.0	0.0	0.0
3	0.0	0.0	29	0.0	25.66	0	0.3846153846153846	0.0	0.0	0.0	0.0	0.0	0.0	0.0	0.0
3	0.0	0.0	2	0.0157894736842105	16.72	0	0.0	0.03387533875338754	0.0	0.5	0.0	0.0	0.0	0.0	0.0
2	0.0	0.0	1	0.1162790697674418	16.2	0	0.03663003663003663	0.0	1.0	0.0	0.0	0.0	0.0	0.0	0.0
2	0.0	0.0	41	0.0408163265306122	13.87	0	0.039603960396039604	0.0	0.0	0.0	0.0	0.0	0.0	0.0	0.0
1	0.0	0.0	0	0.2222222222222222	17.25	0	0.0	0.39370078740157477	0.0	0.0	0.0	0.0	0.0	0.0	0.0
2	1.0	0.25	17	0.0	14.31	0	0.0	0.04557885141294439	0.0	0.0	0.0	0.0	0.0	0.0	0.0
6	0.0	0.0	39	0.0117647058823529	14.84	0	0.05763688760806916	0.0	0.0	2.5	0.0	0.0	0.0	0.0	0.0
3	0.0	0.0	56	0.0	7.11	0	0.10582010582010583	0.0	0.0	0.0	0.0	0.0	0.0	0.0	0.0
4	0.0	0.0	49	0.0	14.57	0	0.013892747985551542	0.0	0.0	0.0	0.0	0.0	0.0	0.027785495971103084	0.0
3	0.0	0.0	21	0.1875	7.63	0	0.33112582781456956	0.0	1.0	1.0	0.0	0.0	0.0	0.0	0.0
7	0.0	0.0	48	0.0	10.99	0	0.04957858205255329	0.0	0.0	0.0	0.0	0.0	0.0	0.0	0.04914004914004914
1	0.0	0.0	24	0.25	5.72	0	0.5154639175257733	0.0	0.0	0.0	0.0	0.0	0.0	0.0	0.0
2	0.0	0.0	10	0.0	19.72	0	0.1680672268907563	0.0	0.0	1.5	0.0	0.0	0.0	0.0	0.0
2	0.0	0.0	54	0.0	14.72	0	0.0	0.027601435274634285	0.0	0.0	0.0	0.0	0.0	0.0	0.0
1	0.0	0.0	16	0.0	9.5	0	0.15384615384615385	0.0	0.0	0.0	0.0	0.0	0.0	0.0	0.0
4	0.0	0.0	36	0.0	15.16	0	0.0	0.019409937888198756	0.0	0.0	0.0	0.0	0.0	0.0	0.0
2	0.0	0.0	19	0.027027027027027	16.13	0	0.01243781094527363	0.0	0.0	0.0	0.0	0.0	0.0	0.0	0.0
0	0.0	1.0	27	0.0	0.0	0	0.15698587127158556	0.0	0.0	0.5	0.0	0.0	0.0	0.07849293563579278	0.0
2	0.0	1.0	31	0.0	20.54	0	0.078003120124805	0.0	0.0	0.0	0.0	0.0	0.0	0.0390015600624025	0.0
2	0.0	0.0	28	0.0	16.1	0	0.0	0.028336639274582034	0.0	0.0	0.0	0.0	0.0	0.0	0.0
0	0.0	0.0	20	0.0	16.27	0	0.010713520462824084	0.0	0.0	0.0	0.0	0.0	0.0	0.0	0.0
2	0.0	0.0	2	0.0	16.24	0	0.0	0.062421972534332085	0.0	0.0	0.0	0.0	0.0	0.0	0.0
1	0.0	0.0	28	0.027027027027027	23.0	0	0.1006036217303823	0.0	0.0	0.0	0.0	0.0	0.0	0.0	0.0
0	0.5	1.0	0	0.0	50.11	0	0.019308746862328634	0.0	0.0	0.0	0.0	0.0	0.0	0.0	0.0
2	0.0	0.0	31	0.026431718061674	15.22	0	0.03277613897082923	0.0	0.0	0.0	0.0	0.0	0.0	0.0	0.0
4	0.0	0.0	15	0.0	16.33	0	0.0	0.015728216420257943	0.0	0.0	0.0	0.0	0.0	0.0	0.0
4	0.0	0.0	17	0.0	15.51	0	0.0	0.043687199650502405	0.0	0.0	0.0	0.0	0.0	0.0	0.043687199650502405
3	0.0	1.0	32	0.0	10.64	0	0.03067484662576687	0.0	0.0	0.0	0.0	0.0	0.0	0.03067484662576687	0.0
1	0.0	0.0	45	0.0	14.1	0	0.0	0.04221190375685943	0.0	0.0	0.0	0.0	0.0	0.013182177695755339	0.04221190375685943
5	0.0	0.0	46	0.0576923076923076	12.83	0	0.07846214201647705	0.0	0.0	0.0	0.0	0.0	0.0	0.03923107100823853	0.0
2	0.0	0.0	31	0.1851851851851851	18.93	0	0.0	0.09727626459143969	0.0	0.0	0.0	0.0	0.0	0.0	0.0
3	0.0	0.0	24	0.0	54.48	0	0.0	0.030959752321981428	0.0	0.0	0.0	0.0	0.0	0.0	0.015479876160990714
1	0.0	0.0	0	0.5081967213114754	16.41	0	0.0	0.046992481203007516	0.0	1.0	0.0	0.0	0.0	0.0	0.0
5	0.0	0.0	29	0.0	14.48	0	0.054288816503800214	0.0	0.0	0.5	0.0	0.0	0.0	0.0	0.0
0	0.0	0.0	1	0.0	16.28	0	0.0	0.02326663564448581	0.0	0.0	0.0	0.0	0.0	0.0	0.0
0	0.0	0.0	0	0.0	16.19	0	0.0	0.10570824524312895	0.0	0.0	0.0	0.0	0.0	0.0	0.0
1	0.5	0.5	43	0.0	19.6	1	1.9607843137254901	0.0	0.0	1.0	0.0	0.0	0.0	0.0	0.0
1	0.5	0.0	17	0.0	4.71	0	0.0	0.038314176245210725	0.0	0.0	0.0	0.0	0.0	0.0	0.0
4	0.0	0.0	22	0.0	16.11	0	0.018758206715438003	0.0	0.0	0.5	0.0	0.0	0.0	0.0	0.0
1	1.0	0.0	16	0.16	2.5	0	0.0	0.21008403361344538	0.0	0.0	0.0	0.0	0.0	0.0	0.0
5	0.0	0.0	22	0.1	15.97	0	0.0	0.10683760683760685	0.0	1.0	0.0	0.0	0.0	0.0	0.0
5	0.0	0.0	48	0.0	15.27	0	0.0	0.024563989191844757	0.0	0.0	0.0	0.0	0.0	0.008494733265375467	0.024563989191844757
0	0.0	0.0	14	0.0	0.0	0	0.0	0.05194805194805195	0.0	0.5	0.0	0.0	0.0	0.0	0.05194805194805195
2	0.0	0.0	16	0.0	15.52	0	0.04393673110720562	0.0	0.0	0.0	0.0	0.0	0.0	0.0	0.0
4	1.0	1.0	39	0.0	29.49	0	0.020242914979757085	0.0	0.0	0.0	0.0	0.0	0.0	0.0	0.010613457864572278
8	0.0	0.0	47	0.0	15.63	0	0.0	0.011085245538188671	0.0	0.5	0.0	0.0	0.0	0.013540961408259987	0.0
2	0.0	0.0	0	0.0	16.58	0	0.01144950767117014	0.0	0.0	0.0	0.0	0.0	0.0	0.0	0.0
3	0.0	0.0	39	0.0	10.64	0	0.37593984962406013	0.0	0.0	0.0	0.0	0.0	0.0	0.0	0.0
0	0.5	0.5	33	0.0797342192691029	37.32	0	0.0	0.03656307129798903	0.0	0.0	0.0	0.0	0.0	0.0	0.0
0	0.0	0.0	2	0.0780141843971631	16.07	0	0.0	0.025464731347084286	0.0	0.0	0.0	0.0	0.0	0.0	0.0
0	0.0	1.0	18	0.0	0.0	0	0.0	0.42016806722689076	0.0	0.0	0.0	0.0	0.0	0.0	0.0
1	0.0	0.0	0	0.0526315789473684	17.35	0	0.0	1.2658227848101264	0.0	0.0	0.0	0.0	0.0	0.0	0.0
2	0.0	0.0	16	0.0	15.83	0	0.0	0.01787629603146228	0.0	0.0	0.0	0.0	0.0	0.0	0.0
0	0.0	0.0	24	0.0	0.0	0	0.0	0.390625	0.0	0.0	0.0	0.0	0.0	0.0	0.390625
0	0.0	0.0	0	0.1304347826086956	16.71	0	0.0	0.12853470437017994	0.0	0.5	0.0	0.0	0.0	0.0	0.0
4	0.0	0.0	6	0.1894273127753304	16.08	0	0.04175365344467641	0.0	0.0	1.0	0.0	0.0	0.0	0.0	0.0
5	0.0	0.0	2	0.016	17.18	0	0.0	0.1208313194780087	0.0	0.8	0.0	0.0	0.0	0.0	0.0
0	1.0	0.0	6	0.4555555555555555	0.0	0	0.0	0.04868549172346641	0.0	1.0	0.0	0.0	0.0	0.0	0.0
1	0.0	0.0	43	0.0454545454545454	12.1	0	0.05701254275940707	0.0	0.0	0.0	0.0	0.0	0.0	0.05701254275940707	0.0
8	0.0	0.0	35	0.0	14.99	0	0.0	0.021720243266724587	0.0	0.0	0.0	0.0	0.0	0.0	0.0
3	0.0	0.0	35	0.0	13.58	0	0.0	0.034818941504178275	0.0	0.0	0.0	0.0	0.0	0.0	0.017409470752089137
0	0.0	0.0	25	0.0	0.0	0	0.3225806451612903	0.0	0.0	0.0	0.0	0.0	0.0	0.0	0.0
3	0.0	0.0	37	0.0246913580246913	10.78	0	0.09541984732824427	0.0	0.0	0.5	0.0	0.0	0.0	0.0	0.0
2	1.0	0.0	39	0.2857142857142857	27.67	0	0.024113817217265493	0.015346838551258441	0.0	0.0	0.0	0.0	0.0	0.0	0.0
1	0.0	1.0	34	0.175	2.0	0	0.05296610169491526	0.0	0.0	1.0	0.0	0.0	0.0	0.0	0.0
1	0.0	0.0	46	0.0666666666666666	9.5	0	0.20833333333333334	0.0	0.0	0.5	0.0	0.0	0.0	0.0	0.0
1	0.0	0.0	0	0.1	16.38	0	0.26595744680851063	0.0	0.0	0.5	0.0	0.0	0.0	0.0	0.0
2	0.0	0.0	14	0.0	16.38	0	0.02680965147453083	0.0	0.0	0.0	0.0	0.0	0.0	0.0	0.0
10	0.0	0.0	49	0.0109289617486338	13.9	0	0.0	0.03324468085106383	0.0	0.5	0.0	0.0	0.0	0.0	0.04986702127659575
0	0.0	0.0	44	0.055350553505535006	15.05	0	0.03320788133717069	0.0	0.0	0.0	0.0	0.0	0.0	0.0	0.0
0	0.0	0.0	1	0.3253012048192771	17.33	0	0.0	0.40322580645161293	0.0	2.0	0.0	0.0	0.0	0.0	0.0
0	0.0	0.0	24	0.0	0.0	0	0.0	0.03762227238525207	0.0	0.0	0.0	0.0	0.0	0.0	0.0
1	0.0	0.0	17	0.0	9.5	0	1.0416666666666667	0.0	0.0	0.0	0.0	0.0	0.0	0.0	0.0
1	0.0	0.0	53	0.0	5.51	0	0.0	0.2173913043478261	0.0	0.0	0.0	0.0	0.0	0.0	0.0
0	0.0	0.0	41	0.0	7.82	0	0.0	0.11574074074074073	0.0	0.0	0.0	0.0	0.0	0.0	0.0
1	0.0	0.0	38	0.0	5.64	0	0.0	0.25380710659898476	0.0	1.0	0.0	0.0	0.0	0.3205128205128205	0.0
1	0.0	0.0	0	0.4444444444444444	17.51	0	0.0	1.0869565217391304	0.0	0.0	0.0	0.0	0.0	0.0	0.0
6	0.0	0.0	7	0.0	15.94	0	0.07042253521126761	0.0	0.0	0.0	0.0	0.0	0.0	0.0	0.0
2	0.0	0.0	19	0.0	15.75	0	0.0	0.03679175864606328	0.0	0.0	0.0	0.0	0.0	0.0	0.0
2	1.0	0.5	24	0.0	8.32	1	3.3333333333333335	0.0	0.0	0.6	0.0	0.0	0.0	2.3333333333333335	0.0
2	0.0	0.0	0	0.0	17.26	0	0.13679890560875513	0.0	0.0	0.0	0.0	0.0	0.0	0.0	0.0
1	0.0	0.0	1	0.0	16.34	0	0.05151983513652756	0.0	0.0	0.0	0.0	0.0	0.0	0.0	0.0
1	0.0	1.0	0	0.0	10.0	0	0.0	1.1111111111111112	0.0	0.0	0.0	0.0	0.0	0.0	0.0
3	0.0	0.0	79	0.0	10.67	0	1.0416666666666667	0.0	0.0	0.0	0.0	0.0	0.0	0.0	0.0
0	0.0	0.0	8	0.2666666666666666	0.0	1	0.0	10.526315789473685	0.0	1.0	0.0	0.0	0.0	0.0	0.0
5	0.0	0.0	16	0.0	19.57	0	0.06402048655569782	0.0	0.0	0.0	0.0	0.0	0.0	0.0	0.0
1	0.0	0.0	0	0.0	16.33	0	0.0	0.2004008016032064	0.0	0.0	0.0	0.0	0.0	0.0	0.0
2	0.0	0.0	45	0.0	12.55	0	0.0	0.02416626389560174	0.0	0.0	0.0	0.0	0.0	0.0	0.0
2	0.0	0.0	31	0.0	14.47	0	0.0	0.14771048744460857	0.0	0.0	0.0	0.0	0.0	0.0	0.0
6	0.0	0.0	74	0.0	13.31	0	0.0	0.06114338122898196	0.0	0.0	0.0	0.0	0.0	0.0	0.0
1	0.0	0.0	42	0.021505376344086002	19.8	0	0.0	0.05583472920156337	0.0	0.5	0.0	0.0	0.0	0.0	0.027917364600781685
4	0.0	0.0	41	0.0	14.5	0	0.06056935190793458	0.0	0.0	0.0	0.0	0.0	0.0	0.0	0.029994001199760045
2	0.0	0.0	25	0.0	16.02	0	0.017280110592707794	0.0	0.0	0.0	0.0	0.0	0.0	0.0	0.0
2	0.0	0.0	48	0.04201680672268899	45.4	0	0.07352941176470588	0.0	0.0	0.0	0.0	0.0	0.0	0.0	0.0
1	0.0	0.0	0	0.0	17.14	0	0.0	0.2293577981651376	0.0	0.5	0.0	0.0	0.0	0.0	0.0
3	0.0	0.0	1	0.0	16.61	0	0.0	0.056753688989784334	0.0	0.0	0.0	0.0	0.0	0.0	0.0
1	0.0	0.0	74	0.0	5.4	0	0.31545741324921134	0.0	0.0	0.0	0.0	0.0	0.0	0.0	0.0
1	0.0	0.0	16	0.0625	8.96	0	0.3164556962025316	0.12919896640826872	0.0	0.0	0.0	0.0	0.0	0.0	0.0
2	0.0	0.0	79	0.0	4.67	0	0.0	0.4273504273504274	0.0	0.0	0.0	0.0	0.0	0.0	0.4273504273504274
2	0.0	0.0	0	0.0	16.82	0	0.186219739292365	0.0	0.0	0.0	0.0	0.0	0.0	0.0	0.0
3	0.0	1.0	1	0.1899441340782122	22.59	0	0.03990422984836393	0.0	0.0	0.0	0.0	0.0	0.0	0.0	0.0
2	0.0	0.0	12	0.0618556701030927	15.64	0	0.07616146230007616	0.0	0.0	1.5	0.0	0.0	0.0	0.03808073115003808	0.0
2	0.0	0.0	62	0.0	36.4	0	0.0	0.03522367030644593	0.0	0.0	0.0	0.0	0.0	0.0	0.0
1	0.5	0.0	36	0.0454545454545454	23.0	0	0.12468827930174564	0.0	0.0	0.0	0.0	0.0	0.0	0.0	0.0
1	0.0	0.0	0	0.0124610591900311	16.17	0	0.010004001600640256	0.0	0.0	0.0	0.0	0.0	0.0	0.0	0.0
3	0.0	0.0	48	0.0	13.4	0	0.03575259206292456	0.0	0.0	0.0	0.0	0.0	0.0	0.0	0.0
0	0.0	0.0	1	0.1578947368421052	18.5	0	0.0	1.0526315789473684	0.0	0.0	0.0	0.0	0.0	0.0	0.0
3	0.0	0.0	1	0.0714285714285714	16.66	0	0.0	0.19455252918287938	0.0	0.0	0.0	0.0	0.0	0.0	0.0
0	0.0	0.0	46	0.0132450331125827	13.77	0	0.027255382938130283	0.0	0.0	0.0	0.0	0.0	0.0	0.013627691469065142	0.0
4	0.0	0.0	1	0.0	16.32	0	0.01383317194632729	0.0	0.0	0.0	0.0	0.0	0.0	0.0	0.0
4	0.0	0.0	15	0.0966183574879227	16.42	0	0.024770869457517962	0.0	0.0	0.0	0.0	0.0	0.0	0.0	0.0
0	0.0	1.0	24	0.0	0.0	0	0.10660980810234541	0.0	0.0	0.0	0.0	0.0	0.0	0.10660980810234541	0.0
1	0.0	0.0	18	0.0	15.35	0	0.04987531172069825	0.0	0.0	0.5	0.0	0.0	0.0	0.0	0.0
1	0.0	0.0	41	0.0	5.06	0	0.0	0.5681818181818182	0.0	1.0	0.0	0.0	0.0	0.0	0.0
0	0.0	1.0	18	0.0192307692307692	0.0	1	0.0	0.057770075101097634	0.0	2.0	0.0	0.0	0.0	0.0	0.0
1	0.0	0.0	47	0.0	9.5	0	0.2525252525252525	0.0	0.0	0.16666666666666666	0.0	0.0	0.0	0.0	0.0
2	0.0	0.0	0	0.0	16.3	0	0.0	0.01625487646293888	0.0	0.0	0.0	0.0	0.0	0.0	0.0
6	0.0	0.0	41	0.0	15.22	0	0.0	0.0244140625	0.0	0.0	0.0	0.0	0.0	0.0	0.0
5	0.0	0.0	25	0.0340425531914893	16.26	0	0.0	0.028473804100227793	0.0	4.0	0.0	0.0	0.0	0.0	0.0
3	0.0	0.0	37	0.0	13.51	0	0.06180469715698393	0.0	0.0	0.0	0.0	0.0	0.0	0.0	0.0
2	0.0	0.0	32	0.0	15.53	0	0.0	0.022502250225022502	0.0	0.0	0.0	0.0	0.0	0.0	0.011251125112511251
0	1.0	0.0	25	0.0	0.0	1	50.0	0.0	0.0	1.0	0.0	0.0	0.0	25.0	0.0
1	0.0	0.0	0	0.056390977443609006	16.33	0	0.0	0.0160333493666827	0.0	2.0	0.0	0.0	0.0	0.0	0.0
0	0.0	0.0	35	0.2730923694779116	14.97	0	0.0	0.027434842249657063	0.0	0.0	0.0	0.0	0.0	0.0	0.013717421124828532
0	0.0	0.0	17	0.0	0.0	0	0.13440860215053763	0.0	0.0	1.0	0.0	0.0	0.0	0.13440860215053763	0.0
0	0.5	0.0	44	0.0	0.0	1	0.08624407072013798	0.8042895442359249	0.07142857142857142	0.9285714285714286	0.06702412868632708	0.0	1.0	0.08624407072013798	0.0
1	0.0	0.0	1	0.1176470588235294	16.75	0	0.0	0.1404494382022472	0.0	0.0	0.0	0.0	0.0	0.0	0.0
3	0.0	0.0	42	0.0	15.1	0	0.0	0.08453085376162299	0.0	0.0	0.0	0.0	0.0	0.020673971469919374	0.042265426880811495
1	0.0	0.0	0	0.0	16.66	0	0.0	0.10706638115631692	0.0	0.0	0.0	0.0	0.0	0.0	0.0
2	0.0	0.0	0	0.0588235294117647	14.7	0	0.0	0.28735632183908044	0.0	0.0	0.0	0.0	0.0	0.0	0.0
0	0.5	0.3333333333333333	16	0.0	0.0	0	0.12738853503184713	0.0	0.0	0.0	0.0	0.0	0.0	0.0	0.0
0	0.0	0.0	64	0.0	0.0	0	1.1627906976744187	0.0	0.0	0.0	0.0	0.0	0.0	0.0	0.0
0	0.0	0.0	39	0.0	0.0	0	0.0	0.5882352941176471	0.0	0.0	0.0	0.0	0.0	0.0	0.0
0	0.0	0.0	22	0.0	0.0	0	0.0	0.10845986984815617	0.0	0.0	0.0	0.0	0.0	0.0	0.10845986984815617
3	0.0	0.0	44	0.0	13.62	0	0.03912363067292645	0.0	0.0	0.0	0.0	0.0	0.0	0.0	0.01553277415346381
1	0.0	0.0	20	0.0	5.63	0	0.45454545454545453	0.0	0.0	0.0	0.0	0.0	0.0	0.0	0.0
0	0.0	0.0	41	0.0	0.0	0	0.0	0.42372881355932207	0.0	0.0	0.0	0.0	0.0	0.0	0.42372881355932207
3	0.0	0.0	25	0.0	15.16	0	0.040584415584415584	0.0	0.0	0.0	0.0	0.0	0.0	0.0	0.0
1	0.0	0.0	10	0.0	14.5	0	0.27027027027027023	0.0	0.0	2.0	0.0	0.0	0.0	0.0	0.0
2	0.0	0.0	0	0.0	16.03	0	0.0	0.022099447513812154	0.0	0.5	0.0	0.0	0.0	0.0	0.0
3	0.0	0.0	17	0.0	28.24	0	0.7633587786259541	0.0	0.0	0.0	0.0	0.0	0.0	0.0	0.0
1	0.0	0.0	1	0.0	13.2	0	0.13192612137203166	0.0	0.0	0.0	0.0	0.0	0.0	0.0	0.0
7	0.0	0.0	43	0.0073529411764705	15.25	0	0.0	0.02452783909737552	0.0	0.5	0.0	0.0	0.0	0.019312475859405175	0.01226391954868776
2	0.0	0.0	0	0.0	16.48	0	0.0	0.14492753623188406	0.0	0.0	0.0	0.0	0.0	0.0	0.0
0	0.0	0.0	47	0.0147058823529411	99.29	1	4.934210526315789	0.0	0.0	0.3333333333333333	0.0	0.0	0.0	0.0	0.0
0	0.0	0.0	54	0.125	4.91	0	0.4608294930875576	0.0	0.0	0.5	0.0	0.0	0.0	0.0	0.0
1	0.0	0.0	0	0.0	16.42	0	0.0	0.06476683937823835	0.0	1.0	0.0	0.0	0.0	0.0	0.0
2	0.0	0.0	34	0.0	13.95	0	0.0	0.03949447077409163	0.0	0.0	0.0	0.0	0.0	0.0	0.019747235387045814
9	0.0	0.0	29	0.0352941176470588	16.2	0	0.024137098720733767	0.0	0.0	10.0	0.0	0.0	0.0	0.0	0.0
1	0.0	0.0	25	0.1538461538461538	8.96	0	50.0	0.0	0.0	0.75	0.0	0.0	0.0	0.0	0.0
1	0.0	0.0	0	0.0	17.34	0	0.0	0.5882352941176471	0.0	0.0	0.0	0.0	0.0	0.0	0.0
2	0.0	0.0	15	0.0	8.18	0	0.0	0.3246753246753247	0.0	0.0	0.0	0.0	0.0	0.0	0.0
4	0.0	0.0	4	0.19607843137254896	16.14	0	0.03050640634533252	0.0	0.0	0.0	0.0	0.0	0.0	0.0	0.0
1	0.0	0.0	13	0.0	10.0	0	0.5434782608695652	0.0	0.0	0.5	0.0	0.0	0.0	0.0	0.0
0	1.0	0.0	34	0.0571428571428571	0.0	0	0.0	0.056369785794813984	0.0	0.0	0.0	0.0	0.0	0.0	0.0
0	0.0	0.5	20	0.0	10.41	1	0.36496350364963503	0.38880248833592534	0.05555555555555555	0.7777777777777778	0.0	0.04562043795620438	0.5	0.2737226277372263	0.0
1	0.0	0.0	35	0.0852713178294573	15.55	0	0.0211954217888936	0.0	0.0	0.0	0.0	0.0	0.0	0.0	0.0
1	1.0	1.0	15	0.0	3.3	0	0.038476337052712584	0.0	0.0	0.0	0.0	0.0	0.0	0.019238168526356292	0.0
2	0.0	0.0	26	0.0437158469945355	15.78	0	0.0	0.058343057176196034	0.0	0.0	0.0	0.0	0.0	0.0	0.0
6	0.0	0.0	36	0.0125786163522012	15.68	0	0.017885888034340908	0.0	0.0	0.5	0.0	0.0	0.0	0.0	0.0
0	1.0	1.0	29	0.1041666666666666	11.72	1	0.2766798418972332	0.6305170239596469	0.0	0.4166666666666667	0.0	0.0	0.0	0.0	0.0
2	0.0	0.0	46	0.0	10.54	0	0.0	0.7042253521126761	0.0	0.0	0.0	0.0	0.0	0.0	0.35211267605633806
2	1.0	0.0	47	0.0	2.16	0	0.0	0.13661202185792348	0.0	0.0	0.0	0.0	0.0	0.0	0.0
3	0.0	0.0	31	0.0	4.64	0	0.0	4.166666666666667	0.0	0.0	0.0	0.0	0.0	0.0	4.166666666666667
0	0.0	0.0	17	0.0	0.0	0	0.3205128205128205	0.0	0.0	0.0	0.0	0.0	0.0	0.0	0.0
1	0.0	0.0	0	0.0130718954248366	16.34	0	0.0	0.029904306220095697	0.0	0.0	0.0	0.0	0.0	0.0	0.0
3	0.0	0.0	2	0.0	16.68	0	0.0	0.10080645161290323	0.0	0.0	0.0	0.0	0.0	0.0	0.0
2	0.0	0.0	0	0.0176991150442477	16.73	0	0.0	0.02594033722438392	0.0	0.0	0.0	0.0	0.0	0.0	0.0
4	0.0	0.0	28	0.0	15.1	0	0.0	0.03589375448671931	0.0	0.5	0.0	0.0	0.0	0.0	0.0
3	0.0	0.0	5	0.1325301204819277	16.41	0	0.022271714922048998	0.0	0.0	0.0	0.0	0.0	0.0	0.0	0.0
1	0.0	0.0	0	0.0	17.39	0	0.0	1.1904761904761905	0.0	0.0	0.0	0.0	0.0	0.0	0.0
2	0.0	0.5	79	0.1052631578947368	12.35	0	0.0	0.2188183807439825	0.0	0.5	0.0	0.0	0.0	0.0	0.0
1	0.0	0.0	18	0.0	9.5	0	1.0416666666666667	0.0	0.0	0.0	0.0	0.0	0.0	0.0	0.0
1	0.0	0.0	69	0.0	4.76	0	3.3333333333333335	0.0	0.0	1.5	0.0	0.0	0.0	0.0	0.0
1	0.0	0.0	17	0.0	10.0	0	0.3731343283582089	0.0	0.0	0.0	0.0	0.0	0.0	0.0	0.0
1	0.0	0.0	0	0.0	16.99	0	0.0	11.538461538461538	0.0	0.0	0.0	0.0	0.0	0.0	0.0
4	0.0	0.0	15	0.0	11.82	0	0.06389776357827476	0.0	0.0	0.0	0.0	0.0	0.0	0.0	0.0
2	0.6666666666666666	0.0	3	0.0109890109890109	14.31	0	0.0	0.11194029850746269	0.0	0.0	0.0	0.0	0.0	0.0	0.0
1	0.0	0.0	0	0.0	13.0	0	0.0	0.3205128205128205	0.0	0.0	0.0	0.0	0.0	0.0	0.0
1	0.0	0.0	20	0.0	13.82	0	0.08628127696289906	0.0	0.0	0.0	0.0	0.0	0.0	0.04314063848144953	0.0
1	0.0	0.0	0	0.0	16.41	0	0.0	0.2040816326530612	0.0	0.0	0.0	0.0	0.0	0.0	0.0
3	0.0	0.0	7	0.0	15.5	0	0.0	0.08976660682226212	0.0	0.0	0.0	0.0	0.0	0.0	0.0
1	0.0	0.0	22	0.0	9.83	0	0.07886435331230283	0.0	0.0	2.0	0.0	0.0	0.0	0.0	0.0
1	0.0	0.0	10	0.0217391304347826	16.49	0	0.2347417840375587	0.0	0.0	1.1666666666666667	0.0	0.0	0.0	0.0	0.0
5	0.0	1.0	1	0.0	31.49	0	0.02627430373095113	0.0	0.0	0.5	0.0	0.0	0.0	0.0	0.0
2	0.0	0.0	31	0.0470588235294117	15.15	0	0.02735229759299781	0.0	0.0	0.0	0.0	0.0	0.0	0.013676148796498906	0.0
4	0.0	0.0	42	0.0	8.9	0	0.0	0.07183908045977011	0.0	0.0	0.0	0.0	0.0	0.0	0.0
0	1.0	1.0	20	0.0363636363636363	0.0	1	0.0	2.3316062176165806	0.0	0.6666666666666666	0.0	0.0	0.0	0.0	0.0
0	0.0	0.0	1	0.0	16.14	0	0.08547008547008547	0.0	0.0	0.0	0.0	0.0	0.0	0.0	0.0
2	0.0	0.0	38	0.0	14.82	0	0.04897159647404505	0.0	0.0	0.0	0.0	0.0	0.0	0.0	0.0
1	0.0	0.0	1	0.0909090909090909	13.5	0	0.0	0.26881720430107525	0.0	0.5	0.0	0.0	0.0	0.0	0.0
2	0.0	1.0	31	0.0512820512820512	10.26	1	0.7751937984496123	0.1277139208173691	0.0	0.5	0.0	0.0	0.0	0.12919896640826872	0.1277139208173691
2	0.0	0.5	25	0.0	8.99	0	0.0	0.025233409033560434	0.0	0.5	0.0	0.0	0.0	0.0	0.0
7	0.0	0.0	54	0.0	5.28	0	0.1923076923076923	0.0	0.0	0.0	0.0	0.0	0.0	0.0	0.0
4	0.0	0.0	56	0.0	12.41	0	0.2799552071668533	0.0	0.0	0.0	0.0	0.0	0.0	0.0	0.016886187098953058
0	1.0	0.0	13	0.0	0.0	0	0.0	0.9868421052631579	1.0	1.0	0.0	0.0	0.0	0.0	0.0
1	0.0	0.0	40	0.0	15.46	0	0.0	0.01902587519025875	0.0	0.0	0.0	0.0	0.0	0.0	0.009512937595129375
3	0.0	0.0	20	0.0	24.78	0	0.11210762331838565	0.0	0.0	0.5	0.0	0.0	0.0	0.0	0.0
6	0.0	0.0	44	0.0	15.12	0	0.0	0.018474043968224642	0.0	0.0	0.0	0.0	0.0	0.0	0.0
1	0.0	0.0	0	0.0	16.05	0	0.0	0.05333333333333334	0.0	0.0	0.0	0.0	0.0	0.0	0.0
1	0.0	0.0	27	0.0	18.0	0	0.0	0.2183406113537118	0.0	0.0	0.0	0.0	0.0	0.0	0.0
9	0.0	0.0	59	0.0	12.9	0	0.0	0.02765486725663717	0.0	0.0	0.0	0.0	0.0	0.011135857461024499	0.0
1	0.0	0.0	41	0.0	14.8	0	0.1394700139470014	0.0	0.0	0.5	0.0	0.0	0.0	0.1394700139470014	0.0
1	0.0	0.0	18	0.0	9.5	0	0.0508130081300813	0.0	0.0	0.5	0.0	0.0	0.0	0.0	0.0
5	0.3333333333333333	0.3333333333333333	46	0.0	28.61	0	0.0	0.05927682276229994	0.0	0.5	0.0	0.0	0.0	0.0	0.05927682276229994
2	0.0	0.0	40	0.0	15.53	0	0.019758940920766646	0.0	0.0	0.0	0.0	0.0	0.0	0.019758940920766646	0.0
1	0.0	0.0	62	0.0	9.5	0	2.2727272727272725	0.0	0.0	0.0	0.0	0.0	0.0	0.0	0.0
1	0.0	0.0	1	0.0	16.95	0	0.0	0.5747126436781609	0.0	0.0	0.0	0.0	0.0	0.0	0.0
4	0.0	0.0	42	0.0421686746987951	15.78	0	0.0	0.018846588767433094	0.0	0.0	0.0	0.0	0.0	0.0	0.0
0	0.0	0.0	18	0.0	0.0	0	0.0	0.12315270935960593	0.0	0.0	0.0	0.0	0.0	0.0	0.0
0	1.0	0.0	15	0.0	0.0	0	0.06369426751592357	0.0	0.0	0.0	0.0	0.0	0.0	0.0	0.0
3	0.0	0.0	32	0.0685714285714285	14.96	0	0.030193236714975848	0.0	0.0	0.0	0.0	0.0	0.0	0.0	0.0
1	0.0	0.0	0	0.0	17.4	0	0.0	1.4925373134328357	0.0	0.0	0.0	0.0	0.0	0.0	0.0
1	0.0	0.0	26	0.0	18.5	0	0.06119951040391677	0.0	0.0	0.0	0.0	0.0	0.0	0.0	0.0
6	0.0	0.0	2	0.0416666666666666	16.36	0	0.0	0.09225092250922509	0.0	0.5	0.0	0.0	0.0	0.0	0.0
1	0.0	0.0	0	0.0	17.02	0	0.0	0.37593984962406013	0.0	0.0	0.0	0.0	0.0	0.0	0.0
1	0.0	0.0	24	0.0	14.86	0	0.0	0.034818941504178275	0.0	0.5	0.0	0.0	0.0	0.0	0.017409470752089137
2	0.0	0.0	17	0.0	15.06	0	0.055248618784530384	0.0	0.0	0.0	0.0	0.0	0.0	0.0	0.0
1	0.0	0.0	0	0.0	16.25	0	0.0	0.018807598269700958	0.0	0.0	0.0	0.0	0.0	0.0	0.0
0	0.0	0.0	24	0.0	6.04	0	0.2840909090909091	0.0	0.0	1.0	0.0	0.0	0.0	0.0	0.0
1	0.0	0.0	0	0.0769230769230769	9.5	0	0.0	0.31446540880503143	0.0	0.0	0.0	0.0	0.0	0.0	0.0
5	0.0	0.0	38	0.0	15.84	0	0.015220700152207	0.0	0.0	0.0	0.0	0.0	0.0	0.0	0.0
3	0.0	0.0	42	0.0	15.08	0	0.0	0.018480872297172428	0.0	0.0	0.0	0.0	0.0	0.0	0.009240436148586214
1	0.0	0.0	15	0.0	9.5	0	0.22727272727272727	0.0	0.0	0.0	0.0	0.0	0.0	0.0	0.0
0	0.0	1.0	4	0.4571428571428571	0.0	0	0.0	0.23640661938534277	0.0	1.0	0.0	0.11312217194570136	0.0	0.0	0.0
3	0.0	0.0	14	0.0	16.12	0	0.0	0.02320185614849188	0.0	0.0	0.0	0.0	0.0	0.0	0.0
2	0.0	0.0	19	0.0	5.47	0	0.0	0.10080645161290323	0.0	0.0	0.0	0.0	0.0	0.0	0.0
0	0.0	0.0	31	0.0	0.0	0	0.0	0.1858736059479554	0.0	0.5	0.0	0.0	0.0	0.0	0.0929368029739777
3	0.0	0.0	30	0.0	16.26	0	0.011897679952409281	0.0	0.0	0.0	0.0	0.0	0.0	0.0	0.0
0	0.0	0.0	2	0.0903225806451612	16.35	0	0.0	0.01768033946251768	0.0	0.0	0.0	0.0	0.0	0.0	0.0
1	0.0	0.0	35	0.0	14.0	0	0.0	0.38167938931297707	0.0	0.0	0.0	0.0	0.0	0.0	0.38167938931297707
4	0.0	0.0	50	0.0	23.01	0	0.3546099290780142	0.0	0.0	0.0	0.0	0.0	0.0	0.0	0.0
4	0.0	0.0	40	0.168	13.66	0	0.0	0.06988120195667365	0.0	0.5	0.0	0.0	0.0	0.0	0.0
5	0.0	0.0	27	0.125	5.2	0	0.0	0.5952380952380952	0.0	0.5	0.0	0.0	0.0	0.0	0.0
2	0.0	0.0	46	0.0	10.27	0	0.0	0.051733057423693746	0.0	0.25	0.0	0.0	0.0	0.0	0.012933264355923436
3	0.0	0.0	16	0.0	12.95	0	0.12195121951219513	0.0	0.0	0.0	0.0	0.0	0.0	0.0	0.0
0	0.0	0.0	0	0.0	16.16	0	0.3067484662576687	0.0	0.0	0.0	0.0	0.0	0.0	0.0	0.0
2	0.0	1.0	14	0.0273972602739726	33.8	0	0.0	0.08103727714748785	0.0	0.0	0.0	0.0	0.0	0.0	0.0
0	0.0	1.0	20	0.1066666666666666	0.0	0	0.19968051118210864	0.0	0.0	0.2	0.0	0.0	0.0	0.039936102236421724	0.0
0	0.0	0.0	39	0.0	0.0	0	0.22831050228310504	0.0	0.0	0.0	0.0	0.0	0.0	0.0	0.0
2	0.0	0.0	17	0.3383458646616541	14.73	0	0.0	0.2040816326530612	0.0	0.5	0.0	0.0	0.0	0.0	0.0
5	0.0	0.0	34	0.0	15.34	0	0.023815194093831864	0.0	0.0	0.0	0.0	0.0	0.0	0.0	0.0
1	0.0	0.0	48	0.0	11.1	0	0.0	0.05564830272676684	0.0	0.5	0.0	0.0	0.0	0.0434593654932638	0.0
3	0.0	0.0	1	0.0	16.1	0	0.0	0.02127659574468085	0.0	0.0	0.0	0.0	0.0	0.0	0.0
4	1.0	0.0	16	0.0709219858156028	21.62	0	0.020395676116663267	0.0	0.0	0.5	0.0	0.0	0.0	0.0	0.0
1	0.0	0.0	30	0.0	5.0	0	0.8928571428571428	0.0	0.0	0.0	0.0	0.0	0.0	0.0	0.0
0	0.0	0.0	15	0.1475409836065573	35.16	0	0.0	0.09775171065493646	0.0	0.0	0.0	0.0	0.0	0.0	0.0
1	0.0	0.0	2	0.0	12.0	0	0.12578616352201258	0.0	0.0	0.0	0.0	0.0	0.0	0.0	0.0
3	0.0	0.0	0	0.0	16.5	0	0.0	0.04803073967339097	0.0	0.0	0.0	0.0	0.0	0.0	0.0
0	0.0	0.0	17	0.2	13.38	0	0.0	0.29325513196480935	0.0	0.0	0.0	0.0	0.0	0.0	0.0
2	0.0	0.0	17	0.0454545454545454	15.35	0	0.0	0.037835792659856225	0.0	0.0	0.0	0.0	0.0	0.0	0.037835792659856225
3	0.0	0.0	2	0.0	16.93	0	0.0	0.9090909090909091	0.0	0.0	0.0	0.0	0.0	0.0	0.0
1	0.0	0.0	0	0.0	18.63	0	0.11135857461024498	0.0	0.0	3.0	0.0	0.0	0.0	0.0	0.0
1	0.0	0.0	64	0.0	4.84	0	0.5617977528089888	0.0	0.0	0.0	0.0	0.0	0.0	0.0	0.0
5	0.0	0.0	17	0.0228136882129277	15.91	0	0.022614201718679332	0.0	0.0	0.5	0.0	0.0	0.0	0.0	0.0
2	0.0	0.0	1	0.0	16.92	0	0.0	0.2347417840375587	0.0	0.0	0.0	0.0	0.0	0.0	0.0
2	0.0	0.0	30	0.0	7.69	0	0.14720314033366047	0.0	0.0	0.0	0.0	0.0	0.0	0.0	0.0
2	0.0	0.0	4	0.0	16.02	0	0.0	0.23923444976076558	0.0	0.5	0.0	0.0	0.0	0.0	0.0
2	0.0	0.0	31	0.0	12.42	0	0.05230125523012552	0.0	0.0	0.0	0.0	0.0	0.0	0.0	0.0
1	0.0	0.0	0	0.0	16.9	0	0.0	0.2577319587628866	0.0	0.0	0.0	0.0	0.0	0.0	0.0
1	0.0	0.0	51	0.0	13.36	0	0.038789759503491075	0.0	0.0	1.0	0.0	0.0	0.0	0.0	0.039473684210526314
0	0.0	0.0	39	0.0	0.0	1	1.3793103448275863	0.0	0.0	0.8125	0.0	0.0	0.0	0.0	0.0
1	0.0	0.0	0	0.0	16.31	0	0.014744913005013271	0.0	0.0	0.0	0.0	0.0	0.0	0.0	0.0
2	0.5	0.0	36	0.0	10.34	1	0.3256621797655232	0.9174311926605504	0.0	0.6666666666666666	0.0	0.0	0.0	0.17368649587494572	0.0
2	0.0	0.0	43	0.0	7.06	0	0.0	0.1152073732718894	0.0	0.0	0.0	0.0	0.0	0.0	0.0
0	0.0	0.0	30	0.0	0.0	0	0.0	0.39370078740157477	0.0	0.0	0.0	0.0	0.0	0.0	0.39370078740157477
1	0.0	0.0	24	0.0	14.65	0	0.044228217602830605	0.0	0.0	0.0	0.0	0.0	0.0	0.0	0.0
0	1.0	0.0	29	0.0	0.0	0	0.0	0.19607843137254904	0.0	0.0	0.0	0.0	0.0	0.0	0.09803921568627452
1	0.0	0.0	58	0.0	7.57	0	0.0	0.10080645161290323	0.0	0.0	0.0	0.0	0.0	0.0	0.0
0	1.0	1.0	44	0.0363636363636363	0.0	0	0.07407407407407407	0.0	0.0	1.0	0.0	0.0	0.0	0.0	0.0
1	0.0	0.0	2	0.5147058823529411	16.63	0	0.0	0.027472527472527472	0.0	2.0	0.0	0.0	0.0	0.0	0.0
0	1.0	0.0	24	0.0	0.0	0	0.0	0.25510204081632654	0.0	0.0	0.0	0.0	0.0	0.0	0.0
1	0.0	0.0	22	0.0	5.5	0	0.0	0.09425070688030161	0.0	0.0	0.0	0.0	0.0	0.0	0.0
2	0.5	0.5	2	0.0	17.8	0	0.02115506663845991	0.02459419576979833	0.0	0.0	0.0	0.0	0.0	0.0	0.0
4	0.0	0.0	28	0.0662650602409638	15.23	0	0.13192612137203166	0.0	0.0	1.0	0.0	0.0	0.0	0.0	0.0
4	0.0	0.0	43	0.0327868852459016	6.03	0	0.2232142857142857	0.0	0.0	0.0	0.0	0.0	0.0	0.0	0.0
2	0.0	0.0	34	0.0073260073260073	15.51	0	0.021312872975277068	0.0	0.0	0.0	0.0	0.0	0.0	0.010656436487638534	0.0
1	0.0	0.0	16	0.0408163265306122	9.5	0	0.11743981209630064	0.0	0.0	0.0	0.0	0.0	0.0	0.0	0.0
1	0.0	0.0	0	0.0	16.66	0	0.0	0.2894356005788712	0.0	0.25	0.0	0.0	0.0	0.0	0.0
3	0.0	0.0	35	0.0	13.5	0	0.0	0.1336898395721925	0.0	0.0	0.0	0.0	0.0	0.0	0.0
1	0.0	0.0	0	0.3121387283236994	17.61	0	0.0	0.1035732780942517	0.0	3.5	0.0	0.0	0.0	0.0	0.0
1	0.0	0.0	0	0.0	12.71	0	0.0	3.846153846153846	0.0	0.0	0.0	0.0	0.0	0.0	0.0
1	0.0	0.0	18	0.0	15.55	0	0.03909304143862393	0.0	0.0	0.0	0.0	0.0	0.0	0.0	0.0
1	0.5	1.0	46	0.0	8.96	0	0.25252525252525254	0.0	0.0	0.25	0.0	0.0	0.0	0.1893939393939394	0.0
0	0.0	1.0	18	0.0	0.0	0	0.0	0.04280821917808219	0.0	0.0	0.0	0.0	0.0	0.0	0.0
1	0.0	0.0	52	0.0	5.75	0	0.4225352112676057	0.0	0.0	0.0	0.0	0.0	0.0	0.0	0.0
5	0.0	0.0	43	0.0	14.57	0	0.03127932436659368	0.0	0.0	0.0	0.0	0.0	0.0	0.0	0.011842728564661299
4	0.0	0.0	0	0.0206185567010309	16.42	0	0.015424957581366652	0.0	0.0	0.0	0.0	0.0	0.0	0.0	0.0
4	0.0	0.0	35	0.0232558139534883	15.22	0	0.0	0.03863987635239567	0.0	0.0	0.0	0.0	0.0	0.0	0.07727975270479134
3	0.0	0.0	18	0.0	15.51	0	0.04627487274409996	0.0	0.0	0.0	0.0	0.0	0.0	0.0	0.0
0	1.0	0.0	17	0.0	0.0	0	0.0	0.0708215297450425	0.0	0.0	0.0	0.0	0.0	0.0	0.0
4	0.0	0.0	41	0.0	15.7	0	0.0	0.018709073900841908	0.0	0.0	0.0	0.0	0.0	0.0	0.0
1	0.0	0.0	0	0.1666666666666666	14.98	0	0.0	1.7543859649122808	0.0	0.0	0.0	0.0	0.0	0.0	0.0
0	0.0	0.0	21	0.0	0.0	0	0.3597122302158274	0.0	0.0	0.0	0.0	0.0	0.0	0.0	0.0
3	0.0	0.0	5	0.0	15.38	0	0.0	0.19157088122605365	0.0	0.0	0.0	0.0	0.0	0.0	0.19157088122605365
1	0.0	0.0	29	0.3	0.5	0	0.4347826086956522	0.0	0.0	0.0	0.0	0.0	0.0	0.0	0.0
3	0.0	0.0	54	0.0	7.17	0	0.0	0.054945054945054944	0.0	1.0	0.0	0.0	0.0	0.0	0.054945054945054944
1	0.0	0.0	2	0.1242937853107344	17.05	0	0.0	0.0931098696461825	0.0	0.0	0.0	0.0	0.0	0.0	0.0
0	0.0	0.0	29	0.0	15.25	0	0.033852403520649964	0.0	0.0	0.5	0.0	0.0	0.0	0.033852403520649964	0.0
3	0.0	0.0	46	0.0	11.11	0	0.02487562189054726	0.0	0.0	1.0	0.0	0.0	0.0	0.0	0.050226017076845805
0	0.0	0.0	52	0.0	32.35	0	0.1288659793814433	0.0	0.0	0.0	0.0	0.0	0.0	0.0	0.0
1	0.0	0.0	0	0.0	16.66	0	0.0	0.08210180623973727	0.0	0.0	0.0	0.0	0.0	0.0	0.0
1	0.0	0.0	21	0.0	12.87	0	0.199203187250996	0.0	0.0	0.2	0.0	0.0	0.0	0.0	0.0
3	0.0	0.0	51	0.0	15.94	0	0.0	0.019996000799840034	0.0	0.0	0.0	0.0	0.0	0.0	0.009998000399920017
1	0.0	0.0	44	0.0	9.14	0	0.033444816053511704	0.0	0.0	0.0	0.0	0.0	0.0	0.0	0.0
0	1.0	0.0	35	0.0	0.0	1	20.0	0.0	0.0	0.875	0.0	0.0	0.0	0.0	0.0
1	0.0	0.0	15	0.0	9.5	0	0.2304147465437788	0.0	0.0	0.0	0.0	0.0	0.0	0.0	0.0
6	0.0	0.0	57	0.0	9.42	0	0.0	0.02262443438914027	0.0	1.0	0.0	0.0	0.0	0.0	0.0
1	0.0	0.0	18	0.0	1.41	0	0.0	0.26666666666666666	0.0	0.0	0.0	0.0	0.0	0.0	0.0
5	0.0	0.0	49	0.0	4.94	0	0.0	0.44052863436123346	0.0	0.0	0.0	0.0	0.0	0.0	0.0
1	0.0	0.0	0	0.2222222222222222	16.72	0	0.0	0.8547008547008548	0.0	0.0	0.0	0.0	0.0	0.0	0.0
0	0.0	0.0	11	0.0	0.0	0	0.0	0.3215434083601286	0.0	1.0	0.0	0.0	0.0	0.0	0.3215434083601286
2	0.0	0.0	36	0.0	10.44	0	0.0	0.09881422924901187	0.0	0.0	0.0	0.0	0.0	0.0	0.0
2	0.0	0.0	18	0.0	16.22	0	0.0	0.0413564929693962	0.0	0.0	0.0	0.0	0.0	0.0	0.0
13	0.0	0.0	5	0.3067484662576687	17.24	0	0.0	0.022084805653710248	0.0	4.0	0.0	0.0	0.0	0.0	0.0
1	0.0	0.0	37	0.0	9.11	0	0.09233610341643582	0.0	0.0	0.0	0.0	0.0	0.0	0.0	0.0
5	0.0	0.0	0	0.0	16.08	0	0.0	0.020234722784297856	0.0	0.0	0.0	0.0	0.0	0.0	0.0
4	0.0	0.0	39	0.0	15.61	0	0.00904977375565611	0.0	0.0	0.0	0.0	0.0	0.0	0.01809954751131222	0.0
5	0.0	0.0	45	0.0216606498194945	15.34	0	0.0	0.026434047052603753	0.0	4.0	0.0	0.0	0.0	0.0	0.013217023526301877
1	0.0	0.0	79	0.0	9.4	0	5.555555555555555	0.0	0.0	0.0	0.0	0.0	0.0	0.0	0.0
2	0.0	0.0	41	0.0	11.81	0	0.045289855072463775	0.0	0.0	0.5	0.0	0.0	0.0	0.022644927536231887	0.0
3	0.0	0.0	27	0.0	15.27	0	0.03442340791738382	0.0	0.0	0.0	0.0	0.0	0.0	0.0	0.0
1	0.0	0.0	0	0.0	9.5	0	0.0	0.12254901960784313	0.0	0.0	0.0	0.0	0.0	0.0	0.0
3	0.0	0.0	43	0.0147058823529411	14.87	0	0.026288117770767613	0.0	0.0	0.0	0.0	0.0	0.0	0.0	0.02386634844868735
6	0.0	0.0	1	0.0	16.41	0	0.0	0.031658927817644573	0.0	0.0	0.0	0.0	0.0	0.0	0.0
0	0.0	1.0	13	0.3043478260869565	0.0	0	0.0	0.3115264797507788	0.0	1.0	0.0	0.0	0.0	0.0	0.3115264797507788
0	0.0	0.0	21	0.0	0.0	0	0.0	0.45454545454545453	0.0	0.0	0.0	0.0	0.0	0.0	0.0
1	0.0	0.0	2	0.0216216216216216	16.21	0	0.029673590504451036	0.0	0.0	0.0	0.0	0.0	0.0	0.0	0.0
1	0.0	0.0	13	0.0	17.5	0	0.12836970474967907	0.0	0.0	1.0	0.0	0.0	0.0	0.0	0.0
1	0.0	0.0	30	0.0	6.54	0	0.08561643835616438	0.0	0.0	0.0	0.0	0.0	0.0	0.0	0.0
1	0.0	0.0	15	0.0	9.44	0	0.7142857142857143	0.0	0.0	0.5	0.0	0.0	0.0	0.0	0.0
1	0.0	0.0	57	0.0	4.73	0	2.6315789473684212	0.0	0.0	0.0	0.0	0.0	0.0	0.0	0.0
4	0.0	0.0	0	0.0	16.52	0	0.0	0.011193194537721066	0.0	0.0	0.0	0.0	0.0	0.0	0.0
0	0.0	0.0	20	0.1533742331288343	15.55	0	0.0	0.04194630872483222	0.0	0.0	0.0	0.0	0.0	0.0	0.0
3	0.0	0.0	33	0.0	13.55	0	0.0	0.0827129859387924	0.0	0.0	0.0	0.0	0.0	0.0	0.0413564929693962
